0.944444444444445     24905.743188746008      55
0.9433333333333338     24628.551150715673      55
0.9411111111111115     22993.17388791811      53
0.9366666666666669     22622.203617507694      53
0.9411111111111115     23525.076626787242      54
0.9111111111111113     22902.870129252944      53
0.9411111111111115     24275.558020208522      55
0.9433333333333336     24286.726645487106      55
0.8700000000000001     25099.59377179312      53
0.9455555555555559     25402.76620353447      56
0.9422222222222226     27787.15330407384      55
