0.9277777777777783     22759.52696443775      55
0.9222222222222225     21094.80261148142      53
0.936666666666667     24074.355379154542      55
0.9111111111111113     22198.156976876497      53
0.9266666666666671     22001.06753380499      54
0.9233333333333337     21839.97845880609      54
0.9300000000000004     22805.840583349458      54
0.9288888888888892     22806.694028178725      54
0.926666666666667     23096.509697026384      54
0.9311111111111114     23133.103180276154      55
0.9300000000000004     23562.384519031686      55
0.8977777777777778     23730.99037137996      51
0.9388888888888893     24650.748204647065      56
0.9344444444444449     23817.142115709816      55
0.9333333333333337     23720.428274338316      54
0.9333333333333337     23870.032740156003      55
0.9377777777777782     24793.720453864837      56
0.9388888888888893     25577.27919682122      57
0.9411111111111117     27377.376059591767      59
0.9433333333333337     40024.1243577562      70
