0.9144444444444447     18626.567885297387      50
0.9244444444444447     20327.206164061514      51
0.9288888888888892     21030.948674105624      52
0.9188888888888892     19258.78736900173      51
0.9188888888888893     19312.91550612241      51
0.9322222222222226     21683.520486526453      53
0.9277777777777781     20970.16495624885      52
0.9277777777777781     21028.35178657083      52
0.9344444444444447     22433.4674872152      54
0.9233333333333338     19954.748010060244      52
0.9255555555555559     20693.45258463666      53
0.9344444444444449     40549.778884980515      71
0.9411111111111117     43494.13786819687      73
0.9366666666666672     43182.181643590375      73
0.9344444444444449     41992.05268804012      72
