0.5955555555555553     8350.493363244068      37
0.6155555555555555     8338.649830605807      37
0.612222222222222     7508.945735187148      35
0.6088888888888887     8371.393132135488      36
0.6355555555555554     8342.676448564747      35
0.6966666666666669     10803.030106916676      40
0.6255555555555555     7961.3556789117665      35
0.6388888888888887     8478.562504813519      36
0.638888888888889     8767.654406221682      36
0.6155555555555552     7447.950381529446      35
0.6622222222222224     8916.94744151553      37
0.6022222222222218     7827.951310398866      34
0.6033333333333332     8163.149140859884      34
0.6088888888888887     7505.610884746441      35
0.6355555555555552     9022.202803136444      37
0.6877777777777777     11005.735648292923      40
0.6844444444444445     10818.327157084133      40
0.5999999999999996     7801.133083580382      35
0.6877777777777778     10725.95592681527      39
0.6044444444444442     8503.065216403711      36
0.6699999999999997     9171.503677707322      38
0.663333333333333     10008.39455856579      39
0.6866666666666668     10519.64201530782      38
0.6777777777777777     10036.695074402352      38
0.6166666666666666     7571.8450029902015      35
0.6611111111111111     8235.603780166422      36
0.6011111111111106     7331.3167615693355      34
0.6833333333333331     10107.407054758347      40
0.6477777777777777     8803.908267954159      37
0.651111111111111     9004.283638799898      36
0.6255555555555554     8071.7240475004355      34
0.6399999999999998     8619.048513035765      36
0.6688888888888893     10458.463096837799      40
0.6188888888888888     8287.007064645299      35
0.5955555555555553     7436.384718898228      34
0.6566666666666665     9262.773635026784      37
0.6722222222222222     9676.683713913173      39
0.6844444444444443     10511.163616186499      39
0.6622222222222222     8447.747087097494      36
0.6122222222222221     8342.70586966421      34
0.6266666666666664     8536.471560109145      36
0.6900000000000001     11061.789356705003      42
0.6555555555555557     11925.098734087102      40
0.6277777777777779     8408.920644893218      34
0.6666666666666667     9067.704451195166      37
0.6988888888888891     11377.563338186772      40
0.6955555555555555     11371.664220888151      41
0.6944444444444444     11075.697225653428      42
0.6777777777777775     11525.50001325183      41
0.6655555555555558     9477.284331748328      38
