0.6577777777777776     9196.394832164118      36
0.6266666666666667     7826.289412807911      34
0.6766666666666666     9467.250726882803      39
0.6644444444444444     8668.965791709037      37
0.5833333333333335     6356.442954360433      33
0.6677777777777779     9485.564167935732      39
0.7044444444444444     11800.10106296622      41
0.6466666666666661     8684.039433793032      37
0.6988888888888891     9777.725834504567      39
0.722222222222222     13074.658159698742      44
0.638888888888889     8020.088735548706      34
0.681111111111111     10083.249545573835      40
0.6255555555555554     7883.06196223181      34
0.6966666666666667     10879.069020953264      41
0.6800000000000002     9656.350490100538      39
0.5611111111111111     6319.0308035199605      33
0.6433333333333332     8377.40273119399      37
0.5655555555555556     6578.382960182121      34
0.658888888888889     9635.29563944605      39
0.6922222222222222     10924.388209458384      40
0.6911111111111109     11921.651837380721      42
0.582222222222222     6818.95198603054      32
0.6855555555555558     11481.294747060469      43
0.6099999999999999     7802.471795888425      36
0.6855555555555557     11539.164353197755      41
0.6066666666666665     7156.764328651526      34
0.6533333333333334     8886.075341976397      36
0.7133333333333334     12387.825179469259      42
0.6922222222222224     12149.58374096364      43
0.5966666666666666     7942.440720583816      35
0.7155555555555555     13458.563948295372      45
0.6166666666666666     8007.952659796997      36
0.6877777777777776     12298.517534860699      43
0.6477777777777777     9631.382988584155      37
0.6422222222222221     8329.55274218867      35
0.6088888888888888     8655.745951951569      36
0.696666666666667     12440.717935313709      43
0.59     7010.472833127492      34
0.6955555555555555     12926.705115674426      44
0.6766666666666666     10090.726864647006      40
0.6577777777777778     9022.080277558272      38
0.6833333333333333     11451.10212867351      41
0.668888888888889     10432.177525105011      41
