0.8977777777777781     21781.45044018327      61
0.8722222222222225     18772.342224963384      57
0.8888888888888892     20226.397538341804      59
0.8900000000000002     20285.61442332385      59
0.8855555555555558     20212.717322066386      59
0.8900000000000003     20390.520464005196      59
0.8833333333333335     19538.15762921798      58
0.8822222222222224     19597.78233901334      58
0.8744444444444446     19437.097156671356      58
0.8844444444444446     20271.936888816028      59
0.8922222222222225     20968.15857255387      60
0.8922222222222226     21074.479774948304      60
0.8800000000000002     19449.833152590065      58
0.8911111111111114     20909.346830617535      60
0.8955555555555559     21089.10152981283      60
