0.877777777777778     16419.306346248315      53
0.8866666666666669     17609.582016214958      55
0.8844444444444447     17584.475784017544      55
0.8833333333333334     16996.759136079025      54
0.8811111111111112     16971.977421380416      54
0.8788888888888893     16999.33489997848      54
0.8722222222222222     16356.675389892564      53
0.8666666666666668     15799.126390276488      52
0.8877777777777779     17634.795736089614      55
0.8700000000000003     16394.905329917732      53
0.8911111111111113     18256.024137549673      56
0.8755555555555559     16395.15043901309      53
