0.3288888888888886     32806.176526167124      75
0.32222222222222197     32459.50974550193      75
0.33999999999999975     32821.47176271947      75
0.32666666666666655     32936.40824520731      75
0.30888888888888866     32171.72165014006      74
0.321111111111111     32459.84318001378      75
0.32111111111111085     32428.063376603488      75
0.2777777777777775     32586.150712623774      75
0.302222222222222     32593.691512786798      75
0.31999999999999973     32720.336111903824      75
0.31444444444444414     32948.2982499371      75
0.2866666666666665     32727.4376109122      75
0.29111111111111104     32882.55470275934      75
0.2755555555555553     32237.330324368984      74
0.2688888888888886     33021.55859238886      75
0.2644444444444442     33190.9825029631      75
