0.32333333333333314     30879.85984268977      73
0.35999999999999965     32657.23907814493      75
0.33888888888888863     32193.428823879665      75
0.2777777777777775     32334.672569679835      75
0.33222222222222203     32745.01480891003      75
0.32999999999999985     32359.96142565747      75
0.3055555555555554     32806.48489502944      75
0.3444444444444442     32819.13482079441      75
0.29444444444444423     32372.72386686272      75
0.27999999999999975     32837.222934437435      75
0.32999999999999974     33004.14691844647      75
0.26888888888888873     33404.25123897568      75
