0.13777777777777772     3147.0496910262937      25
0.1466666666666666     5061.935804517253      32
0.1433333333333333     3811.038406219483      28
0.14999999999999997     5589.392291920763      33
0.10222222222222219     1980.9671714238893      21
0.1366666666666666     2894.9804400357816      24
0.1466666666666666     5075.8481190791235      32
0.1455555555555555     5435.136164952833      31
0.1466666666666666     5306.613361794143      33
0.1466666666666666     5471.214359430846      34
0.1455555555555555     5575.265022673607      31
0.1266666666666666     2925.7195181233465      25
0.1455555555555555     4891.42730814115      32
0.11777777777777772     2383.7218482156345      22
0.12333333333333327     2930.6020950899765      25
0.14333333333333328     4443.476652974689      27
0.13777777777777772     3374.5259986460505      26
0.13333333333333325     3162.7025185640277      26
0.1466666666666666     5615.601849359175      34
0.10222222222222219     2156.786421151978      22
0.14444444444444438     3890.5035373057185      28
0.1288888888888888     3033.795912629787      25
0.08666666666666664     2397.998501680347      22
0.1366666666666666     3340.8830424888138      26
0.14333333333333328     5198.715353096765      30
0.1455555555555555     4927.69854186983      32
0.15111111111111106     6084.182184215982      35
0.14333333333333328     4712.533243400178      31
0.14333333333333328     5336.937977360976      31
0.14888888888888885     6546.920057694519      35
0.1433333333333333     5589.346868800072      34
0.14444444444444438     6577.536449420689      33
0.14333333333333328     6932.360087349245      36
0.1388888888888888     3568.3651724514675      27
0.11777777777777772     2613.868523149346      23
0.13333333333333328     3316.730013377196      25
