0.9555555555555558     18041.682887886247      47
0.9622222222222226     18959.325831898994      48
0.9644444444444448     19079.401888894816      48
0.9700000000000005     19976.045199676813      49
0.9644444444444448     19776.694539035034      49
0.9766666666666671     21046.9142511843      50
0.9655555555555559     19829.17522514192      49
0.9722222222222227     20088.786402987218      49
0.9733333333333338     20851.45649630728      50
0.9633333333333336     19032.38575454181      48
0.9633333333333338     19702.198712522284      49
0.9777777777777783     21821.04519770738      51
0.956666666666667     18773.09491530654      48
