0.9833333333333341     20042.154319141984      49
0.9766666666666672     18035.19146985518      47
0.9811111111111118     18967.41374942354      48
0.974444444444445     16994.429222856277      46
0.9755555555555562     17755.387533570327      47
0.9733333333333339     17825.858308836294      47
0.9822222222222229     19238.664150382792      48
0.9700000000000005     16813.617398872844      46
0.9688888888888894     16068.924483129837      45
0.9800000000000006     18179.12873322971      47
0.9777777777777784     18811.354933134564      48
