0.9311111111111117     22126.59377131773      55
0.9244444444444448     21776.205266098204      55
0.9300000000000003     23656.192071114318      57
0.9088888888888892     19155.436671683252      51
0.917777777777778     20614.77985264035      53
0.9233333333333336     21360.25815817556      54
0.897777777777778     19705.962498979734      52
0.9277777777777781     22285.327958616163      55
0.9144444444444447     19877.577170664976      52
0.91     20623.454873422368      53
0.9311111111111117     24196.574343507233      58
0.9233333333333336     22593.400124781117      56
0.897777777777778     20293.783180649934      53
0.917777777777778     21215.982991262932      54
0.9188888888888893     21997.897074791148      55
