0.6791666666666665     578.5083896902302      13
0.6833333333333331     597.8195305046352      13
0.6833333333333331     600.9100783742213      13
0.708333333333333     1025.076000535587      17
0.708333333333333     1040.0350017934168      17
0.6916666666666664     700.1400207571635      14
0.6874999999999998     693.3511405084005      14
0.7041666666666665     893.1998504294297      16
0.6708333333333331     517.5047776572975      12
0.6791666666666665     656.7318845332003      14
0.7124999999999997     1516.447570473029      21
0.45416666666666694     312.2393873187247      10
0.6708333333333331     595.037250578873      13
0.708333333333333     1125.8472652670166      18
0.6666666666666664     362.0906905950428      10
0.7041666666666665     1115.86678174354      18
0.6833333333333331     676.3896138442141      14
0.44166666666666676     325.5385227608747      10
0.6791666666666665     744.4639222605696      15
0.708333333333333     1156.1015415385666      18
0.6666666666666664     427.04909215481155      11
0.6708333333333332     757.7403695444764      15
0.708333333333333     1307.4119283096413      19
0.6999999999999997     1382.2053694290948      20
0.6583333333333332     589.256379944531      13
0.6833333333333331     762.434780945444      15
0.6541666666666665     732.6709539840242      15
0.4958333333333336     385.9450598364756      11
0.6041666666666669     394.1342540551014      11
0.6958333333333331     794.1722350393807      15
0.6833333333333331     1120.7865070290063      18
