0.6166666666666665     397.4772418111835      11
0.6874999999999998     890.5533645868584      16
0.516666666666667     369.8516231205583      11
0.6291666666666664     556.3934734704653      13
0.6375     624.3741871148167      14
0.6749999999999998     764.4566671376846      15
0.6374999999999998     561.7336323691104      13
0.6124999999999998     546.8607901515331      13
0.6374999999999998     566.737582735678      13
0.7041666666666664     1241.1660783582033      19
0.6999999999999997     1113.613052946769      18
0.6166666666666665     641.7621801094734      14
0.6958333333333331     909.4999357723967      16
0.6708333333333332     668.5470660448132      14
0.7041666666666665     1416.2345188139093      20
0.6958333333333331     996.9274458311529      17
0.7041666666666665     1531.798998433065      21
0.6791666666666665     873.7096478940498      16
0.5833333333333333     480.94336568676874      12
0.5541666666666668     395.26143987440963      11
0.7041666666666665     1794.850545348407      23
0.4833333333333337     318.23203939985876      10
0.6708333333333331     958.9237407834569      17
0.5375000000000002     509.58683427358153      12
0.5250000000000001     643.5578652473881      14
0.39583333333333337     303.8593292866948      10
0.6999999999999997     1154.1440561031893      18
0.6833333333333331     1089.7158188281635      18
0.6583333333333331     655.7130538831194      14
0.6541666666666666     743.2843813140695      15
0.5125000000000003     557.8300750957872      13
0.6958333333333331     1108.9123021740677      18
0.6958333333333331     1355.2148882397448      20
0.6958333333333331     1372.289629540499      20
0.5708333333333334     677.4261876727519      14
0.5625000000000002     825.8744334699636      16
0.6791666666666665     1337.2615625355902      20
0.6583333333333331     855.7938758874385      16
0.5000000000000003     380.70635109409636      11
