0.6416666666666664     475.3118161019924      12
0.708333333333333     1215.8544005180731      19
0.708333333333333     1236.1203998911699      19
0.5458333333333335     160.94960504445243      7
0.5500000000000002     260.3143500765712      9
0.5750000000000001     262.57718978273743      9
0.46250000000000047     155.51313048928264      7
0.6374999999999997     273.1590122459655      9
0.6708333333333332     665.5080251694155      14
0.6999999999999997     1151.8799923976958      18
0.4833333333333337     199.4336907053787      8
0.6749999999999997     752.4313964304529      15
0.6708333333333332     760.9801953223738      15
0.6541666666666665     479.87567825814347      12
0.6541666666666665     567.2061128052437      13
0.6791666666666665     798.2944652524928      15
0.708333333333333     1376.1910065068919      20
0.6374999999999997     331.71599506074404      10
0.5458333333333335     214.57167478889696      8
0.6708333333333331     655.1313348979244      14
0.6374999999999997     395.86529050797515      11
0.6874999999999998     1103.0000998011913      18
0.6749999999999997     769.8411813349887      15
0.6583333333333332     836.1426432309729      16
0.7041666666666665     1241.087775588615      19
0.6833333333333331     872.3416359954451      16
0.42083333333333345     199.90197927675794      8
0.6416666666666664     550.9885151941434      13
0.6833333333333331     977.1166897403053      17
0.6833333333333331     981.1393366982238      17
0.6833333333333331     1116.103969214542      18
0.6541666666666665     649.1811397463493      14
0.39583333333333354     145.23415254842052      7
0.6124999999999998     320.8038552116005      10
0.6958333333333331     1357.4762388195632      20
0.6375     655.6073524985401      14
0.6833333333333331     1341.416397783361      20
0.5583333333333336     268.43242613439173      9
0.6833333333333331     1350.0031306246647      20
0.708333333333333     1516.492540029195      21
0.5250000000000002     481.82260678653705      12
0.4833333333333337     458.4057389452966      12
0.6374999999999997     537.7637022696784      13
0.5583333333333335     652.0878650775325      14
0.6791666666666664     845.4702230767554      16
