0.6999999999999997     1021.2944598324925      17
0.6874999999999998     787.2800457093342      15
0.6999999999999997     1225.540055018033      19
0.6749999999999998     770.1594597890312      15
0.6958333333333331     1008.0562401290747      17
0.625     503.01362676140485      12
0.5833333333333335     469.239750417577      12
0.6583333333333331     551.4318154294881      13
0.5750000000000002     458.67900618816554      12
0.695833333333333     897.3688915198373      16
0.5875     559.6563772643246      13
0.6708333333333331     764.0848251043636      15
0.6624999999999999     677.7553443972627      14
0.6958333333333331     1092.363547614715      18
0.708333333333333     1244.5577887337233      19
0.5500000000000002     381.0338222928311      11
0.708333333333333     1258.6654918320337      19
0.708333333333333     1372.538162032587      20
0.4875000000000003     371.292095512972      11
0.47916666666666713     299.5986546489884      10
0.6708333333333331     764.8149222578943      15
0.47916666666666713     441.4277054672841      12
0.708333333333333     1377.5567708463266      20
0.6874999999999998     875.8533903199723      16
0.6874999999999998     919.7364210526063      16
0.5708333333333335     449.93230510469897      12
0.6666666666666664     781.8714990286234      15
0.5083333333333337     468.504904606185      12
0.5583333333333335     470.2288269706146      12
0.6916666666666664     1134.2177774197296      18
0.708333333333333     1396.9428362526778      20
0.6499999999999998     569.2012943028551      13
0.6458333333333331     831.0451064799704      16
0.6833333333333331     1005.3593277176145      17
0.6416666666666665     970.0446327639363      17
0.5416666666666667     764.1426474707192      15
0.6874999999999998     1219.168069996233      19
0.6374999999999997     1041.9532014769795      18
0.695833333333333     1302.4617064002664      19
0.42083333333333345     445.4389598652825      12
0.7041666666666665     1509.9637139088745      21
