0.6458333333333333     562.3707618921884      13
0.6833333333333331     848.8563540554367      16
0.6499999999999998     563.74138253203      13
0.6958333333333331     1095.5878961158548      18
0.6583333333333332     602.3567739291348      13
0.6624999999999999     652.0488751622938      14
0.5166666666666669     377.2016264089348      11
0.7041666666666665     1220.886636498465      19
0.6999999999999997     1346.0893175928486      20
0.6916666666666664     872.2221834048      16
0.6708333333333331     752.2347213890687      15
0.6916666666666664     981.0135633274239      17
0.6874999999999998     1128.2929582776812      18
0.708333333333333     1627.5716968258807      22
0.5000000000000002     330.16508094770523      10
0.6     385.62092663934925      11
0.5791666666666668     399.2778347049474      11
0.31250000000000006     308.3694132938111      10
0.30833333333333335     305.8207859888609      10
0.4916666666666671     312.4901598256572      10
0.708333333333333     2297.4020829936317      26
0.31250000000000006     378.6643858927834      11
0.6833333333333331     855.3140151080432      16
0.6291666666666665     837.0646614813572      16
0.6833333333333331     960.4522551200442      17
0.6916666666666664     1204.0113098175302      19
0.625     508.3010364949226      12
0.6791666666666665     955.5306921217235      17
0.6833333333333331     1200.0713286437876      19
0.6708333333333332     971.8540582887462      17
0.6833333333333331     1235.4746081950443      19
0.2541666666666669     305.3505898543682      10
0.6791666666666665     1105.2043865942974      18
0.6583333333333332     860.2761670768766      16
0.5000000000000002     470.32208713580985      12
0.30833333333333335     463.50576699565056      12
0.7041666666666665     1367.9339032665966      20
0.6583333333333332     1181.0729031934338      19
0.683333333333333     1769.8563197504882      23
0.6     476.5878914446335      12
0.575     960.4390381174318      17
