0.4750000000000005     317.6763836716949      10
0.6374999999999997     474.57417491340937      12
0.4750000000000005     320.57501862854406      10
0.6583333333333332     498.30184539827746      12
0.683333333333333     684.1926515073292      14
0.6249999999999999     394.9017279111514      11
0.6749999999999997     753.5747148305959      15
0.6708333333333332     671.6722788048982      14
0.6583333333333332     576.437291084267      13
0.3041666666666667     163.8483090141593      7
0.708333333333333     1402.453706028797      20
0.6874999999999997     783.4570530393206      15
0.6708333333333331     585.4592516348401      13
0.6958333333333331     885.9946050775354      16
0.6416666666666666     494.02562629058593      12
0.31666666666666676     218.10516102917217      8
0.6958333333333331     1006.4434533544999      17
0.6999999999999997     1118.609567305736      18
0.7041666666666665     1254.8072322314042      19
0.36666666666666664     255.58253990280656      9
0.2833333333333334     164.39858785600097      7
0.6958333333333331     1096.2701451322857      18
0.6833333333333331     1092.740877210252      18
0.6041666666666666     359.72767434223573      10
0.5833333333333334     466.01545247776335      12
0.6958333333333331     1119.1833794427016      18
0.683333333333333     972.7835532096299      17
0.7124999999999997     1659.6504219152775      22
0.6541666666666665     495.26751399128074      12
0.6249999999999999     474.96345264337543      12
0.7041666666666665     1639.6121256015374      22
0.3041666666666667     260.0836531885932      9
0.7041666666666665     2108.321248565623      25
0.6999999999999997     1367.5701300685912      20
0.5083333333333337     388.0856867239009      11
0.6749999999999997     965.3641779294231      17
0.6916666666666664     1097.567125879022      18
0.4250000000000004     302.0499789492108      10
0.6791666666666665     1109.1559182086503      18
0.6708333333333332     863.5823957630992      16
0.6708333333333331     658.1356018077538      14
0.31666666666666676     270.8728842155943      9
0.6041666666666666     648.5928303197326      14
0.683333333333333     1343.3224986490015      20
0.4875000000000004     322.9933608616952      10
0.6708333333333331     1217.121124206988      19
0.6958333333333331     1380.8003923413023      20
0.6541666666666665     666.0121967794969      14
0.4625000000000001     328.54470002478155      10
