0.6624999999999999     657.0440014608781      14
0.6624999999999998     583.8955168684332      13
0.7041666666666664     1128.3257375054718      18
0.7124999999999997     1165.509975974941      18
0.6749999999999997     699.7463742049601      14
0.6541666666666665     415.8690280291362      11
0.5208333333333336     317.27305492919913      10
0.6833333333333331     746.2616640053699      15
0.7041666666666664     1169.1728025302184      18
0.708333333333333     1385.0945365021157      20
0.6874999999999998     970.1640058385708      17
0.4833333333333338     386.904505389531      11
0.43333333333333346     194.39116691574128      8
0.3958333333333335     249.92559123765483      9
0.6708333333333331     663.7419603039082      14
0.36250000000000016     143.78635643652464      7
0.6833333333333331     758.9883832126229      15
0.6499999999999998     475.60272833901246      12
0.6833333333333331     840.6976251977113      16
0.6291666666666664     494.9422263816813      12
0.6624999999999999     972.1137432444066      17
0.6249999999999999     561.3216215204858      13
0.6291666666666665     858.5499107492427      16
0.4458333333333335     389.67848436893314      11
0.5875     394.6737871630718      11
0.6624999999999998     970.0162178549642      17
0.5625000000000001     402.6891636412638      11
0.6999999999999997     995.9401500043723      17
0.7041666666666664     1251.0903371033746      19
0.46250000000000024     410.8220845333309      11
0.7124999999999997     1540.2200328974616      21
0.6791666666666665     1009.8574928256934      17
0.6624999999999998     1098.1627417148463      18
0.6958333333333331     1459.4526107506215      21
0.6375     1256.4224194490998      19
0.5208333333333336     717.7604820790353      15
0.6999999999999997     1727.3545599255247      22
0.5416666666666667     1057.4073625576634      18
