0.7644444444444445     31031.708773639064      78
0.7655555555555555     31647.06535831555      79
0.7577777777777778     29284.36608061706      76
0.7533333333333332     27950.35917733059      74
0.7577777777777778     29427.860671325594      76
0.7599999999999999     29518.513478191908      76
0.7633333333333333     30421.380662147243      77
0.7611111111111111     31000.53998661353      78
0.7533333333333332     29110.243448811063      76
0.7566666666666667     29991.824113825212      77
0.7577777777777778     30324.587292311597      77
0.7633333333333332     31603.311354829508      79
0.76     30906.1057395519      78
0.7611111111111111     31658.855560732372      79
0.7666666666666666     32454.563275454646      80
0.7666666666666666     33311.736558081306      81
0.7655555555555555     31759.32270581658      79
0.7577777777777778     30346.180533181756      77
0.7599999999999999     32340.78004928696      80
0.7644444444444445     33044.0125171377      81
