0.7566666666666666     30863.660515994223      79
0.7577777777777777     31606.492626419848      80
0.7533333333333333     30711.50831812276      79
0.7533333333333332     30862.701459472773      79
0.7566666666666666     31662.389968629515      80
0.7499999999999999     29947.953094044347      78
0.7555555555555556     31316.61728638637      80
0.76     33175.193416946924      82
0.7533333333333333     31373.914508731283      80
0.7477777777777777     30612.444400108423      79
0.7622222222222222     33895.951000087014      83
0.7577777777777777     32218.78222082992      81
0.7533333333333333     31706.861531904116      80
0.7533333333333332     30967.841955790016      79
0.7611111111111111     33380.04534401939      82
