0.8249999999999992     1958.7230766458852      23
0.8374999999999991     2286.553116076551      25
0.8458333333333324     2474.4679905616067      26
0.8249999999999992     2109.686755801768      24
0.8333333333333324     2119.4379562349823      24
0.8541666666666657     2673.716178192443      27
0.8541666666666657     2674.684930306301      27
0.8083333333333326     1954.387823221909      23
0.8333333333333324     2276.2674303681542      25
0.8458333333333324     2507.182604637323      26
0.8333333333333324     2289.7180557305132      25
0.8458333333333324     2650.6503665184105      27
0.8374999999999991     2462.468680305728      26
0.8333333333333324     2655.3312034324294      27
0.8541666666666657     3083.0863020186175      29
0.8458333333333324     2672.457069355378      27
0.8291666666666658     2116.2934804123483      24
0.8249999999999992     2475.712190463085      26
0.8333333333333324     2855.0237078289724      28
