0.8416666666666658     2293.759166050707      25
0.8374999999999991     2290.3995294741326      25
0.8458333333333324     2333.8185702433802      25
0.816666666666666     1933.717999483061      23
0.8333333333333325     2128.2067891678707      24
0.8374999999999991     2457.344188195712      26
0.816666666666666     2087.5265835880164      24
0.8333333333333325     2290.6326825040064      25
0.8499999999999991     2506.347839849273      26
0.8249999999999992     2091.881103031059      24
0.8541666666666657     2893.3739793534482      28
0.8291666666666658     2317.6918204853473      25
0.8416666666666658     2492.737855863843      26
0.8333333333333326     2327.967228403563      25
