0.8458333333333324     2254.8556601478595      25
0.7999999999999994     1858.791914668787      23
0.7833333333333328     1695.0988110429957      22
0.804166666666666     1871.1425950570756      23
0.8041666666666659     1872.0697253529408      23
0.7999999999999994     1878.635660416618      23
0.8333333333333325     2052.993507985941      24
0.8541666666666657     2459.9441393625184      26
0.8541666666666657     2684.7425825300734      27
0.8124999999999993     1895.6944646908685      23
0.7999999999999993     1888.500866082047      23
0.8291666666666658     2077.5908028871518      24
0.8208333333333325     2041.2509142212623      24
0.8458333333333324     2454.6081447009105      26
0.8416666666666658     2247.737833169147      25
0.8166666666666659     2049.0909636827982      24
