0.3877777777777778     28892.897824157095      69
0.48111111111111104     33839.197825593066      74
0.40444444444444455     29869.224885676587      71
0.46333333333333326     32139.98806767573      74
0.37777777777777793     29793.903013358442      70
0.4811111111111111     35194.06572988928      75
0.4633333333333333     38515.17507774735      80
0.45333333333333325     37488.56476032292      77
0.40333333333333327     29901.27419813591      69
0.3822222222222221     32041.518469158258      73
0.43000000000000005     34150.0498913322      75
0.45444444444444443     39903.20668328355      81
0.43555555555555553     39948.83735782024      81
0.3366666666666666     29989.96819112564      71
0.40111111111111125     33158.843479663214      73
0.37999999999999995     31703.782781003254      72
