0.4377777777777777     34066.98372423073      76
0.4722222222222222     38710.95603147661      79
0.4355555555555556     32603.22692325768      74
0.4355555555555554     30950.752165707723      70
0.432222222222222     33767.79576874834      73
0.4166666666666665     30546.191914373423      72
0.4266666666666666     32300.133288823654      73
0.3022222222222222     28076.0080795431      69
0.40555555555555534     28736.465689731882      68
0.4355555555555557     33796.31755907117      75
0.4388888888888887     35715.87309217231      76
0.40666666666666673     31503.470391099334      73
0.3699999999999998     28386.47779064046      67
0.46888888888888886     35960.00346037208      78
