0.45777777777777784     32334.126397579206      74
0.4366666666666666     30809.667727613883      72
0.4511111111111111     36181.824310951946      76
0.38     27187.537513670897      68
0.2788888888888888     27441.884638219522      68
0.411111111111111     30061.4767631259      71
0.3566666666666666     30354.63133765658      70
0.3922222222222221     30805.888616564906      71
0.4566666666666666     36332.71559726773      77
0.3777777777777777     32868.979482474475      72
0.3655555555555555     30948.864183732243      70
0.4288888888888888     34977.327251046474      75
0.4466666666666667     37787.77885644046      79
0.4522222222222222     39300.792844683354      80
0.4277777777777777     33464.762064851646      75
0.4444444444444445     36297.35198115077      77
0.43666666666666654     39172.99486328459      81
0.4166666666666665     31473.886157030516      73
