0.4144444444444443     27359.054183213728      68
0.3933333333333333     26373.441922919705      66
0.411111111111111     30736.18212695653      72
0.471111111111111     35734.95224626842      77
0.3344444444444445     29191.669881179      69
0.4988888888888889     39272.93187106352      81
0.4544444444444444     31037.092979399335      71
0.47000000000000003     33441.119585613334      74
0.42666666666666664     33902.523695050186      75
0.42333333333333323     35448.32142409167      75
0.3977777777777778     34768.21702824605      75
