0.49222222222222217     35887.79105880942      78
0.45777777777777773     34888.48070307643      76
0.3666666666666665     23176.72865368521      62
0.441111111111111     30337.297392440978      71
0.3966666666666666     30782.214554663304      72
0.4888888888888888     36938.75157989849      77
0.47555555555555556     42734.329329553      83
0.4522222222222223     33743.9802848683      75
0.4466666666666667     40359.07070292109      81
0.42333333333333323     33955.91696338067      73
0.40555555555555545     31888.12933872028      73
0.4411111111111111     34713.05554104425      76
0.34444444444444433     32963.44077263363      73
0.34111111111111103     23768.07249464806      64
0.40444444444444433     34986.41884876495      76
0.3955555555555554     33281.48364372093      73
0.3622222222222223     34741.43666529992      74
0.3699999999999999     37332.34954963453      78
