0.7333333333333334     3419.3696866943615      19
0.7911111111111113     4271.720402392655      21
0.8822222222222221     6160.347578677342      26
0.7322222222222223     3213.303362454868      18
0.7399999999999999     3453.2073223579305      19
0.7799999999999998     3913.3187248510894      20
0.8677777777777779     5915.956307146136      24
0.9644444444444447     13691.658663399587      35
0.9222222222222225     7320.995468875785      28
0.7477777777777778     3589.648568006665      20
0.7322222222222223     3380.104491374589      19
0.9400000000000003     10547.276149929356      30
0.7166666666666668     3349.8704661715533      19
0.9600000000000002     9256.443351604697      31
0.9100000000000001     7236.697057539371      28
0.8755555555555556     5869.671270005808      26
0.8722222222222219     5861.014072603559      25
0.8633333333333332     5015.114867422815      21
0.8722222222222221     6025.536865939511      25
0.7233333333333333     3603.7835659395946      20
0.7911111111111107     4354.305390661638      21
0.9377777777777783     8045.354706053691      28
0.8155555555555559     4806.043621088002      22
0.8344444444444441     5215.500414793248      23
0.7922222222222224     4732.922000090279      23
0.7411111111111107     3703.426772660336      21
0.8777777777777778     6048.822709304158      25
0.9166666666666671     7347.510415793459      28
0.8555555555555554     5471.860990483877      24
0.8433333333333334     5285.698652774466      23
0.716666666666667     3422.8473248485852      20
0.7788888888888891     3942.7514017964377      20
0.9266666666666667     7367.501251525786      28
0.906666666666667     6679.751342242182      26
0.7777777777777773     4184.859739121319      22
0.8299999999999997     5332.484968843194      25
0.926666666666667     8884.857031007548      31
0.9055555555555558     7572.764139550379      29
0.9255555555555559     8846.836427232003      32
0.7100000000000001     3447.7747675910905      20
0.7477777777777778     4130.610590212599      22
0.897777777777778     6512.490341594772      26
0.7811111111111113     4411.578905697353      22
0.8566666666666662     5567.619599638139      24
0.887777777777778     6719.792673121309      27
0.7388888888888886     3883.958915564556      20
0.7333333333333334     3778.580541242943      21
0.8222222222222222     4736.976429757721      23
0.7844444444444443     4433.333053750131      21
0.9077777777777778     7730.1836243777425      30
