0.9166666666666669     7441.370889501307      28
0.9511111111111116     10316.803366418544      34
0.9044444444444446     6906.932935737494      27
0.9411111111111117     9060.91449485379      32
0.9366666666666668     8650.043595412742      31
0.9600000000000005     11108.697882157707      35
0.9244444444444446     7561.188454781634      28
0.8644444444444445     6132.56668454494      26
0.9155555555555557     7414.252662420202      29
0.9577777777777784     11637.40774316886      37
0.9488888888888891     9515.415579512097      32
0.9544444444444447     10742.619517200732      35
0.9233333333333335     7649.212028486134      28
0.946666666666667     9286.036172829447      32
0.9422222222222225     9117.113196484972      32
0.9588888888888892     12228.935404908827      38
0.8266666666666667     5831.047412952341      26
0.9444444444444446     9634.315182257085      33
0.905555555555556     7194.431473617178      27
0.9488888888888894     10463.382765504482      35
0.9122222222222224     7293.279915984213      29
0.9155555555555558     7434.553828126174      28
0.9100000000000003     7451.542029683349      28
0.9422222222222226     9446.182693870935      32
0.9488888888888891     9799.84327210973      33
0.9322222222222225     8524.885499639806      31
0.9611111111111116     12842.326165728848      39
0.9022222222222226     6331.418036601395      25
0.8833333333333334     6281.087180569444      26
0.8544444444444443     5842.2727024654      25
0.9033333333333337     6581.04830676212      26
0.9422222222222225     9315.243283994565      32
0.9033333333333337     6959.777278724031      27
0.8700000000000001     6137.481685631274      26
0.9155555555555559     7505.034280010213      28
0.934444444444445     8968.821377187938      32
0.9044444444444447     7325.021559779683      28
0.907777777777778     7465.31908068936      28
0.9311111111111113     8194.351209817447      30
0.9211111111111115     7611.902427586154      28
0.9066666666666672     7805.338582306602      29
0.8900000000000002     6469.3778297841645      26
0.9033333333333337     7197.858339442188      28
0.9477777777777779     9894.809790890109      33
0.9311111111111116     8573.443301924368      31
0.9222222222222224     8100.911278920638      30
0.9344444444444447     9167.220114794249      33
0.9433333333333336     9686.466045822508      33
0.89     6552.693556579392      27
0.905555555555556     7335.09667122347      28
