0.9633333333333337     10899.670865678445      35
0.9777777777777783     14661.041190677164      41
0.9611111111111116     10671.129019521355      33
0.9688888888888891     11240.893205418186      35
0.9411111111111116     7945.711393589428      29
0.9566666666666671     9706.599195010951      32
0.9622222222222226     11430.427999154783      35
0.9611111111111114     10231.73347235292      32
0.956666666666667     9341.654113256824      31
0.9200000000000004     7661.827617943926      29
0.9733333333333338     12953.528454452504      38
0.8511111111111109     5755.558402123225      25
0.9711111111111117     12844.932158268453      38
0.916666666666667     7265.124587757051      27
0.9400000000000003     8029.149890347284      28
0.9733333333333338     13672.294727234323      39
0.9600000000000003     10981.363822665498      35
0.9711111111111116     13648.391400331235      40
0.9777777777777781     15626.094420221683      42
0.9544444444444449     9442.713120608683      32
0.9544444444444449     11001.04924636105      36
0.9377777777777782     8222.142928010478      29
0.9688888888888894     13167.192664724933      39
0.9333333333333337     8289.600252483038      30
0.9533333333333336     9424.688245796371      31
0.9544444444444447     10279.421390443391      34
0.9677777777777782     11906.664566339632      37
0.9677777777777782     13212.904815909598      38
0.9322222222222225     8173.11077260556      30
0.9633333333333337     11253.924913667066      36
0.9566666666666671     11151.135738172154      35
0.9588888888888892     11589.445034026006      36
0.9655555555555562     11914.20800085858      37
0.975555555555556     14190.489006236294      40
0.9677777777777783     13360.731588111063      39
0.9322222222222224     7678.240746041713      28
0.9722222222222227     15206.801925181962      42
0.9511111111111116     8707.544510580892      30
0.868888888888889     6917.588917960763      28
0.9388888888888891     8432.09101218      30
0.9477777777777782     9661.005202925024      32
0.9677777777777782     13647.950289464434      39
0.9188888888888892     7267.508065864423      28
0.9411111111111113     8453.50997713616      30
0.9488888888888893     10654.091545720838      34
0.9744444444444451     15655.974013236168      43
0.9633333333333337     11780.48805139337      36
0.956666666666667     11248.794473904974      35
0.9300000000000005     7695.190272079046      28
0.9611111111111116     12413.075786272497      37
