0.966666666666667     10243.105068015953      34
0.974444444444445     10966.569008852572      34
0.9188888888888895     7944.146958709527      29
0.898888888888889     6778.8469386516945      28
0.9177777777777778     7435.248836932862      29
0.9733333333333337     10883.39068542178      34
0.9422222222222225     8099.648631205828      30
0.9666666666666669     10256.283172176045      34
0.9344444444444444     8228.613433956216      30
0.8255555555555555     4317.146864532979      22
0.8344444444444443     5055.7085602196985      25
0.9366666666666671     8239.77597414563      31
0.8322222222222226     4770.611276094507      22
0.9366666666666668     8382.119036410684      30
0.902222222222222     6817.083894877933      27
0.9700000000000003     11035.118101963177      36
0.91     6985.330347924052      28
0.9544444444444449     9182.896606938717      32
0.9588888888888891     9356.096891333513      32
0.9322222222222224     8303.978269869665      31
0.8677777777777775     6061.478613456325      27
0.9766666666666671     12457.902206205976      36
0.9555555555555559     9867.752811567963      33
0.9622222222222226     9907.345546740613      33
0.9088888888888887     7423.7839071463695      29
0.8944444444444443     6081.383467074354      26
0.926666666666667     7822.7311390535715      30
0.887777777777778     7622.264205691286      30
0.9700000000000004     11790.392646991117      36
0.9633333333333336     10687.213006490321      35
0.9622222222222225     10231.943375833675      34
0.9755555555555561     12184.137910472802      36
0.9611111111111116     10380.462055606278      34
0.9677777777777782     10695.209884510978      34
0.9011111111111114     7910.706324002817      31
0.9677777777777782     11441.856598788565      36
0.8877777777777778     6912.455278871571      29
0.975555555555556     12288.627284776294      38
0.9655555555555558     11146.977032484012      36
0.9533333333333336     10101.569935117572      35
0.9522222222222224     8463.647486794725      31
0.8988888888888892     7817.950960115839      30
0.9444444444444448     9489.239373986104      34
0.9633333333333336     11369.583381520537      36
0.9500000000000005     10469.165780260355      36
0.9633333333333335     10834.122310589966      36
0.9700000000000003     11646.757056404742      37
0.9488888888888889     11041.984854117085      36
0.966666666666667     11608.629058446359      37
0.9333333333333333     9599.817656955136      35
