0.8433333333333329     7855.311354601083      31
0.8922222222222219     11832.168212976672      33
0.8266666666666664     10670.913125012456      32
0.9088888888888891     11987.761392736475      38
0.9011111111111113     9855.886815308333      35
0.8655555555555551     10866.481680491279      31
0.9044444444444443     11919.968833665398      33
0.8355555555555552     7706.325343112432      32
0.843333333333333     8159.302176326436      33
0.9122222222222223     13819.865244907252      36
0.8344444444444441     7838.900639495652      32
0.9144444444444445     13058.410093663037      35
0.8577777777777779     10694.828620283772      30
0.8833333333333334     8084.3415601408415      31
0.8288888888888886     7727.245263857703      31
0.9155555555555556     14716.865759302169      39
0.8855555555555554     11783.562204872947      33
0.8788888888888886     11398.427364480067      32
0.9255555555555558     15639.802906539902      37
0.8777777777777774     10889.858538671795      33
0.9133333333333336     13342.85185469445      36
0.9099999999999999     12004.093580171235      33
0.9055555555555558     11203.451140129777      37
0.842222222222222     8818.060875305915      35
0.8733333333333329     8428.858140090768      32
0.911111111111111     14105.576069637058      38
0.9244444444444447     16097.938306286835      40
0.9166666666666667     13880.869396919019      37
0.8922222222222219     15556.834593685557      39
0.8944444444444444     11506.956014999583      32
0.8411111111111109     10744.097571560817      31
0.9155555555555559     10670.272240690389      36
0.8955555555555554     11638.343111378119      33
0.9122222222222224     13000.351505717026      35
0.9044444444444446     9717.878048188819      34
0.8911111111111112     13943.1392281354      38
0.8655555555555552     8258.978720340128      33
0.898888888888889     9200.433866584448      34
0.8722222222222219     7934.270298460885      31
0.8844444444444445     15353.641099505841      37
0.9122222222222224     14653.142076577346      39
0.8022222222222223     10789.123877202624      32
0.9011111111111111     15080.622407895815      40
0.8466666666666666     9862.451987051412      36
0.8611111111111109     13572.832289742546      30
0.7822222222222223     7699.7097562863455      32
0.8233333333333326     7302.5109939511985      30
0.9177777777777782     12551.780216985308      38
0.8522222222222219     10251.09010374548      30
0.7788888888888887     9066.380564229772      35
