0.916666666666667     14607.07757618182      37
0.8899999999999995     10498.34822562141      36
0.9244444444444447     14536.990998033447      37
0.897777777777778     14576.639659273034      38
0.9222222222222226     12232.533654058536      39
0.9077777777777779     10153.373452376756      36
0.8455555555555552     8877.98062970427      34
0.9222222222222224     11630.411756971058      39
0.9166666666666671     11528.938088504823      39
0.9188888888888891     11807.291750207942      39
0.9222222222222224     12646.851881676334      41
0.8633333333333333     8961.893201313973      34
0.9022222222222223     10428.945533073613      37
0.9099999999999999     12027.225037643304      40
0.9066666666666665     10023.766738240884      35
0.8544444444444439     8610.050010780413      33
0.8511111111111112     8241.884246062486      32
0.9188888888888891     12277.43685816226      40
0.8899999999999999     9322.70194648616      34
0.9188888888888892     11542.935515684041      39
0.8911111111111112     9320.320957486487      35
0.9133333333333331     13169.416272975584      36
0.9155555555555558     14154.794750102337      36
0.7644444444444443     7326.088099635517      30
0.8711111111111107     8896.54810232718      33
0.8933333333333332     9755.40859087816      35
0.8833333333333332     8463.414706423622      32
0.8988888888888893     14645.494972199062      37
0.8944444444444443     10981.361364721233      38
0.9366666666666671     12782.115965490053      41
0.8933333333333333     13688.995232638896      36
0.8566666666666666     11236.627642222084      32
0.9088888888888891     10250.566150426179      36
0.9233333333333335     12960.215134001599      42
0.9233333333333336     14386.32603825631      38
0.8333333333333329     8866.974033727667      34
0.9366666666666671     13801.115312033273      41
0.8833333333333332     9067.5523484081      33
0.9133333333333336     10564.055893109205      37
0.9333333333333339     12797.881519363642      40
0.8888888888888887     9363.586687877443      33
0.8388888888888891     12299.873095010964      34
0.8477777777777771     7337.122282334336      30
0.8655555555555553     8264.2147097555      32
0.7977777777777769     7818.652273419071      33
0.8477777777777777     7579.2952489707395      30
0.9222222222222224     14711.157528991618      38
0.7799999999999995     9314.01789049457      35
0.816666666666666     7885.6485897287685      32
0.9244444444444448     15931.438053708473      39
