0.36444444444444424     34289.99595244111      77
0.2244444444444443     24644.27876950149      65
0.35999999999999976     28743.479954058108      70
0.36777777777777765     35447.37849764817      78
0.34555555555555534     33756.27220248426      76
0.3188888888888887     27606.961270665583      69
0.3666666666666665     36317.15387909855      79
0.34333333333333316     28016.026732633443      70
0.3055555555555553     33629.549957113886      76
0.30333333333333307     34336.230965402356      76
0.2633333333333332     33083.889735631434      75
0.2577777777777777     31344.259526808753      73
