0.27888888888888874     27012.72126685803      68
0.3444444444444442     33312.493412009884      75
0.25999999999999984     27270.046785379876      69
0.2999999999999998     28478.40451059342      70
0.3599999999999997     35697.810469023796      78
0.22333333333333316     28965.13983425365      70
0.322222222222222     28982.962136751903      71
0.3255555555555553     30494.0879149753      72
0.34222222222222193     35928.065000198774      79
0.3166666666666664     31004.120248604577      73
0.27999999999999975     33383.22970948086      76
0.3077777777777776     38666.00338557526      81
