0.36111111111111094     31839.42732667422      74
0.35555555555555535     29793.111239034388      72
0.34999999999999964     34302.039012331195      77
0.35999999999999976     36014.46002517528      79
0.31888888888888867     27439.251548302982      69
0.34888888888888864     30720.285456683036      73
0.252222222222222     28632.575312496952      70
0.2988888888888887     29234.24780706553      71
0.3277777777777776     29584.528062681373      71
0.3222222222222221     30160.53578279849      72
0.29444444444444423     32573.689767258238      75
0.22333333333333316     27077.15432949856      68
0.21888888888888866     28630.730859403637      70
0.24111111111111097     31352.69138480055      73
0.3266666666666665     32747.97408535907      75
0.25999999999999995     38600.26508822049      80
