0.7555555555555554     6327.1394110423735      31
0.7922222222222219     7116.819610924406      33
0.678888888888889     5382.810020355343      29
0.7555555555555554     6345.274039095235      31
0.7377777777777776     5961.757596051387      30
0.6900000000000001     5782.763607378418      30
0.6855555555555555     5700.496140661377      30
0.803333333333333     8008.609229785749      35
0.6788888888888889     6291.6874930432805      30
0.7644444444444445     7156.500982147268      33
0.8399999999999999     8917.821721381606      37
0.6722222222222218     5915.268893110271      31
0.7922222222222218     7538.498802342674      34
0.7733333333333331     7468.335677959769      33
0.8088888888888885     7954.314734895992      35
0.7555555555555554     6010.306974507851      30
0.8544444444444442     9137.967670820302      37
0.7922222222222219     7957.143679665303      35
0.7922222222222222     7625.674629747202      34
0.8022222222222218     7226.482809208681      33
0.742222222222222     6413.244816708216      30
0.7755555555555553     7813.546086174764      33
0.6933333333333335     6089.1200311478      31
0.6822222222222221     7081.458718939741      34
0.6744444444444442     6003.338578272609      31
0.6866666666666666     5393.5232842201785      29
0.8299999999999997     8080.510162470793      35
0.7722222222222224     7073.830345378809      33
0.7355555555555557     5949.915038695944      30
0.6366666666666664     5085.207468867097      28
0.7266666666666668     5503.370429157408      29
0.813333333333333     8470.008103141838      36
0.8466666666666667     9015.435872532411      37
0.634444444444444     5360.957198601286      29
0.8022222222222218     9069.217115669102      38
0.7433333333333333     7027.042157270782      33
0.7599999999999998     6788.438073455511      31
0.7088888888888887     6127.860290001798      31
0.6422222222222218     5190.577090099011      29
0.8399999999999999     8594.104334732323      36
0.8277777777777776     8871.079327853491      37
0.814444444444444     8210.9987541237      34
0.7644444444444445     6810.424271747686      32
0.6677777777777775     5784.2487245372895      30
0.6222222222222213     5024.062858064093      28
0.8299999999999997     9337.797231074932      38
0.6066666666666661     5618.534416606066      30
0.8277777777777776     10097.172351000105      40
0.7833333333333333     10749.397531976676      42
0.5622222222222216     4646.942838961921      27
