0.8433333333333332     8921.50308763004      37
0.7888888888888888     5560.9940883349955      28
0.843333333333333     8830.353768027653      37
0.8399999999999995     7790.992982618035      34
0.8222222222222221     7107.55683139333      32
0.791111111111111     6506.456138764086      31
0.7822222222222219     6146.305078721297      30
0.843333333333333     9213.464749946526      38
0.843333333333333     9243.334765866379      38
0.7611111111111112     5552.954787880055      28
0.8399999999999995     8124.921814523351      35
0.7522222222222219     5967.64532464589      30
0.7844444444444441     6236.894585723114      30
0.8399999999999996     8607.594148445138      36
0.8444444444444443     9641.31321521073      37
0.8366666666666667     7371.701503148305      33
0.8544444444444442     9910.40769792881      39
0.7499999999999996     5695.071339571721      29
0.8155555555555555     7048.702491437422      32
0.6655555555555556     4387.8281661863275      26
0.8088888888888889     6574.35469800795      31
0.843333333333333     9626.703150860203      39
0.743333333333333     4803.1788526935525      26
0.6888888888888884     4667.798927985255      26
0.6555555555555556     4664.480826688682      27
0.7099999999999995     5180.553245079988      28
0.8722222222222218     9948.597187473068      39
0.5299999999999995     3570.558611594399      24
0.8733333333333332     12211.242099356012      41
0.7888888888888892     7728.519974526679      31
0.8122222222222223     7831.010088871184      34
0.8399999999999995     9380.220578812716      38
0.7366666666666659     5365.0620866879135      28
0.791111111111111     7851.580670496988      35
0.6511111111111108     3772.415550275355      24
0.7055555555555555     5659.895229243074      29
0.6244444444444446     4545.871842562426      26
0.8366666666666667     9394.57649836297      38
0.7844444444444441     6837.887443643507      32
0.7722222222222223     6226.813702381791      30
0.6544444444444443     5617.648539333444      30
0.8266666666666665     8476.869342648104      36
0.6444444444444445     4585.06296169277      27
0.7766666666666665     8296.415839680692      36
0.8588888888888884     11353.891655560295      38
0.5766666666666665     4782.323757758935      28
0.7355555555555555     5690.943531955631      29
0.682222222222222     6722.194138824788      33
