0.9311111111111116     23651.503330490574      48
0.9511111111111112     25531.051591698604      50
0.9633333333333337     23282.332850311705      51
0.9411111111111116     24330.05088645496      49
0.9200000000000005     24431.691044725903      48
0.9444444444444449     24879.57190966943      49
0.9633333333333337     23880.262640294965      52
0.9311111111111117     24227.70615386594      49
0.9444444444444449     24980.764788712237      49
0.9444444444444449     25946.19607535993      50
0.9633333333333337     26833.557028563893      56
0.945555555555556     26368.65549662962      50
0.9511111111111117     27207.793512086035      51
0.945555555555556     26667.315732937004      50
0.9533333333333336     27331.91540187381      51
