0.8208333333333325     1378.5790940658858      19
0.8499999999999991     1530.4364146679982      20
0.8333333333333324     1543.1899909595236      20
0.8458333333333324     1698.4577006453926      21
0.8541666666666657     1815.7080980484848      22
0.8416666666666658     1837.0976906988503      22
0.8666666666666657     1881.7563232112457      22
0.8291666666666658     1517.477237401535      20
0.862499999999999     1851.3046169139943      22
0.8708333333333323     1888.8535786440664      22
0.8708333333333322     2056.4823416838303      23
0.8333333333333325     1679.9791427827408      21
0.8583333333333324     1985.691156258429      23
0.8499999999999991     1968.1622822042689      23
0.8166666666666659     1540.2886088841703      20
0.8791666666666657     2163.5208418767897      24
0.874999999999999     2178.7203867338267      24
0.8791666666666657     2197.028021468466      24
0.8791666666666657     2315.3290224079046      25
0.8833333333333322     2377.084761462064      25
0.8833333333333322     2570.5840053782413      26
0.8791666666666657     2377.6056757146657      25
0.8874999999999988     3006.54243553763      28
0.8833333333333322     2760.0068229264834      27
0.8833333333333322     2783.98641107969      27
0.8833333333333322     2792.109844392161      27
0.8833333333333322     2979.840065230755      28
0.8833333333333322     2994.7739145257046      28
0.8833333333333322     2998.4700883350242      28
0.8874999999999988     3425.1032964301166      30
0.8874999999999988     3642.861177514871      31
0.8874999999999988     4149.078660346465      33
0.8874999999999988     5898.901145260477      39
0.8916666666666655     6668.646674707388      41
0.8874999999999988     6037.173077534494      39
0.8874999999999988     6455.994120754831      41
0.8874999999999988     6488.014088688443      41
0.8874999999999988     6574.9905229747155      41
0.8874999999999988     6596.170812281748      41
0.8916666666666655     6841.678604462432      42
0.8916666666666655     6901.946596297186      42
0.8874999999999988     6617.217112554749      41
0.8916666666666655     7272.268797620768      43
0.8916666666666655     7343.21866305806      43
0.8916666666666655     7345.171420293647      43
