0.8583333333333324     3087.3672473541947      29
0.8708333333333323     3297.489761112483      30
0.8833333333333322     3787.7769421167486      32
0.8749999999999989     3330.410958921409      30
0.8749999999999989     3513.0796503814845      31
0.8833333333333322     4041.5909071889687      33
0.874999999999999     3536.3866487379696      31
0.8749999999999989     3526.1986372713795      31
0.8791666666666655     3730.6919880950736      32
0.874999999999999     3718.421956930461      32
0.8874999999999988     5567.344889775879      39
0.8874999999999988     6701.437107295153      43
0.8874999999999988     6751.570983551663      43
0.8874999999999988     7141.756518066917      44
0.8874999999999988     7170.926496372959      44
0.8916666666666655     7294.361968310831      44
0.8874999999999988     7182.499409396809      44
0.8916666666666655     7457.075062498736      45
0.8874999999999988     7413.899630315178      44
0.8874999999999988     7438.273139387218      44
