0.6749999999999997     7676.602559961842      45
0.6624999999999998     7604.568585544139      45
0.658333333333333     7315.297656625962      44
0.6874999999999997     9533.122107099265      45
0.658333333333333     8957.886355445873      43
0.6666666666666664     9474.552216514032      45
0.6541666666666663     8262.895500790239      41
0.6624999999999998     7769.96974331754      45
0.658333333333333     9288.436196661038      44
0.6458333333333331     6926.057847779979      43
0.6291666666666665     9332.96768475969      45
0.6458333333333331     9773.308789962828      45
0.645833333333333     9603.864086703154      45
