0.6333333333333332     7816.866201222059      45
0.6874999999999997     8134.228380296011      40
0.6874999999999997     8355.338461379386      41
0.6874999999999997     8541.219386495275      41
0.683333333333333     8587.983099946854      41
0.6874999999999997     8891.773476568469      42
0.6874999999999997     9889.019325853356      45
0.6791666666666664     8908.967425741812      42
0.6749999999999997     8167.807456572611      40
0.6499999999999998     9523.85569174223      45
0.6791666666666664     9715.091224231788      45
