0.6874999999999997     9757.87717645285      45
0.6791666666666664     7691.353880690455      45
0.6083333333333333     9222.866651579146      44
0.6708333333333331     7755.357372248379      45
0.6499999999999998     9429.1741565082      44
0.6666666666666664     7504.46552595517      45
0.6333333333333332     9471.115361930766      44
0.6624999999999998     7507.942607123472      45
0.6374999999999998     7478.263901702389      45
0.6749999999999997     7761.071038732048      45
0.5875     9494.32813028641      45
0.6666666666666664     9598.351421975176      45
0.6291666666666665     9842.498358647292      45
