0.6416666666666665     6779.350317566964      42
0.6874999999999997     7124.455139681301      43
0.6333333333333332     6790.061712798042      42
0.6791666666666664     7751.623462544605      45
0.6874999999999997     7938.802816746899      45
0.6708333333333331     6791.802467703542      42
0.6749999999999997     7682.411615205311      45
0.6708333333333331     7629.509796841538      45
0.6749999999999997     7739.757223832782      45
0.6416666666666665     6814.389920293691      42
0.6666666666666664     7830.629762933441      45
0.6083333333333333     6801.2264529017275      42
