0.6458333333333331     6786.481088722131      42
0.6499999999999997     7583.566091456561      45
0.6499999999999998     7589.910348439904      45
0.6208333333333332     8910.541102258672      42
0.6499999999999998     8950.45775287728      42
0.5958333333333333     6983.132964129827      42
0.6874999999999997     7657.8743908529295      45
0.6791666666666664     7629.9107495961225      45
0.6499999999999998     9513.065868707276      44
0.6416666666666665     7853.918080491158      45
0.6541666666666663     7974.989667488617      45
0.6458333333333331     8097.061792317625      45
