0.8688888888888892     18645.561134627264      53
0.8777777777777781     20164.271523776784      55
0.8722222222222226     19366.514660380475      54
0.8755555555555561     19460.1682417729      54
0.8700000000000006     18676.502781365176      53
0.8666666666666673     18588.426824439997      53
0.8622222222222227     17878.584729369526      52
0.8677777777777782     18646.147771628013      53
0.8755555555555559     19453.94245994684      54
0.8788888888888892     20208.945444859386      55
0.8811111111111114     20249.3963044887      55
0.8844444444444447     21022.80472640492      56
0.8733333333333337     19420.394335594963      54
0.8788888888888894     20222.465233006387      55
0.8744444444444447     19424.912561019886      54
