0.8777777777777782     25160.650643909717      62
0.875555555555556     24419.08267862575      61
0.8877777777777782     27053.660947506738      64
0.8800000000000003     25236.073809502213      62
0.8900000000000003     27140.03618176226      64
0.8833333333333337     26053.392526602845      63
0.8811111111111115     25302.469253676973      62
0.8922222222222226     27910.131839493548      65
0.885555555555556     26292.504399440673      63
0.8855555555555559     26139.56888877075      63
0.8877777777777781     26899.431271361875      64
