0.8388888888888886     6361.056859744959      27
0.8544444444444442     6999.212088740335      30
0.8211111111111109     6168.634766674018      28
0.8355555555555555     6655.6668911271845      27
0.8088888888888885     5981.809656586959      28
0.8666666666666668     7258.45265381958      29
0.8544444444444446     7030.393324877568      28
0.8322222222222221     6485.287030776205      29
0.711111111111111     4125.341456973274      22
0.7999999999999999     5641.892866252927      26
0.7211111111111106     4626.419091598407      24
0.7922222222222223     4848.279975113333      23
0.7144444444444439     4574.523316059547      23
0.8233333333333333     6259.84311082437      27
0.7033333333333331     3848.816408842575      21
0.7544444444444443     5219.356059943371      25
0.8666666666666668     7532.547405240551      30
0.7666666666666665     5244.499729935274      25
0.8600000000000003     7102.302633655589      29
0.712222222222222     4669.013066981551      24
0.7499999999999998     5189.835670137454      25
0.8911111111111112     8993.595348740515      32
0.8633333333333334     7215.893597585762      29
0.8788888888888894     7932.217929044474      30
0.83     6297.20526222939      27
0.8688888888888889     8140.518068511038      31
0.7744444444444442     5454.8971939070925      25
0.8811111111111114     9034.995413540728      33
0.7077777777777773     4555.322280494579      24
0.771111111111111     5742.320221672828      26
0.8088888888888885     6270.692132066994      29
0.7555555555555555     5209.660137916441      26
0.8655555555555559     7409.828318345601      29
0.7588888888888888     5237.209612834346      26
0.8711111111111113     8315.533235505678      32
0.792222222222222     5691.81059697404      27
0.7555555555555552     5421.534208517514      26
0.7711111111111109     5455.034211661874      26
0.8388888888888886     6618.338281951913      28
0.7322222222222219     4903.863718892621      25
0.8666666666666668     7534.214490019739      30
0.8722222222222223     8864.471014973293      32
0.8077777777777779     6562.626639514053      28
0.7633333333333331     5771.338648537427      27
0.7944444444444447     5903.273956492049      27
0.7266666666666663     5434.552943946589      26
0.7055555555555552     4537.5976505396575      24
0.8744444444444444     9715.405823732714      35
0.8211111111111109     6459.356317026921      29
0.8466666666666667     6817.43969431024      28
