0.7566666666666663     5371.893395928576      27
0.8844444444444441     10209.637822762705      38
0.8522222222222221     7560.072073095803      32
0.7033333333333329     5009.102154326708      25
0.7955555555555555     6273.355683265694      29
0.8999999999999999     11161.948407869002      39
0.7222222222222215     5160.604546492983      27
0.7422222222222215     5261.531504924691      27
0.8633333333333333     9331.534276763503      36
0.8166666666666665     6373.087659572563      29
0.8355555555555555     6586.354260402286      29
0.8677777777777774     9600.616191733103      37
0.8066666666666665     6382.5848999491045      29
0.7555555555555552     5371.580034725845      27
0.7199999999999999     4765.128164633637      26
0.7188888888888886     5157.948530479368      27
0.7288888888888884     5544.24295509114      28
0.7988888888888889     6279.324401128063      29
0.7266666666666665     5456.542984325525      28
0.7888888888888886     5554.3909384979315      27
0.7911111111111109     5834.244524506295      28
0.7944444444444443     5922.832388106302      28
0.8366666666666664     7481.818175274807      31
0.7022222222222216     4834.46494728678      26
0.8799999999999998     10202.404671050357      38
0.8166666666666665     6389.416725918309      29
0.8633333333333331     7995.451330893391      33
0.8355555555555553     7142.889947594637      31
0.7199999999999995     5399.922551558872      28
0.8299999999999998     7032.161388765744      31
0.7799999999999996     5778.656529900906      28
0.8322222222222221     7146.689241193615      31
0.7744444444444445     5651.961438405638      27
0.7177777777777772     4959.185383076553      26
0.7855555555555553     5804.109011907948      28
0.8288888888888888     7057.970498325534      31
0.8633333333333331     8307.725119444243      34
0.8633333333333331     8703.434135108944      35
0.7533333333333329     5605.463438550636      28
0.8522222222222221     7561.000679020105      32
0.8166666666666665     6397.020617366191      29
0.7888888888888886     5814.120692943038      28
