0.8511111111111109     9157.4594988473      35
0.7622222222222222     5982.9248216156975      28
0.7855555555555558     6689.112574421012      30
0.8111111111111112     7180.8349014901      31
0.771111111111111     6599.976229439563      30
0.778888888888889     7035.898434286249      31
0.7055555555555553     6497.843871274293      31
0.8533333333333333     9198.087030256005      35
0.8255555555555555     7336.121926901146      31
0.8066666666666668     7568.67948429915      32
0.8044444444444445     7174.588236166825      31
0.8488888888888885     8998.734201920583      35
0.8466666666666663     8204.268363259167      33
0.8199999999999995     7971.637439236474      33
0.8388888888888886     8134.104006771705      33
0.7766666666666667     6964.103982981955      31
0.8755555555555554     11088.039377823005      38
0.843333333333333     8627.796924609942      34
0.8800000000000001     11856.46699728183      39
0.8555555555555553     9231.434826080203      35
0.8655555555555554     10317.528868279853      37
0.7655555555555552     6969.627464689539      31
0.8466666666666663     8980.342863402322      35
0.823333333333333     8091.0639060809435      33
0.7777777777777776     7178.987293410418      31
0.8011111111111108     7556.901815727188      32
0.7633333333333332     6622.336623221127      30
0.7688888888888887     7039.4529984381215      31
0.8077777777777778     7627.537617643618      32
0.8188888888888889     7930.304173381092      32
0.7977777777777778     7194.166565448815      31
0.8166666666666667     7630.3017602845675      32
0.8411111111111108     8559.963069511614      34
0.8411111111111108     9042.319422768023      35
0.7811111111111109     7328.894472148169      32
0.7755555555555557     7193.429161126261      31
0.7977777777777778     7456.528328098292      32
0.8177777777777776     8414.917657906044      34
0.853333333333333     9162.706935480297      35
0.8222222222222215     8500.386287952178      34
0.7966666666666661     7884.02540274216      33
0.842222222222222     9089.365439364254      35
0.8199999999999998     8922.007950690113      35
0.8155555555555549     8539.49779387546      35
