0.8666666666666668     10410.425833382738      36
0.8666666666666668     10775.57538419229      37
0.8033333333333333     8043.527376638697      32
0.8544444444444446     10618.068673125914      37
0.8244444444444445     8660.954284071106      33
0.781111111111111     7865.218080646001      32
0.7211111111111106     6688.877109354412      30
0.8544444444444445     10102.95144032237      36
0.7766666666666666     7325.184689241227      30
0.8666666666666666     10659.744129167855      37
0.8855555555555558     11674.403354199645      39
0.7766666666666666     7537.554950350763      31
0.8544444444444445     10730.557033595529      38
0.8577777777777776     11193.718366368284      36
0.8277777777777778     9070.459362511818      34
0.7499999999999999     7721.601020498941      32
0.84     9922.830862755378      36
0.7333333333333327     7238.994922933151      31
0.7944444444444446     8039.693125272379      32
0.8666666666666668     11184.19958266249      38
0.8377777777777778     9919.913789311135      36
0.8166666666666667     8206.01718525697      33
0.7399999999999995     7202.149494744617      32
0.8533333333333334     10052.174556290825      36
0.8     8424.171255105224      33
0.8455555555555555     9963.239688136953      36
0.78     7888.251210173069      32
0.82     8880.366227780925      34
0.867777777777778     11702.979736597523      39
0.848888888888889     10078.296011865661      36
0.8655555555555556     10732.190656500372      37
0.7733333333333334     7962.259598909816      32
0.8122222222222223     8582.029563961962      33
0.8555555555555557     11125.111568523418      37
0.7544444444444441     7736.374368742322      32
0.7155555555555551     7844.763886245046      31
0.8655555555555556     11514.106958109385      39
0.8166666666666665     8765.557976302276      34
0.7677777777777777     7918.077797759864      32
0.8477777777777779     10052.38374396137      36
0.8366666666666667     9135.629780883977      34
0.7944444444444446     8084.212746377111      32
