0.838888888888889     8699.826607464518      33
0.8500000000000003     9029.281630137813      33
0.8266666666666668     8322.930614385636      32
0.7688888888888887     7022.346752631932      30
0.7422222222222223     7443.758234584851      28
0.761111111111111     7082.9401254964705      30
0.7355555555555554     6915.965859564263      30
0.7211111111111106     5551.4746757740795      27
0.7544444444444444     6969.786371124589      31
0.8099999999999997     7603.56278142154      31
0.8766666666666671     12043.986387382858      39
0.846666666666667     8898.383003357298      33
0.8633333333333337     10159.996954408318      35
0.8744444444444447     13886.998144383193      42
0.8611111111111115     9944.663508914475      35
0.8588888888888891     9823.058621397959      35
0.8244444444444444     7948.8996218609045      31
0.811111111111111     8293.471852796823      32
0.8688888888888893     10552.20936784653      36
0.81     8149.025547896204      32
0.7944444444444443     7109.228564373496      30
0.8655555555555561     12064.626002536448      37
0.7999999999999999     7746.487045871153      31
0.7911111111111111     7410.257732935502      30
0.8322222222222223     8753.282475205971      33
0.828888888888889     8330.361315174332      32
0.8333333333333335     8769.65238112399      33
0.8355555555555554     8911.813899922314      33
0.8099999999999997     7990.394041279965      32
0.8155555555555557     8669.184851374459      33
0.8333333333333336     8977.556640947168      34
0.8333333333333337     8996.016024158329      33
0.7099999999999996     7029.832882763723      31
0.8544444444444447     9084.337032153306      33
0.7566666666666665     7133.839256216359      30
0.7555555555555552     7161.4215941951725      31
0.8433333333333334     9006.753657097674      34
0.8066666666666666     7781.5204722097005      31
0.8411111111111114     9170.3171676581      34
0.7299999999999998     7164.927666930408      31
0.8111111111111109     8198.70844177593      32
0.847777777777778     9620.661134714914      36
0.772222222222222     7198.841780421622      30
0.8611111111111115     9974.395485794923      35
0.8344444444444445     9258.226949937529      34
0.8611111111111115     10017.772414513905      35
