0.8066666666666663     6234.198796717692      28
0.83     6713.189623463286      29
0.8066666666666668     6435.593657551316      29
0.8455555555555554     7555.558802957207      31
0.8488888888888889     7885.443785180323      31
0.7966666666666664     5938.483196824612      27
0.8422222222222222     7786.952019424091      31
0.7477777777777774     5374.268440793824      27
0.7288888888888887     5379.269392018155      27
0.7722222222222223     5850.905070359888      27
0.8399999999999997     7537.129420206238      31
0.8300000000000001     7023.518720959294      30
0.8422222222222221     7685.85416840055      31
0.8366666666666667     7208.565265535435      30
0.8699999999999998     9259.197210634185      34
0.8255555555555554     6706.306435401873      29
0.8155555555555555     6437.8333313144685      28
0.7711111111111111     5591.759705791047      27
0.8588888888888887     8591.704739925939      33
0.7955555555555557     5889.0054523721055      27
0.8466666666666668     9069.428192959951      34
0.7277777777777779     5409.251218074446      27
0.7622222222222218     5868.934861093194      28
0.7455555555555551     5531.803961807816      27
0.8144444444444442     6678.158975863767      29
0.7788888888888885     5987.5895109928615      28
0.811111111111111     6564.2518416329385      29
0.8177777777777775     6717.780667221848      29
0.7966666666666664     6212.325291504659      28
0.7822222222222216     6047.524896446563      28
0.8466666666666667     7890.378996552696      31
0.8388888888888888     7430.851673407682      30
0.8288888888888888     6751.993504999327      29
0.8055555555555556     6228.459774945234      28
