0.8455555555555556     9249.280604316165      31
0.7522222222222223     5725.358970064468      26
0.7033333333333329     4755.589097197778      25
0.8100000000000002     7497.7169432275405      31
0.7977777777777774     8099.012167296246      30
0.8511111111111109     10035.55758655029      33
0.8055555555555559     8092.0570137868735      31
0.8022222222222221     7990.9084308552065      33
0.8166666666666668     8555.404401441947      32
0.8155555555555553     9446.413398246135      32
0.7888888888888889     6574.819125026803      28
0.7744444444444442     6940.723723078897      31
0.8233333333333334     8268.324304315965      34
0.792222222222222     7310.95001855745      31
0.7244444444444441     4845.743321895024      25
0.7777777777777776     7038.637569415799      30
0.8044444444444445     8120.139239179552      33
0.7744444444444443     7021.992502180511      31
0.8222222222222222     8588.050610114831      34
0.8222222222222221     8324.154459311205      34
0.7777777777777776     7050.640876961956      31
0.7044444444444443     5106.72357835902      26
0.733333333333333     5451.253779035262      27
0.7766666666666664     7024.998268469671      31
0.8000000000000003     7734.472148427245      31
0.8333333333333336     9246.161779658305      34
0.7688888888888888     6399.308909862954      28
0.7566666666666667     6040.599683584355      28
0.818888888888889     8415.328477645793      33
0.7766666666666664     7888.242497637396      33
0.7711111111111111     7401.468189531768      31
0.7666666666666667     6445.8876634153585      29
0.7755555555555554     7510.960889137167      31
0.85     9462.13203096589      35
0.7688888888888888     6912.918078318041      30
0.7711111111111111     7702.767147623386      33
0.7311111111111107     5163.410712823915      26
0.7944444444444446     8486.820552461857      32
0.7788888888888889     8168.894393552654      32
0.8099999999999999     8881.102768320796      35
0.714444444444444     5455.877091040362      27
0.7477777777777775     5834.60112821287      28
0.7666666666666666     6388.544362071064      29
0.7655555555555558     6732.868645977088      29
0.7077777777777777     5370.401242622405      27
0.7955555555555551     8018.014774815561      33
0.8499999999999995     10520.831629916422      35
0.7566666666666668     6883.163233667305      28
0.733333333333333     5538.4758632218345      27
