0.7799999999999998     24328.036719898977      61
0.7699999999999998     23249.487754382553      60
0.7733333333333331     23906.221452454934      61
0.7766666666666664     24075.323593752077      61
0.7744444444444442     24551.16161052308      61
0.7933333333333331     27706.5865690236      65
0.791111111111111     27253.605565369835      65
0.7833333333333332     26059.843019434673      63
0.7799999999999999     25384.810636035127      63
0.7899999999999999     27248.969350346753      65
0.7855555555555555     26389.48851661101      64
0.7822222222222219     25629.155308608566      63
0.7833333333333331     25875.699025503      63
0.7966666666666664     28160.64816405846      66
0.7844444444444443     26248.68805180959      64
0.7899999999999998     26504.97713185419      64
0.7855555555555555     26715.44962717262      64
