0.6749999999999997     8144.3118016142125      45
0.6708333333333331     7880.071967435498      45
0.6583333333333331     7789.387606213034      45
0.6708333333333331     8076.752283935539      45
0.6541666666666665     7603.1693912316      45
0.6749999999999996     8251.514030241115      45
0.6624999999999998     7872.677622270424      45
0.6416666666666665     7725.577193624725      45
0.6416666666666665     7896.900968320975      45
0.6249999999999998     7830.948406302535      45
0.6374999999999998     7889.762693136656      45
0.6708333333333331     8089.539070157932      45
0.5500000000000002     7848.236196704955      45
0.6083333333333332     7875.949441172763      45
