0.6041666666666665     7231.39250157383      43
0.6749999999999997     8074.859576680707      45
0.6458333333333331     7478.409509612911      44
0.6416666666666665     7787.220065283206      45
0.6041666666666665     7763.731870512875      44
0.6666666666666664     7790.688607288942      45
0.6708333333333331     7824.626874428444      45
0.6291666666666667     7738.216062434634      45
0.645833333333333     7855.524927087374      45
0.6624999999999998     8020.715645742076      45
0.6291666666666665     7691.137120850043      45
0.6749999999999996     8093.619833266929      45
0.6083333333333332     8068.493156607981      45
0.5958333333333332     8171.983518242379      45
