0.6166666666666666     7690.916381283138      45
0.6624999999999998     7830.2561275750295      45
0.6458333333333331     7931.758001699325      44
0.6791666666666664     8042.890723242315      45
0.6458333333333331     7808.655667501285      45
0.6541666666666665     7879.917637481724      45
0.6624999999999998     7992.886913937233      45
0.6458333333333331     7978.253310439269      45
0.6749999999999997     8038.693649025479      45
0.6416666666666665     7753.617762737816      45
0.6541666666666665     8046.036896357619      45
0.6208333333333332     8182.440067799297      45
0.5708333333333333     8181.435529264396      45
