0.9033333333333337     30217.121315148655      63
0.9055555555555559     31284.117528413863      63
0.906666666666667     32254.29950272635      64
0.9022222222222225     28703.5170583316      62
0.9088888888888892     33865.782845960166      65
0.9033333333333335     30056.1129277229      63
0.9077777777777781     32372.453585744574      64
0.9055555555555558     31337.62731454484      63
0.9077777777777781     34124.432675741984      66
0.9000000000000002     30346.656238046333      64
0.9033333333333337     32823.90704595248      65
0.896666666666667     29126.87338396822      63
0.9044444444444447     33990.978539449585      68
0.8966666666666668     29567.995390197637      63
0.9022222222222225     31176.52081379079      65
0.9000000000000002     31022.82452980915      65
0.897777777777778     31615.031846432696      64
0.8922222222222224     27540.96879544273      61
0.8911111111111113     30586.593532823383      65
0.9033333333333335     32419.249057853223      66
