0.8291666666666658     927.0904429608761      16
0.8083333333333326     792.7392475916912      15
0.7958333333333326     624.2634946445788      13
0.8583333333333324     1752.5683757908419      22
0.8249999999999992     913.9662613647816      16
0.8333333333333325     927.7108693477088      16
0.8458333333333323     1050.7550138282265      17
0.8666666666666657     1768.7385122067562      22
0.837499999999999     953.1875115501551      16
0.8499999999999991     1213.2953640966994      18
0.7833333333333325     608.3693542841995      13
0.7708333333333327     533.4205706168582      12
0.8583333333333324     1754.3884137235611      22
0.6208333333333332     499.40110321076446      12
0.8458333333333323     1178.714177542757      18
0.8416666666666657     1168.7023170602806      18
0.8666666666666657     2273.409327007053      25
0.741666666666666     632.4014123619343      13
0.8166666666666659     1023.4684391838473      17
0.8166666666666658     1030.1055836950047      17
0.8041666666666659     692.2475365596536      13
0.8124999999999992     867.1808395702468      15
0.8541666666666657     1326.784549149169      19
0.8291666666666658     1038.4696370500521      17
0.7249999999999995     501.43285854310545      12
0.7874999999999993     714.2471468426035      14
0.8124999999999992     990.7766663645858      16
0.8083333333333326     843.4572937858027      15
0.8041666666666659     948.9940862501194      16
0.862499999999999     1794.04735911359      22
0.8041666666666659     1006.2566537436251      17
0.8333333333333325     1038.9748045957328      17
0.8583333333333323     2591.0818527727415      26
0.8374999999999991     1049.2974214854935      17
0.8458333333333324     1194.1361826487982      18
0.7749999999999994     1052.660925577228      17
0.8208333333333325     1467.753580632659      20
0.7708333333333327     1015.804710178241      17
0.8458333333333323     1491.2655067421977      20
0.8499999999999991     1960.3580717060145      23
0.7166666666666662     1168.2091044321066      18
0.791666666666666     1285.6433508042899      19
0.8166666666666658     1662.9451238668944      21
0.8416666666666658     2132.2846998115074      24
