0.7208333333333329     508.08757603724587      12
0.7208333333333328     507.32850434335717      12
0.7083333333333328     438.25072136796285      11
0.7249999999999994     509.7795580036143      12
0.7874999999999993     638.9319231637753      13
0.7624999999999994     604.7791319621859      13
0.8208333333333324     699.8175434903696      14
0.837499999999999     889.3271801988744      15
0.8583333333333324     1324.4495492549797      19
0.862499999999999     1809.6657202413337      22
0.8583333333333324     1658.1146151706105      21
0.8333333333333324     810.3178015602253      15
0.8083333333333326     731.9882448112306      14
0.7624999999999993     611.0122855458118      13
0.8249999999999991     839.0215933301918      15
0.8208333333333324     910.8402230583166      16
0.8291666666666657     936.3561461051705      16
0.8541666666666656     2216.6420695202296      24
0.766666666666666     691.5621609516669      14
0.7499999999999994     541.849952610367      12
0.8166666666666659     841.514141756653      15
0.754166666666666     607.6922736999313      13
0.4750000000000003     277.6484644761776      9
0.6958333333333329     416.6152629160983      11
0.7458333333333328     518.3649635362677      12
0.8458333333333323     1004.6344102769868      16
0.8083333333333326     810.9284637253329      15
0.7041666666666663     600.0435890595629      13
0.8499999999999991     1405.0878796800198      19
0.6916666666666664     374.6867760329362      10
0.7041666666666662     588.1487478889728      13
0.6749999999999997     432.8827783674445      11
0.8416666666666657     1133.6216207770208      17
0.8374999999999991     1047.5202934685299      17
0.8208333333333324     915.2622591631246      16
0.7708333333333327     716.7987916390595      14
0.7458333333333328     624.5620138394393      13
0.754166666666666     694.5494346045421      14
0.8499999999999991     1417.7278566425732      19
0.4791666666666669     338.29299677665114      10
0.7291666666666662     643.8670364129147      13
0.8249999999999991     1054.786957021658      17
0.8041666666666658     834.7054428017394      15
0.6874999999999996     520.1941925660755      12
0.837499999999999     1308.2551622665947      19
0.7999999999999994     1468.1221647591876      20
0.7083333333333329     1032.7943110385763      17
0.6749999999999997     822.7661786011952      15
