0.7749999999999992     610.782202770627      13
0.6916666666666663     452.75738872970635      11
0.7416666666666661     534.5419583016352      12
0.7499999999999996     601.8783145910805      13
0.8249999999999992     634.8404299305346      13
0.8041666666666658     733.6888562345197      14
0.8583333333333324     1213.831398443488      18
0.8541666666666657     1213.4795179695352      18
0.8499999999999991     942.915262707447      16
0.7874999999999992     627.0877728173914      13
0.7249999999999996     529.4652648824951      12
0.695833333333333     485.9518510688863      11
0.837499999999999     816.13092692658      15
0.8333333333333324     852.5151377299139      15
0.6416666666666666     367.1322184485627      10
0.8541666666666656     1240.301509536869      18
0.6291666666666667     438.1638498572048      11
0.7458333333333327     611.9927682878546      13
0.8333333333333325     911.6655915432489      16
0.7999999999999992     710.3644397165275      14
0.7124999999999996     545.6819810633067      12
0.7749999999999992     697.5844452621535      14
0.791666666666666     700.7525920530742      14
0.7708333333333326     711.3746217204704      14
0.6250000000000001     299.77515213582956      9
0.6999999999999996     518.1087234570966      12
0.6958333333333329     564.5255350143327      12
0.7249999999999996     631.2190577394555      13
0.8374999999999991     936.3771976504082      16
0.7916666666666659     736.0227493724357      14
0.7624999999999994     644.760840514165      13
0.7416666666666661     641.2812590694257      13
0.8583333333333324     1305.7984836371304      19
0.8541666666666657     1493.6837930313377      20
0.7041666666666663     572.6022028716479      13
0.7166666666666663     599.570141202639      13
0.6208333333333333     299.60755919593703      9
0.8541666666666657     1669.3557678041998      21
0.6291666666666667     520.2402828951161      12
0.7249999999999995     723.6683313957844      14
0.8499999999999991     958.6746432525307      16
0.8291666666666658     748.4532554708792      14
0.8249999999999992     1469.9161086383563      20
