0.8533333333333335     14405.140957994865      41
0.8744444444444445     16534.30130460247      46
0.8677777777777781     16940.338481428887      44
0.8555555555555558     15785.881209756952      40
0.8588888888888891     16629.726088498894      41
0.866666666666667     16795.425504503877      44
0.8733333333333334     16548.11928869778      45
0.8644444444444446     14373.734824661022      44
0.8766666666666668     16918.83498998838      48
0.857777777777778     15887.006896242472      41
0.7455555555555551     10978.919309131088      38
0.8477777777777777     14022.934248394304      42
0.8733333333333334     15491.241221589165      46
0.8766666666666667     16969.19153758063      46
0.8655555555555556     17743.72186845962      50
0.8811111111111113     19108.579898251828      48
0.8544444444444446     15667.171733363142      42
0.8511111111111114     14123.545697050473      40
0.8688888888888889     17889.144162660006      46
0.8455555555555555     13630.848805075202      42
0.7633333333333331     11053.762616281892      39
0.8766666666666668     18606.86371383295      50
0.8644444444444447     16757.308898531915      48
0.8477777777777781     14468.869632228296      40
0.7444444444444445     10537.166766163988      36
0.8955555555555559     22590.675608401358      53
0.8622222222222223     17188.395233135383      47
0.8755555555555561     18167.536139645967      44
0.8555555555555556     14126.707951790295      43
0.8777777777777781     18609.068855418558      47
0.8400000000000001     12072.840972324588      37
0.867777777777778     18342.399272242514      47
0.8311111111111109     14235.415542847953      44
0.8377777777777776     14281.174353275932      41
0.8333333333333337     15748.875030833746      44
