0.6666666666666664     25702.59531922387      75
0.6544444444444444     24382.671527618935      72
0.6111111111111109     24372.172149434682      75
0.6566666666666664     25095.39416554711      73
0.6188888888888888     24916.16739160908      75
0.6499999999999999     25414.219885928716      74
0.6533333333333331     25581.664802128886      74
0.581111111111111     24563.816490056997      75
0.6633333333333332     25850.50936423747      75
0.6411111111111109     25770.037645463322      75
0.6100000000000002     25082.435944439625      75
0.6322222222222221     25639.537764342385      75
0.5977777777777776     24609.642649768906      75
0.5688888888888888     24387.6974626748      75
0.6411111111111106     25827.923941629768      75
0.6133333333333333     25565.17502094299      75
0.6333333333333332     25701.771048902498      75
0.5855555555555555     24608.03427086719      75
0.6222222222222222     25600.050636192114      75
0.6466666666666662     26030.45755900188      75
0.6011111111111112     25545.87172756687      75
0.5477777777777778     24471.293320572186      75
0.6277777777777775     25855.031260220643      75
0.7033333333333333     27917.579065854796      78
