0.5877777777777776     21158.959068590524      70
0.5888888888888888     24049.249722809804      72
0.6544444444444443     24737.242825363504      75
0.6177777777777776     24332.009786013845      75
0.6277777777777775     24774.724152312436      74
0.624444444444444     24551.207307639837      75
0.701111111111111     29182.74528335154      80
0.6344444444444443     24960.78273775698      75
0.6466666666666664     25900.08121170343      75
0.6277777777777777     25002.66711325327      75
0.6411111111111111     25530.750499809692      75
0.6311111111111111     25734.838699515716      75
0.6166666666666665     25710.80349989175      75
0.6133333333333334     24342.189048504693      75
0.6344444444444445     25778.14074750149      75
0.5877777777777776     23214.046293078      73
0.5644444444444445     24569.886402854587      75
0.6011111111111109     24685.27416281994      75
0.5644444444444445     24780.57228275955      75
0.5977777777777777     25592.05926389777      75
0.5199999999999999     25628.90431739587      75
0.6666666666666665     25969.154190102825      75
