0.6466666666666665     25582.109538754044      75
0.6455555555555552     24718.36543139262      73
0.5788888888888888     24678.402024669867      73
0.6055555555555555     24820.087313925997      73
0.6055555555555555     24842.91250214869      73
0.6166666666666668     24435.727341676295      75
0.6277777777777777     25339.162150297205      75
0.5600000000000002     24503.271276675903      75
0.5811111111111109     24648.164986249474      75
0.5988888888888887     24881.98312907706      75
0.5922222222222221     24745.078906781306      73
0.6477777777777773     25796.566938082044      75
0.6144444444444445     25373.258564374206      74
0.6022222222222222     24986.74136762192      75
0.6055555555555555     25256.373487888053      74
0.5999999999999996     24888.159476851713      75
0.6466666666666663     25414.78327686723      75
