0.8374999999999991     2385.660883386054      25
0.8624999999999989     2624.574422859131      26
0.8749999999999989     2652.70706881952      26
0.8374999999999991     2561.1684319832466      26
0.8374999999999991     2566.7207158175997      26
0.8583333333333323     2593.281699986029      26
0.8916666666666655     2883.96741009676      27
0.8916666666666655     3070.985628285143      28
0.8541666666666657     2605.1824631743552      26
0.8791666666666657     2666.291909802524      26
0.8624999999999989     2625.840494486604      26
0.8916666666666655     3081.553756156504      28
