0.9633333333333336     10092.160041566656      34
0.9666666666666669     11074.73355253551      34
0.9666666666666669     10434.456825726855      33
0.9633333333333336     10092.751245482641      32
0.9522222222222224     8942.398104029833      31
0.9533333333333337     9341.326801183235      31
0.9633333333333335     9979.011156947921      34
0.9622222222222226     10071.331530326022      33
0.9688888888888894     11009.116424780424      35
0.966666666666667     10260.617024613071      34
0.9611111111111114     9953.603358733924      33
0.974444444444445     12995.60139359706      34
0.974444444444445     11675.757375153666      35
0.9644444444444447     10127.5909661579      32
0.9388888888888892     10103.715937381588      34
0.9688888888888891     10878.254286805204      33
0.9666666666666668     10303.163353658765      32
0.9733333333333337     11060.735013886362      34
0.9688888888888892     10719.990173604026      35
0.9533333333333335     9050.199970624433      32
0.9577777777777783     9961.4450041993      33
0.9544444444444445     9321.724487492489      33
0.9677777777777782     10533.75530537233      33
0.9511111111111115     8831.010758574588      31
0.9477777777777782     8818.349097191278      31
0.9566666666666669     9860.873497182716      33
0.9688888888888894     11549.176433893175      35
0.9711111111111115     11121.282177233259      34
0.946666666666667     9173.385920331702      31
0.9411111111111115     10137.189620142382      35
0.9488888888888891     9776.824549604778      33
0.9611111111111112     9352.663155343396      31
0.9677777777777781     12886.61764247109      34
0.9311111111111113     9829.153248209741      35
0.9722222222222225     13122.028234745698      33
0.945555555555556     9592.845253872161      33
0.9622222222222225     10014.143398137941      33
0.9633333333333335     10428.837755743882      33
0.9400000000000003     8361.139117610433      31
0.9688888888888892     10845.301635449146      34
0.9622222222222224     10038.35429410897      32
0.957777777777778     10209.142202412762      34
0.9744444444444449     11586.47262293868      35
0.9444444444444449     8615.207142762258      31
0.9377777777777782     8922.965326351465      32
0.9744444444444449     12299.930526805216      36
0.9655555555555557     11830.17916633282      36
0.9655555555555556     11331.273933162665      35
0.9688888888888892     12530.332050435547      37
0.9711111111111116     13657.311028478718      37
