0.9688888888888894     11311.657268964147      35
0.9700000000000004     11316.060189761125      36
0.9600000000000003     9534.787519041447      32
0.9488888888888892     10050.450642372773      35
0.9588888888888892     9913.727255943864      32
0.9711111111111115     11729.41446613673      34
0.9500000000000001     9321.497017750402      32
0.9633333333333336     9995.933875782937      33
0.938888888888889     8161.928389576013      31
0.9633333333333336     10097.146983894785      32
0.945555555555556     9470.463153996665      32
0.9688888888888891     10689.835325190486      33
0.9744444444444449     11761.540521872426      35
0.957777777777778     9443.97628113156      31
0.9766666666666672     12421.076216819245      37
0.9100000000000001     7748.305840920052      30
0.9688888888888892     12556.06752468072      33
0.9722222222222225     11349.679786788385      35
0.9188888888888893     9122.65292690859      33
0.936666666666667     9442.33090195842      33
0.9388888888888892     8273.94917198816      30
0.9700000000000004     10895.334555820888      34
0.9533333333333334     9812.112522477855      33
0.9644444444444447     10273.029426429623      33
0.9755555555555561     12245.462152244954      36
0.9111111111111111     8049.324656550608      32
0.9177777777777779     7828.25195347755      30
0.9322222222222224     8707.10930502472      32
0.9655555555555559     11278.37976346309      35
0.9444444444444446     8655.916309338543      31
0.9711111111111115     11280.110725158942      35
0.9222222222222227     7958.4584274663175      30
0.9777777777777783     12520.613689416126      36
0.9777777777777783     12487.774374664023      37
0.9677777777777781     10641.443675913837      34
0.9611111111111117     9917.610831683194      34
0.9611111111111112     9550.446441150048      32
0.9500000000000002     9323.586374714117      31
0.907777777777778     7647.550851403256      30
0.9688888888888892     11897.858413330896      37
0.967777777777778     10576.351694868177      33
0.965555555555556     11582.218010002414      36
0.9400000000000003     11263.473471865624      32
0.9411111111111113     9792.609635972316      33
0.947777777777778     9001.973576451932      31
0.9700000000000003     13693.252933327401      36
0.9311111111111116     8132.098264255848      30
0.9211111111111113     7940.108384955012      30
0.9788888888888894     12940.258407077667      38
0.9700000000000003     14170.749213022917      38
