0.6466666666666665     22663.325246437762      72
0.541111111111111     19868.425851095715      65
0.6544444444444442     26933.235155466955      77
0.6455555555555552     27165.28082233471      77
0.6411111111111112     28553.72640096976      80
0.6155555555555555     23674.395953233405      72
0.6411111111111106     24115.93348825349      72
0.6311111111111112     27632.516309148654      79
0.6455555555555553     28868.311923788948      79
0.5955555555555552     23579.84432285163      73
0.6944444444444444     29524.904090898282      80
0.5077777777777777     20086.288060822055      68
0.6177777777777778     24329.458196652628      73
0.633333333333333     30866.547442578918      83
0.5977777777777775     24553.200517198984      75
0.6177777777777775     25153.343329821175      74
0.5922222222222222     21061.31518017357      69
0.4944444444444444     21268.104508598106      70
0.6299999999999998     25819.48151180289      76
0.45666666666666655     23789.298463226412      74
