0.6533333333333333     27738.456546990856      78
0.6688888888888885     29012.844972646788      80
0.5966666666666665     20548.99687072614      67
0.6422222222222218     23149.058165966882      71
0.5788888888888887     20857.768346601726      69
0.6533333333333331     27120.871570072086      78
0.6399999999999998     24806.76152528401      74
0.6255555555555555     25541.83963409686      76
0.6044444444444443     26088.16914614114      77
0.5999999999999999     22100.12944166525      70
0.5566666666666669     22483.139453778327      71
0.5544444444444445     20616.03958481328      68
0.5966666666666668     26165.43832090592      77
0.5855555555555556     23502.092928216127      72
0.6099999999999998     27356.72675021175      77
0.6166666666666666     28051.269368426205      80
