0.7822222222222219     8422.822087459812      33
0.7822222222222224     8126.381052873823      33
0.76     7738.30843396806      31
0.8244444444444442     11029.283784259733      37
0.834444444444445     11217.900240207055      35
0.8133333333333334     9173.467521555      33
0.8433333333333334     11213.722441023008      36
0.7811111111111108     8403.691141084391      33
0.8466666666666666     10831.584779306877      37
0.7677777777777772     7727.127325595393      30
0.8122222222222221     9314.51858354575      34
0.841111111111111     10486.941882235904      35
0.8099999999999997     9176.811787546942      33
0.792222222222222     11115.605362834463      36
0.8155555555555554     9183.968501805295      35
0.771111111111111     7826.164571504866      31
0.7644444444444438     7620.576763406487      30
0.7944444444444445     9077.055423609328      34
0.7911111111111109     10795.382007389155      38
0.7711111111111111     7146.70457955414      31
0.85     11344.765370906502      36
0.7955555555555555     9849.19377982209      36
0.8522222222222223     12589.928586043592      39
0.7733333333333331     10577.307502349662      39
0.783333333333333     8216.154237146817      31
0.7833333333333332     8560.65561678075      33
0.7733333333333331     7711.719307420812      32
0.8255555555555552     11746.190181562739      39
0.8577777777777775     10851.757055754919      37
0.7722222222222218     8215.639360663683      31
0.8444444444444442     10465.693651896556      35
0.7733333333333328     10948.909432909662      37
0.7799999999999999     8119.953170797705      33
0.8333333333333334     9527.83989710327      33
0.7599999999999995     7582.0771935959965      30
0.7555555555555554     7499.877758237287      31
0.8377777777777778     10993.093047829516      36
0.8800000000000004     12468.087795407413      37
0.7877777777777775     9326.829941191436      34
0.8588888888888887     11801.081841605892      39
0.8188888888888891     11241.145178936984      39
0.733333333333333     7132.812533426106      31
0.8244444444444442     9749.742909960318      34
0.856666666666667     11477.237686889257      35
0.7611111111111107     6583.645211696889      28
0.7877777777777778     8916.490551371631      35
0.8033333333333331     8275.47801972725      32
0.8600000000000004     12499.809904489257      38
0.7799999999999999     8470.830711247083      30
0.876666666666667     12832.249614245666      38
