0.8333333333333334     10432.304169106832      37
0.7155555555555553     9697.888650737754      37
0.8444444444444444     10905.469185236612      37
0.8588888888888888     12295.408913100988      41
0.8655555555555554     11866.021119834624      39
0.868888888888889     11933.714522474185      40
0.8111111111111109     11685.731706513616      41
0.8088888888888889     9898.217175025879      35
0.7888888888888886     9844.295337127072      36
0.8133333333333326     10386.317591955305      38
0.833333333333333     9380.069541707853      34
0.8599999999999997     13763.77457796269      41
0.7811111111111111     9679.384496450097      35
0.8455555555555557     11020.517711937535      37
0.8399999999999996     10553.833638247856      37
0.8733333333333334     12436.01343254486      39
0.7766666666666664     10453.4389074561      39
0.8599999999999998     11876.756517958465      38
0.7488888888888885     9003.390035069615      35
0.8011111111111106     8950.829824297341      34
0.7777777777777776     9496.769511684217      36
0.8511111111111108     11317.452281164124      38
0.84     10877.36929193075      37
0.898888888888889     14807.303297534758      43
0.8822222222222222     12782.742136711064      40
0.8588888888888888     11489.013704122093      39
0.7477777777777773     9961.764185251133      37
0.8844444444444447     14617.825867378613      42
0.7766666666666663     9500.690808520603      35
0.8933333333333333     13614.657006038697      41
0.8300000000000001     12061.941216661518      38
0.8877777777777781     17753.263427054615      46
0.735555555555555     9711.36185989493      36
0.9033333333333332     15751.781412384255      44
0.877777777777778     14242.43129973407      43
0.7277777777777773     12850.35782716956      41
0.8633333333333334     15966.99420619669      45
0.7077777777777774     8564.212232711341      35
0.8188888888888888     13161.92777063998      43
0.8988888888888891     17762.675234171184      47
0.7599999999999995     8204.988694649424      34
0.7155555555555554     10052.877067309413      33
0.6622222222222223     8883.184348578974      35
0.6988888888888889     10170.133840929848      34
0.9011111111111116     18604.731288210634      48
0.7899999999999998     21227.073265338226      40
0.644444444444444     7815.560408334431      28
0.6344444444444439     7254.1766224345565      29
0.6077777777777773     6545.178303389673      31
0.5511111111111106     5786.831168600178      25
