0.7799999999999999     10080.0113289122      36
0.8255555555555549     10084.315504324759      37
0.8333333333333328     10563.589117554284      37
0.8277777777777777     10063.065329729989      36
0.7811111111111108     9965.475371327815      36
0.8255555555555555     10045.39587922727      36
0.7799999999999995     9055.688142794539      35
0.8333333333333328     10177.140241308527      36
0.872222222222222     12934.728423771368      40
0.8322222222222219     12134.769652787223      41
0.7755555555555558     8571.811054741745      34
0.7611111111111106     9033.23547177731      35
0.8344444444444447     12522.064228574553      41
0.8455555555555556     11895.759669085543      39
0.8488888888888885     11576.828397713847      39
0.7622222222222219     7922.245265963026      33
0.8433333333333335     10793.438669891313      36
0.8177777777777779     10310.768784423806      36
0.8455555555555557     11498.062484599266      38
0.8355555555555553     12085.458908117716      39
0.7822222222222219     9921.975542581862      37
0.7755555555555551     8559.691634722652      34
0.7399999999999998     8084.5463256186595      33
0.7677777777777777     8928.391621569248      35
0.7922222222222218     10503.933706557955      36
0.8688888888888888     13859.76152274486      41
0.8099999999999996     8972.193032319588      34
0.7988888888888889     10591.372940883257      36
0.8177777777777776     10676.369741988678      37
0.8455555555555552     12217.179285822662      37
0.8277777777777776     12861.801726940186      41
0.7666666666666664     9981.851782311476      34
0.7888888888888885     8716.14083846226      34
0.7877777777777774     8709.762186213191      33
0.8411111111111115     10595.754143317985      36
0.83     11001.379164623897      38
0.8255555555555549     9347.736987754246      35
0.8599999999999998     12446.008763968453      39
0.7399999999999994     9246.699882237357      36
0.8566666666666665     12210.5001642936      40
0.848888888888889     11699.353989458183      38
0.7788888888888891     9684.301946185677      35
0.7477777777777778     8215.258937899316      33
0.7511111111111108     12682.065557152293      42
0.7577777777777776     8290.5234124762      32
0.8222222222222221     11153.166891089793      39
0.8733333333333333     22723.495738437385      41
0.862222222222222     13097.192947843329      40
0.8799999999999998     13985.179044304783      42
0.8155555555555554     12951.120037125667      43
