0.8666666666666668     11829.604292834216      38
0.8322222222222224     9859.852074132194      34
0.8455555555555557     10926.182107703187      35
0.8244444444444443     9939.70993170414      33
0.8477777777777775     10201.224627556301      36
0.8299999999999997     9594.09976816488      35
0.8766666666666666     11868.154020416956      38
0.8522222222222221     11177.130076881997      38
0.8033333333333332     8908.193367567119      32
0.8555555555555554     11776.182705757705      36
0.838888888888889     10797.177863201448      35
0.8499999999999999     10965.150871150527      38
0.8477777777777779     10865.730089164235      36
0.8855555555555555     12636.705584550076      40
0.8488888888888886     11394.65444416215      35
0.8644444444444442     11291.857441338792      37
0.8855555555555557     13247.947996699068      41
0.7855555555555553     7861.640292684543      32
0.838888888888889     11583.719749078025      37
0.7477777777777775     8197.259761686415      33
0.8066666666666664     8416.095650284076      33
0.8288888888888885     9300.796355873194      35
0.8788888888888888     12102.272608021363      38
0.8099999999999997     9311.09489488992      35
0.8422222222222222     11780.651142058032      39
0.8288888888888885     9399.449519309228      35
0.8088888888888888     9409.135344933724      33
0.8766666666666666     12378.164917197737      40
0.8011111111111112     9775.339490582657      36
0.7966666666666662     8718.474882653381      34
0.8644444444444445     12164.993196825075      39
0.7222222222222222     6561.493249253869      30
0.8844444444444445     13265.07794276039      42
0.7755555555555554     9204.788435665385      35
0.8366666666666667     9930.593448260046      34
0.8599999999999998     12229.911644547456      39
0.8422222222222222     12223.165034290565      40
0.8299999999999997     11820.361998385453      41
0.7611111111111108     8676.70813533985      34
0.7433333333333332     8764.122256857363      35
0.7888888888888886     9510.206404570099      34
0.8133333333333331     11179.373328660055      39
0.7355555555555552     8527.712282791705      34
0.7988888888888892     11021.650201634438      37
0.8366666666666667     14124.046685808076      41
0.7588888888888886     10313.222502261313      38
0.8088888888888891     12109.730280467582      39
0.8888888888888892     16393.244656280476      46
