0.886666666666667     15338.282194238363      42
0.8655555555555557     11807.351376888964      38
0.8344444444444442     11661.701584218079      39
0.8400000000000001     11134.827629856905      37
0.7966666666666665     11173.160582591023      39
0.84     10883.914287810923      37
0.8533333333333335     11049.599219877013      38
0.8344444444444441     11253.001031191161      39
0.7977777777777775     8380.995764388274      33
0.8688888888888892     12322.798839129944      39
0.8399999999999996     12715.08693462392      40
0.7944444444444444     9376.353474511256      35
0.8099999999999998     9401.247560016951      36
0.8666666666666668     12935.518474808814      41
0.8277777777777778     11125.233578194668      39
0.8322222222222219     10027.262024576376      36
0.8511111111111109     12614.394397118216      40
0.7444444444444441     8454.387947116034      32
0.8644444444444445     11804.988464660119      40
0.7444444444444438     9259.649360599045      34
0.8877777777777784     15390.963555853197      42
0.8644444444444445     12199.280923557857      41
0.8744444444444446     13194.29516039143      38
0.8677777777777779     12313.410192542862      41
0.8033333333333331     10684.582050851299      38
0.877777777777778     13984.459701673188      42
0.8544444444444442     15311.003584558772      44
0.7444444444444442     8674.08551200714      34
0.7744444444444442     9187.3511643017      35
0.8366666666666666     11758.201240493923      39
0.8066666666666668     10009.441908004343      34
0.8622222222222222     13815.640260571356      42
0.8211111111111109     11002.102663193957      37
0.8555555555555556     11549.037308191855      38
0.8444444444444443     11482.089213289757      37
0.8844444444444445     14238.157655625853      41
0.7977777777777775     11843.191483421153      38
0.8333333333333333     10458.331550490058      35
0.8222222222222224     9950.762771598022      36
0.8166666666666664     12181.08379022452      40
0.8133333333333332     9592.836739223076      36
0.8855555555555555     14878.420683855034      42
0.8466666666666667     13375.534045377799      42
0.7733333333333334     9071.614212504492      33
0.8866666666666669     15080.016679676408      43
0.7888888888888888     11676.354342581108      39
0.8700000000000001     15804.867517684816      44
0.7333333333333333     9007.88458887074      34
0.8866666666666667     17286.083322837843      45
0.8877777777777783     18717.412456552014      48
