0.8266666666666665     10797.66348571262      35
0.8155555555555553     9437.41856654923      35
0.8144444444444441     10061.876110849913      34
0.7833333333333333     8779.953424344032      33
0.828888888888889     10906.970236400823      35
0.7811111111111109     9531.988600783508      33
0.8255555555555554     9511.128136739148      34
0.7899999999999999     8461.911477632491      33
0.8155555555555556     10007.926794741374      36
0.831111111111111     10659.036816645807      36
0.8266666666666667     9915.135700780034      36
0.7155555555555554     8284.853146038371      34
0.8444444444444444     11662.25098062509      36
0.8355555555555557     11046.717121813033      35
0.8533333333333332     12106.629102043247      38
0.7711111111111109     8096.29928262441      33
0.8666666666666665     11220.419220424088      36
0.7633333333333331     9120.98183945585      35
0.7855555555555555     8724.602276913232      34
0.8511111111111112     11081.039150913814      36
0.743333333333333     6957.636805721017      30
0.7411111111111108     7989.908413707729      33
0.7622222222222219     8518.135466230597      33
0.8211111111111109     9020.53646557647      33
0.8666666666666669     12721.704811142386      40
0.7488888888888888     8020.851692134088      31
0.7833333333333331     9518.945877884218      36
0.8333333333333334     10997.915585600318      37
0.7677777777777777     8011.15163048794      31
0.8666666666666668     11796.831184402028      39
0.8400000000000001     10016.957465635287      35
0.7666666666666666     8343.29473348898      32
0.7155555555555553     7083.991567708693      30
0.8455555555555554     10923.056143024705      36
0.8333333333333335     10590.919366780383      37
0.7777777777777775     8422.558022638954      33
0.7966666666666666     9452.796393541586      34
0.7911111111111109     8987.959987509332      34
0.8400000000000001     11644.68079115682      39
0.8644444444444445     14173.972132834446      40
0.7366666666666666     7401.870475007623      32
0.877777777777778     12116.880163226038      38
0.7355555555555551     6842.735890235513      30
0.7555555555555553     10171.197083210773      38
0.7199999999999999     9014.435994580168      35
0.8844444444444447     13415.350298547819      40
0.8122222222222222     9572.541266382992      34
0.8700000000000003     12855.367598957526      41
0.7733333333333329     18109.79779139936      35
0.8866666666666669     14501.870764759777      42
