0.6291666666666665     528.4815280760346      12
0.5166666666666669     359.0145534367623      10
0.6041666666666666     485.4541408395398      13
0.6499999999999998     620.2577435838691      13
0.5708333333333334     295.5082824446815      11
0.6416666666666665     582.958916022868      12
0.3375000000000002     161.01496704119705      7
0.6791666666666664     909.6964275528142      16
0.6416666666666665     586.6374773100251      14
0.6208333333333332     557.5558542695428      12
0.6249999999999999     562.2734579483994      14
0.5416666666666669     363.82644164948806      10
0.46666666666666695     213.3971863809219      10
0.6874999999999997     1286.6793831563327      18
0.6333333333333332     680.9648142986044      15
0.6874999999999997     1397.5537360771714      20
0.6291666666666665     614.5048648781237      14
0.6874999999999997     1469.3088277335014      20
0.6249999999999999     671.690376053152      13
0.5999999999999999     388.30810233550915      10
0.5833333333333335     434.3672949939999      11
0.5916666666666666     484.9207659593248      13
0.6499999999999998     709.0886724095399      14
0.6666666666666664     762.7922520603528      14
0.42916666666666686     277.3620364869434      9
0.5666666666666669     482.73405443968625      12
0.6749999999999997     843.034502841889      15
0.6791666666666664     957.8601550877182      16
0.42916666666666703     207.47744519578396      10
0.6874999999999997     1530.7850713763592      21
0.6541666666666665     714.622944888798      14
0.6249999999999999     654.0759315324179      15
0.6541666666666665     833.407407317807      15
0.5458333333333336     283.2036978177012      11
0.6624999999999996     941.7759808770433      16
0.658333333333333     1185.051048207465      18
0.6416666666666665     767.1407630265934      14
0.5625000000000001     443.5000695626151      11
0.6666666666666664     1529.9888422028216      20
0.6291666666666665     970.7503316274947      17
0.479166666666667     295.8631898545228      10
0.6291666666666665     1031.1501439219155      16
0.6166666666666666     497.34840596872044      12
