0.6208333333333332     536.3703995531308      12
0.5708333333333334     351.4251700582799      10
0.6333333333333332     541.312678651526      12
0.5791666666666668     364.96474041560344      10
0.5000000000000003     275.67966996805023      9
0.6874999999999997     819.274047464498      15
0.6499999999999998     643.4407007242623      13
0.6166666666666666     587.0918735215919      13
0.6041666666666665     585.4814699352914      13
0.49166666666666686     235.17153714395505      8
0.6416666666666665     623.3425999041021      13
0.6874999999999997     829.8655905309978      15
0.6708333333333331     699.8666545452257      14
0.5625000000000001     347.6922862918326      10
0.6     445.0580982647038      11
0.5916666666666668     456.1600516115823      11
0.6124999999999999     591.1986659899418      13
0.5583333333333335     409.8547396687405      11
0.5833333333333333     536.9271045016791      11
0.5916666666666667     509.37601642181903      12
0.5916666666666668     516.7462538209835      12
0.6041666666666667     606.1940561272395      13
0.683333333333333     908.0486543567623      15
0.5458333333333335     423.4438626808261      11
0.5666666666666668     512.4549560705502      12
0.5541666666666668     459.461408792347      11
0.5666666666666668     536.6169283347697      11
0.5916666666666667     609.3538464652869      12
0.5625000000000001     514.8331785225679      12
0.6208333333333332     628.0859067683816      13
0.5791666666666667     585.5092897456427      13
0.6     602.5710333652432      13
0.5750000000000001     517.6107340837249      12
0.6416666666666665     686.6037819178246      14
0.6666666666666664     805.1210342692708      15
0.5833333333333333     608.0197014331209      12
0.6083333333333332     725.1988103285203      14
0.5416666666666667     294.12764832465126      9
0.6041666666666666     608.9654917749968      13
0.5583333333333335     717.8729838538846      14
0.6624999999999998     848.451570661384      15
0.5375000000000003     365.7701560997459      10
0.5750000000000001     1033.9485926058908      17
0.5541666666666667     610.1225276551414      13
