0.1866666666666665     4358.859235938402      31
0.18999999999999984     4411.271523105371      31
0.17777777777777765     3824.0220125805085      29
0.18777777777777763     4499.279595859463      32
0.19888888888888875     4697.653949484424      32
0.20666666666666653     6585.7140889870825      38
0.21333333333333324     6938.534182714066      39
0.2122222222222221     7025.814736460266      39
0.21444444444444433     7198.27166946864      40
0.19333333333333316     4526.5594888084615      32
0.1977777777777776     4919.408838270153      33
0.17999999999999983     4040.2073365423394      30
0.1744444444444443     3975.6475931858854      30
0.211111111111111     6826.405178947013      39
0.1855555555555554     4296.649721827429      31
0.16555555555555543     3461.022324675763      28
0.2088888888888888     6792.918998686508      39
0.17222222222222208     3729.3318477361368      29
0.2055555555555555     6411.317039142787      37
0.1566666666666665     3202.2234645355397      27
0.1633333333333332     3481.7861176572433      28
0.1777777777777776     4562.58772374074      32
0.20555555555555544     5265.24241009805      34
0.19111111111111095     4976.918916964424      33
0.1766666666666665     4244.718844277693      31
0.20555555555555546     7156.332689698736      40
0.1688888888888887     3755.461446346869      29
0.19777777777777764     6278.015074134942      37
0.19333333333333313     5176.917151053362      34
0.15555555555555547     3727.8010012593795      29
0.2133333333333332     8751.707203319702      44
0.18999999999999984     4903.24915565551      33
0.201111111111111     6439.02698806743      38
0.1955555555555554     5390.349041890879      35
0.1877777777777776     4645.002550108267      32
0.191111111111111     5125.290275250746      34
0.17333333333333323     4481.360148099666      32
0.17222222222222208     3773.7026184612305      29
0.18222222222222204     7824.430757891865      42
