0.1877777777777777     5185.170739361809      34
0.19222222222222213     5232.660082746068      34
0.20666666666666658     6080.795331705316      36
0.19333333333333325     5241.937371753533      34
0.17666666666666656     4038.4410483297493      30
0.21222222222222215     6895.4031646462245      38
0.1877777777777776     4749.5605795724905      32
0.21666666666666654     7529.881981582791      40
0.21444444444444433     7133.964521033686      39
0.18555555555555547     4745.36182050776      32
0.18555555555555542     5073.190635044174      33
0.21444444444444433     7649.591229206673      41
0.1988888888888888     5691.204897626608      35
0.21111111111111103     6807.153995106185      38
0.21888888888888877     8732.445645403834      43
0.21333333333333324     8449.89488560296      43
0.2022222222222221     6013.906107538549      36
0.21555555555555544     9763.753759635805      46
0.21999999999999983     10136.878940625731      47
0.20777777777777773     7417.014072593152      40
0.20777777777777767     7123.195128207993      39
0.1688888888888888     3782.965662484046      28
0.19888888888888875     5301.159798636766      33
0.2077777777777777     7133.356845284399      39
0.20555555555555546     7152.0758016204345      39
0.20999999999999985     7695.234025418816      41
0.18222222222222204     4194.028911754639      30
0.17111111111111094     4132.895910474195      30
0.21444444444444433     9230.10771436521      45
0.19777777777777764     6981.794578069486      39
0.1788888888888887     5376.360201879324      35
0.21333333333333324     8973.641245527171      44
0.2066666666666666     7239.609647872882      40
0.201111111111111     8936.65345624845      44
0.16333333333333322     4702.061060316961      32
0.19444444444444434     5680.792442780301      35
0.22222222222222207     10233.627930582377      47
0.19444444444444434     7738.26851832859      42
