0.20444444444444435     5511.755275503533      35
0.20111111111111102     5964.329208644881      35
0.17111111111111105     4009.905411218075      30
0.18666666666666654     5397.186628416385      35
0.16555555555555543     3306.7889049202527      27
0.20111111111111102     5837.059554406136      36
0.16444444444444434     3388.5725859533163      27
0.1788888888888887     5776.847140003604      36
0.17444444444444426     5801.837903051764      36
0.19555555555555537     5438.49249486831      35
0.171111111111111     4012.8511904526717      30
0.20444444444444432     6886.288190214831      39
0.17999999999999988     4389.238103247249      31
0.211111111111111     6622.9662352500545      38
0.21111111111111103     7100.9048658900565      39
0.19     4424.007822039959      31
0.18666666666666648     5337.162004538895      34
0.17777777777777773     3428.3917016682767      27
0.20666666666666658     5585.213372730619      35
0.20666666666666658     6516.042118419971      38
0.18444444444444427     5533.84930321439      35
0.1877777777777776     5330.6733526927355      34
0.1833333333333333     4896.8700749648315      33
0.20888888888888882     5925.919454395931      36
0.21555555555555542     7087.859121093373      39
0.21555555555555547     6747.235935155204      38
0.20666666666666655     5742.273717110847      34
0.1866666666666665     3871.769790589665      29
0.17999999999999985     3816.132761614205      28
0.1833333333333332     4581.860279134379      32
0.2088888888888888     8301.603364763989      43
0.1699999999999999     3969.577950261939      30
0.18888888888888875     6138.280219824974      36
0.21333333333333318     6410.921224990616      37
0.2022222222222221     4724.967939880777      32
0.1855555555555554     4947.054821807373      33
0.201111111111111     4479.454780974924      31
0.19555555555555537     6034.643646264908      37
0.1744444444444443     4290.613323566226      31
0.20666666666666658     6934.760828164743      39
0.16555555555555543     3513.1324018193445      28
0.16333333333333322     3946.8479876614806      30
0.21888888888888872     8426.058669475731      43
0.1722222222222221     3313.344132963625      27
0.19333333333333322     7348.9314838879645      41
0.21333333333333324     8085.059381274355      42
0.20444444444444443     7705.313155795493      41
0.13555555555555546     3206.5285411508535      27
0.21999999999999983     8886.112765267966      44
0.131111111111111     3376.971023822291      28
