0.5077777777777777     5875.366110624168      33
0.5399999999999999     7829.812185592      39
0.5166666666666666     6181.765991491167      34
0.5344444444444444     6533.007336071149      35
0.5766666666666668     13091.35360862066      50
0.5777777777777778     13167.403106121588      50
0.5555555555555556     8621.59485660776      41
0.5811111111111112     13509.260596944247      51
0.5233333333333334     6788.94571366388      36
0.5033333333333333     5846.263882073165      33
0.5522222222222222     7958.920551165465      39
0.5388888888888888     7183.326150176237      36
0.5188888888888888     6498.834744942449      35
0.5033333333333332     5779.02566774416      33
0.5811111111111112     14559.768711864495      53
0.5522222222222222     9009.308495734143      42
0.49666666666666665     5682.2215633631595      33
0.5722222222222223     9674.51871380758      43
0.5555555555555557     9292.489417343424      42
0.5755555555555558     12978.804052430212      50
0.578888888888889     13445.30923645183      51
0.5344444444444444     6826.460759951397      36
0.5188888888888888     6839.778805318368      36
0.5744444444444445     11381.011215781973      47
0.5733333333333334     11772.118723873105      47
0.5822222222222223     17783.98724218918      59
0.5199999999999999     7324.770319541827      38
0.5477777777777777     7910.742147689768      39
0.5133333333333332     6866.502905207607      36
0.5188888888888887     7799.737981860482      39
0.5300000000000001     8239.746504995974      40
0.5722222222222223     11274.90761534856      46
0.528888888888889     7963.0552643063875      40
0.56     9607.93863969638      43
0.5488888888888889     9321.246739860831      42
0.5077777777777777     6467.325541758177      35
0.5666666666666668     13010.469981955508      50
0.4977777777777777     7114.277515852425      37
0.491111111111111     5377.28007531408      32
0.528888888888889     8900.568423515706      42
0.568888888888889     13893.230768785059      52
0.5199999999999999     9050.516037181003      43
0.4944444444444443     5880.6368469797735      34
0.5733333333333334     14020.368439799438      52
0.5422222222222222     10237.345922946817      45
