0.9511111111111116     9180.873562786766      32
0.9511111111111118     8081.631062594035      29
0.9233333333333339     7042.01690737959      28
0.9355555555555559     7291.698528922314      28
0.9477777777777783     7704.39677321528      29
0.9611111111111116     8723.346033385176      30
0.9477777777777778     7703.616534566715      28
0.9511111111111115     8080.469556485239      29
0.9611111111111116     9356.880948484139      32
0.9566666666666672     8575.83356577206      29
0.945555555555556     9207.591601233087      32
0.9600000000000006     8650.977108281844      29
0.9255555555555559     8119.493854182137      31
0.9522222222222226     8602.3708230127      30
0.947777777777778     7841.746279305836      28
0.9433333333333337     8341.494087529198      31
0.945555555555556     9136.241792200395      31
0.9411111111111116     8322.86629675603      29
0.9344444444444449     7052.258864279102      28
0.9422222222222226     8371.340694346583      31
0.9377777777777782     7326.760022665473      28
0.9488888888888896     8050.05233879509      29
0.9622222222222229     9077.008010862492      30
0.9288888888888891     7759.632016195874      29
0.9566666666666672     9287.802984525664      32
0.9466666666666672     8729.404294008971      31
0.9233333333333336     7756.673045714613      28
0.954444444444445     8172.308999634392      28
0.93     6657.187783454502      26
0.9566666666666672     8937.412934464464      31
0.9411111111111112     7619.982325846802      28
0.9100000000000003     6659.682774219007      28
0.9333333333333337     7152.943408653461      26
0.9188888888888891     6381.052982505516      26
0.9077777777777778     7024.60635239398      28
0.9633333333333338     9598.078334510736      32
0.9322222222222224     6771.221459881649      27
0.9355555555555558     7282.260674704584      28
0.9522222222222225     8102.230725853667      29
0.9244444444444447     9020.493041202832      32
0.9188888888888891     7622.5791957723395      29
0.9266666666666671     6402.474700857007      26
0.9388888888888891     8178.243225439604      30
0.956666666666667     8452.500338679742      30
0.9600000000000006     9908.080390027388      33
0.946666666666667     7403.47474697383      27
0.9488888888888893     9676.760149452533      33
0.9588888888888893     9374.777100626865      31
0.9166666666666667     7274.455827779934      28
0.9122222222222227     6066.497777852692      26
