0.9400000000000005     7565.231169562405      28
0.9477777777777782     8018.910276995935      29
0.9411111111111113     7554.1033165149565      28
0.9655555555555559     10924.801662786593      34
0.9477777777777783     7667.420908369275      27
0.8944444444444448     6059.1516120823635      25
0.945555555555556     8040.408130584608      29
0.8966666666666666     6321.082832354072      27
0.8966666666666666     6512.387999583997      26
0.945555555555556     7122.318533719697      26
0.926666666666667     7231.2429657087305      29
0.9344444444444447     7126.529151047691      27
0.9355555555555558     6818.900641174549      26
0.9255555555555557     6616.359375233901      26
0.954444444444445     8003.592843476192      28
0.9433333333333338     6928.933273028169      26
0.9633333333333339     10844.97988060333      33
0.9500000000000005     7508.423657195306      27
0.9211111111111113     6461.16640940757      26
0.9533333333333337     7782.840315880208      28
0.9700000000000006     9753.282037168545      32
0.9711111111111118     11265.64246592244      34
0.9566666666666672     8142.086063278005      28
0.9611111111111119     8405.596808491975      29
0.9522222222222229     10587.759875947171      35
0.9011111111111113     5987.2540173418      26
0.9155555555555556     6311.6358764194165      26
0.9077777777777782     6107.9166943683695      26
0.9199999999999999     6914.89656521582      27
0.9677777777777785     9644.666051973092      31
0.9288888888888892     6529.852232140993      25
0.9688888888888895     9567.831578763025      29
0.9011111111111112     7640.8672667444725      29
0.9388888888888892     6836.7967358794185      26
0.9733333333333338     10446.129996159607      32
0.9622222222222229     10925.415298244585      33
0.9411111111111113     7285.584615338363      27
0.9700000000000008     10417.564393736491      33
0.9677777777777785     11146.246020918747      35
0.9177777777777778     6675.120425839248      26
0.9655555555555563     11553.337891710105      35
0.9488888888888894     10151.503988954842      34
0.9300000000000003     8247.364092734299      31
0.9677777777777785     11608.400086008527      36
0.963333333333334     10047.111242394172      32
0.963333333333334     8496.731690836139      28
0.9666666666666673     8893.808473034751      29
0.8855555555555557     7577.981136647071      28
0.9655555555555562     9442.726376849794      30
0.8755555555555555     6101.5250514549725      26
