0.9633333333333338     9354.205827053242      30
0.9622222222222228     9153.24731800361      31
0.944444444444445     7956.888301018728      29
0.9566666666666672     8641.144413560223      31
0.9666666666666673     9234.724117284828      31
0.9400000000000005     7403.600867913016      28
0.9488888888888894     8057.585360996753      30
0.9522222222222225     8170.350165899872      29
0.9677777777777784     10084.40204194712      31
0.9311111111111116     7376.589056666895      29
0.9522222222222227     8860.615088289029      29
0.9200000000000002     6800.824004300558      28
0.9622222222222226     9016.658908059693      30
0.943333333333334     8476.609862148262      28
0.964444444444445     9368.78143674559      30
0.9422222222222228     7859.143016788994      30
0.9311111111111114     7158.943499060719      28
0.9555555555555558     8307.415447679583      30
0.9211111111111112     7014.542811511769      29
0.9411111111111116     7499.85547100767      28
0.9588888888888891     8830.225003077569      31
0.9577777777777784     8703.327359897727      30
0.9711111111111118     9937.902014152485      32
0.9677777777777784     9882.29195191491      32
0.9633333333333339     9585.301828952317      29
0.9011111111111111     6363.524024246848      27
0.9044444444444447     6883.360082189341      28
0.927777777777778     11812.18183960314      29
0.9711111111111119     11382.313632848207      36
0.8388888888888888     5834.750624599949      27
0.8811111111111111     6278.167004281182      26
0.9377777777777779     7870.463152317584      30
0.9422222222222227     8526.812318112292      31
0.7888888888888888     5908.223766205287      26
0.9333333333333335     8298.24087394352      30
0.9700000000000008     11068.57927181615      36
0.8422222222222219     6253.6246435086305      26
0.9733333333333339     13243.211118291458      38
0.8666666666666665     6554.35623088215      28
0.9677777777777784     13016.149004265115      40
0.9222222222222227     7639.716241266879      29
0.9666666666666672     11206.241129354348      34
0.843333333333333     7723.987450269737      31
0.9344444444444446     8976.908777922106      34
0.9622222222222228     9188.306088560725      31
0.9355555555555558     11029.583387029705      35
0.9655555555555562     12996.031594276494      38
0.9522222222222225     11044.247978854426      36
