0.8541666666666656     2364.0187686046784      25
0.849999999999999     2188.7464461100326      24
0.849999999999999     2348.8544976967028      25
0.8291666666666658     2337.596745000204      25
0.8541666666666657     2368.7788220345074      25
0.8541666666666657     2377.093739647377      25
0.849999999999999     2357.5213584828116      25
0.8666666666666656     2568.5344143682414      26
0.8249999999999992     1997.334419064752      23
0.8624999999999989     2386.722727274586      25
0.8624999999999989     2554.3642931582176      26
0.8708333333333322     2772.87275367704      27
0.8666666666666656     2584.533015419735      26
0.8541666666666656     2426.5516884236463      25
0.8624999999999989     2582.3635327274696      26
0.8666666666666656     2750.4270572602923      27
0.8708333333333322     4209.067138353748      33
