0.8499999999999991     2220.7141095526295      24
0.8416666666666657     2056.322377419525      23
0.8458333333333323     2246.151069094212      24
0.8583333333333324     2412.7726922356514      25
0.862499999999999     2615.0976004159957      26
0.8541666666666657     2412.6659667170393      25
0.862499999999999     2630.837886661627      26
0.8541666666666657     2416.5640787814314      25
0.8583333333333324     2580.053717892279      26
0.8583333333333324     2614.985039351235      26
0.8666666666666657     2839.6318982473645      27
0.8666666666666657     4922.230891833939      36
