0.8874999999999988     3938.02210950301      32
0.8833333333333323     3689.5261910709933      31
0.8833333333333323     3918.6031837636447      32
0.8666666666666657     3231.669908182115      29
0.8874999999999988     4174.6577545645105      33
0.8833333333333322     3692.1345056528767      31
0.8791666666666657     3451.3604091365046      30
0.8833333333333323     3922.3977593463496      32
0.8874999999999988     4209.161877647901      33
0.8874999999999988     4684.3605730141735      35
0.8874999999999988     4948.536070760162      36
0.8874999999999988     6094.273253302011      40
0.8874999999999988     6140.591547033804      40
0.8874999999999988     6162.977250371812      40
0.8874999999999988     6429.206401470525      41
0.8874999999999988     6454.1021469319085      41
0.8874999999999988     6747.055145811348      42
0.8874999999999988     6747.502989175372      42
0.8874999999999988     7103.28414889126      43
0.8874999999999988     7117.263590792911      43
0.8874999999999988     7861.160961068915      45
0.8874999999999988     7872.979866248884      45
