0.8499999999999991     2161.9822016143394      24
0.8708333333333323     2374.3024364369535      25
0.8458333333333324     1998.703016902064      23
0.8666666666666657     2537.141276836262      26
0.8833333333333323     3205.9876342277043      29
0.8583333333333323     2368.8755180100243      25
0.8833333333333323     3454.0156935712093      30
0.874999999999999     2550.3700905367755      26
0.8791666666666655     2789.751561521762      27
0.8791666666666657     2799.4883336718644      27
0.874999999999999     2552.9588718391296      26
0.874999999999999     2758.33718116537      27
0.8708333333333323     2565.3350828529215      26
0.8791666666666657     2970.415808261571      28
0.8791666666666657     2988.2461581889634      28
0.8791666666666657     3201.85345704967      29
0.8833333333333323     3973.8612385954516      32
0.8874999999999988     4264.517386358724      33
0.8874999999999988     5031.995389138775      36
0.8874999999999988     5776.60908627728      38
0.8874999999999988     5796.6889330617105      38
0.8874999999999988     6346.825420171845      40
0.8874999999999988     6396.304720979771      40
0.8874999999999988     6486.261145778315      40
0.8874999999999988     6500.127226384915      40
0.8874999999999988     6755.810961835653      41
0.8874999999999988     6855.435932154912      42
0.8874999999999988     6930.563490994765      42
0.8874999999999988     7262.992160056911      43
0.8874999999999988     7513.857804787056      44
0.8874999999999988     7570.127367064491      44
0.8874999999999988     7586.854460205405      44
0.8874999999999988     7608.060133812236      44
0.8874999999999988     7753.645367380434      44
