0.8744444444444445     12844.06017200237      38
0.8744444444444448     13413.792471352846      38
0.8688888888888893     13366.997400224394      38
0.8522222222222223     9666.701284205985      34
0.8466666666666667     9497.91859334604      33
0.8722222222222223     12593.987753132678      39
0.8488888888888891     10166.417288409371      34
0.8655555555555557     10940.930053843185      34
0.8511111111111113     10518.809023275637      35
0.8733333333333337     13758.447833956301      39
0.8744444444444448     13882.455517953897      39
0.7844444444444444     7998.053984923596      32
0.8433333333333335     10022.09541442312      34
0.7566666666666667     7613.222631313667      31
0.8588888888888891     10801.94098719296      36
0.827777777777778     8954.014523869968      33
0.8677777777777781     13381.825952374526      40
0.888888888888889     17504.89822622863      44
0.8555555555555558     10864.874740344218      36
0.887777777777778     15503.864971799618      42
0.8866666666666669     15375.008653932551      41
0.8733333333333334     13834.560591541576      41
0.8633333333333334     11044.893630982955      37
0.8855555555555557     15715.881817422236      43
0.8733333333333336     13946.051483903753      39
0.7844444444444443     8358.252633561147      32
0.8622222222222226     10877.180789283582      35
0.7588888888888888     7702.230431539349      31
0.8833333333333335     14200.403540632466      40
0.7677777777777777     8843.318631909668      32
0.8844444444444447     15213.007278314637      40
0.8688888888888888     13412.526577722034      38
0.8800000000000001     14044.117199735461      39
0.8844444444444447     15620.97206953692      41
0.851111111111111     11271.882596465472      37
0.8644444444444448     12157.020906381018      37
0.8844444444444447     17708.341246134663      45
0.8755555555555559     13954.025104136721      38
0.8844444444444446     14289.546946093253      40
0.8455555555555557     10037.565790587489      34
0.8844444444444448     19494.051263049725      46
0.8322222222222223     10336.333056284351      35
0.8655555555555556     13371.147311746467      39
0.8633333333333336     12597.91071936475      38
0.8733333333333336     13908.596233906179      40
0.838888888888889     10251.331163280158      36
0.8277777777777778     9132.57680152659      33
0.8588888888888893     11727.125324041694      36
