0.8122222222222221     9175.880850212776      33
0.7433333333333333     7192.041777387603      30
0.8155555555555555     9442.432784870094      33
0.7722222222222223     7944.588988961207      32
0.8555555555555554     10635.754475247466      35
0.8366666666666667     9743.265548592886      34
0.8100000000000003     9657.438605098418      35
0.8177777777777777     9769.300130733624      34
0.8244444444444445     10158.068859198569      34
0.7377777777777774     7908.643615881197      31
0.8688888888888893     14439.665550510023      41
0.8588888888888889     11548.538995962674      37
0.8677777777777781     13395.305634100248      39
0.85     10089.72185943535      35
0.8600000000000001     11862.905780070922      37
0.7544444444444444     8332.847764768137      33
0.8544444444444445     12442.956205412178      38
0.8088888888888889     9342.050718146309      34
0.8277777777777776     10115.159282193756      35
0.7988888888888888     9003.082985004245      34
0.8022222222222222     9126.557577473743      34
0.85     10474.774189275531      35
0.79     8995.733429994858      34
0.81     9709.515330985449      35
0.7833333333333333     8405.328309604676      32
0.8233333333333333     9804.237089980756      34
0.7699999999999999     8935.285519798499      33
0.8211111111111109     10085.848339005546      35
0.8533333333333333     10836.862075649315      36
0.8122222222222221     9931.032349524687      35
0.7633333333333333     8584.475608539227      33
0.7822222222222224     8852.671667253024      34
0.7766666666666666     9023.639624084186      33
0.811111111111111     10068.20971087117      35
0.731111111111111     8754.870722290667      34
0.8088888888888888     9360.72321783058      34
0.85     10764.810321143934      36
0.7966666666666664     9204.88857942678      34
0.8188888888888888     10116.563414530508      35
0.8077777777777775     9328.449294323005      34
0.8477777777777777     10207.070619556303      35
0.7999999999999997     9770.640476973816      35
