0.8766666666666668     11646.526461579593      38
0.8233333333333329     8546.793111904815      32
0.801111111111111     7239.5908307308555      30
0.8577777777777779     10128.54744692872      35
0.8322222222222222     8693.868391457614      32
0.8522222222222222     9625.443198309862      34
0.8555555555555558     9670.052011880749      35
0.8211111111111109     8400.238722418828      33
0.8711111111111114     11407.59973138481      37
0.8822222222222224     13027.497311730263      40
0.8177777777777775     8110.739054812605      32
0.8811111111111113     14726.006118564106      40
0.85     9957.888314211135      35
0.7933333333333331     7775.6923619098      32
0.8722222222222225     11529.662724726584      38
0.8566666666666667     10192.669024843322      36
0.8233333333333331     8591.120895417771      32
0.8555555555555556     10603.62219922723      36
0.8544444444444446     10478.777836103998      36
0.8544444444444445     10175.24325819197      35
0.828888888888889     8590.878324460751      33
0.8522222222222225     10310.518549418279      35
0.8566666666666667     10560.866790119566      37
0.8711111111111114     11977.928278360532      38
0.828888888888889     8612.134339968301      33
0.8133333333333332     8419.585737722873      32
0.8100000000000002     8005.973854480344      32
0.8477777777777775     9263.061761888903      33
0.8433333333333335     8973.407877139964      33
0.8688888888888889     10604.043114688282      36
0.8522222222222222     9991.997180957882      35
0.8811111111111112     12887.911110313573      40
0.8500000000000001     10175.407417093904      35
0.8499999999999999     9803.141700653165      34
0.8011111111111111     7852.888033959432      31
0.8177777777777776     8679.47755458065      34
0.8533333333333334     10875.84518811444      36
0.8533333333333333     10627.996332030014      36
0.8677777777777781     11153.06812417101      38
0.8299999999999998     8986.650735767751      34
0.8433333333333335     8994.02391919538      34
0.8433333333333335     9835.454487286552      36
0.8455555555555557     10411.504606318485      36
0.8355555555555558     9263.04284260183      35
0.8099999999999996     8408.238602580577      32
0.8666666666666669     11132.811979760343      38
0.8655555555555556     11894.795467976133      38
0.8633333333333335     11490.176724476738      37
0.8555555555555556     10679.919515522035      37
0.8555555555555557     11224.471508526716      38
