0.7977777777777779     6712.928188189463      29
0.8022222222222224     6772.750648689818      29
0.8311111111111112     8874.49006578532      34
0.8533333333333336     10051.505408806623      34
0.8344444444444448     8933.962763073505      32
0.8222222222222225     8078.035789442572      31
0.836666666666667     9831.633868440027      34
0.7933333333333331     6762.870749915272      29
0.782222222222222     6510.674196357676      29
0.7866666666666664     6719.578943535583      29
0.7755555555555553     6053.594531830192      28
0.7755555555555553     6093.678513881711      28
0.7700000000000004     5862.859311944537      27
0.7788888888888889     6471.938198884554      28
0.7577777777777779     6008.45371259489      28
0.7322222222222222     5819.652533606975      27
0.826666666666667     8352.406553917235      32
0.7655555555555557     6231.207519321125      28
0.777777777777778     6385.115927677632      28
0.8322222222222221     9722.86675208401      34
0.808888888888889     7164.975277599594      30
0.7833333333333331     6724.50423689502      29
0.8266666666666667     8063.916546691243      32
0.8077777777777779     7232.138544310341      30
0.75     6080.564823460203      28
0.8133333333333335     8110.327046151178      32
0.8277777777777782     8868.701142252708      33
0.8077777777777779     7250.480246665926      30
0.8433333333333337     10051.934340534714      34
0.8155555555555557     8182.547105214672      32
0.8255555555555556     8603.395684479357      33
0.8266666666666669     9359.071603667844      34
0.8222222222222223     9051.277238218821      34
0.8200000000000001     8212.907169585751      32
0.7755555555555559     6298.264046128573      28
0.8111111111111111     8435.595935623951      33
0.7955555555555557     6814.660607295443      29
0.8266666666666668     9897.026431911796      34
0.7566666666666667     6113.15152536292      28
0.8055555555555557     6838.603515500263      29
0.782222222222222     6827.379573880261      30
0.7622222222222224     6117.347408546632      28
0.7977777777777779     7013.424429941947      30
