0.7866666666666665     25409.8033561526      63
0.7833333333333332     25206.178865388607      63
0.7933333333333331     26341.394454996538      64
0.7822222222222223     24554.290264887237      62
0.7833333333333332     25288.196614085948      63
0.7899999999999998     25524.440872631956      63
0.7922222222222222     26258.609171292603      64
0.7899999999999999     26228.912912458763      64
0.7899999999999998     26131.194298013455      64
0.7966666666666665     26431.115531798736      64
0.7988888888888888     27756.769544019506      66
0.7999999999999999     28633.80230507586      67
0.7988888888888889     27932.10204406564      66
0.7966666666666665     27171.260735747568      65
0.8011111111111111     30395.007006081767      69
0.7899999999999998     29918.184497899467      63
0.7633333333333333     28594.730317070054      61
