0.767777777777778     22039.584032142666      58
0.78     23461.845807809044      60
0.7799999999999999     22125.29404660487      58
0.771111111111111     22963.31263325098      60
0.7577777777777778     21477.14661334343      58
0.7922222222222222     25034.522066486305      62
0.7811111111111111     24164.702542341296      61
0.7888888888888889     24680.041812267595      61
0.7877777777777777     24334.026465474704      61
0.7922222222222223     28307.55305274079      66
0.7922222222222222     26884.389097588773      64
0.7944444444444444     29208.59397556511      67
