0.8455555555555555     9856.343901715445      36
0.833333333333333     9822.417528448714      37
0.8477777777777776     9858.555325121086      36
0.8077777777777774     9464.178485567865      35
0.8888888888888888     12816.185946240257      40
0.8811111111111114     11987.30063994731      40
0.8900000000000001     12876.44219552407      42
0.8555555555555553     9887.08547140431      36
0.8900000000000003     12825.239195416645      40
0.8577777777777782     12680.829788601863      37
0.8066666666666665     8217.252812372415      34
0.791111111111111     9095.425126825883      36
0.802222222222222     8114.392361193273      33
0.831111111111111     9023.815631609816      34
0.8611111111111112     9936.597667529611      36
0.8811111111111113     11791.878789696548      40
0.8155555555555559     9792.472971467205      37
0.8377777777777775     9531.449898872394      35
0.8877777777777781     12608.142862814942      40
0.8200000000000001     10507.31199899007      33
0.7899999999999998     8755.769854198525      35
0.798888888888889     9574.0468112786      31
0.8455555555555555     9421.371637766546      36
0.8466666666666667     10804.517199964812      39
0.8299999999999998     8477.493150375949      34
0.7900000000000001     7892.969665508533      33
0.8811111111111113     11953.962627777837      40
0.7911111111111109     10364.243518694633      35
0.812222222222222     9914.351340115525      38
0.8822222222222224     12136.11985977412      40
0.8688888888888886     10422.850153729805      36
0.8333333333333333     10235.680530858068      37
0.8866666666666667     13052.987438370745      42
0.7888888888888892     8363.17989303295      34
0.8722222222222225     10435.653735459862      37
0.7922222222222224     7942.284504832545      34
0.8800000000000002     11110.713402675387      38
0.821111111111111     10180.917757159586      36
0.8899999999999999     13662.521188352552      39
0.8633333333333333     11126.867001582326      39
0.8088888888888887     8350.63274768332      33
0.8500000000000003     11536.10494306739      35
0.8555555555555556     13696.339682706921      43
0.8966666666666671     13091.493577015148      42
0.8833333333333336     12225.24287227304      41
0.8699999999999998     15175.851577149362      43
0.7399999999999997     8126.879854796517      34
0.7644444444444443     7912.536105317008      33
0.8822222222222224     15241.411731563248      45
0.6544444444444442     6907.091481827114      31
