0.8555555555555555     10663.54093634753      36
0.8811111111111111     11857.692433496342      39
0.8744444444444445     10519.432091163913      37
0.8399999999999999     9945.191613888492      36
0.8544444444444446     10929.728795074452      38
0.8833333333333335     12510.12744083812      40
0.8844444444444446     12737.600835493427      41
0.8355555555555554     9568.4206492807      35
0.8099999999999999     8986.77197993613      35
0.8844444444444441     13858.652731651373      40
0.8700000000000001     11449.627740085321      38
0.8822222222222222     12336.369627690316      40
0.8300000000000001     9158.566013190712      35
0.857777777777778     10936.70655382191      38
0.8755555555555555     11474.39009486097      39
0.7966666666666665     8973.356874571899      35
0.7900000000000003     8404.317031065422      34
0.74     7894.588161573731      34
0.8522222222222222     9952.612610991428      36
0.8155555555555553     9062.777650382062      34
0.8755555555555554     12721.23021291793      40
0.7822222222222219     8156.64019021099      33
0.8744444444444446     12521.90909900674      41
0.8955555555555557     12906.442411072558      41
0.8322222222222216     10488.732422624973      37
0.812222222222222     9905.343289268953      37
0.78     8271.107717223518      34
0.832222222222222     10606.062427681818      38
0.8777777777777774     14262.256443667791      41
0.7255555555555553     8665.111726854053      36
0.8077777777777776     9949.331895532534      36
0.7999999999999998     10636.669961720507      37
0.8733333333333332     11586.874590925145      38
0.7866666666666662     9066.00566229709      35
0.8355555555555553     10817.593662158904      38
0.8811111111111113     13560.645568049265      43
0.8033333333333332     11353.88705379948      38
0.8388888888888889     13343.516808498533      40
