0.38666666666666655     11933.379092286019      52
0.3077777777777777     10035.989953193663      48
0.3866666666666666     12196.397192780249      52
0.35333333333333317     11955.366200178929      52
0.37222222222222195     12435.990371732132      53
0.3644444444444442     12052.414395960388      52
0.36555555555555536     12938.510232336965      54
0.34222222222222215     10286.953021128578      48
0.3422222222222221     11473.804186318544      51
0.33999999999999975     11485.499861950868      51
0.3088888888888888     11014.066124809096      50
