0.9033333333333337     36360.679760200044      66
0.9033333333333337     36755.31902115878      66
0.9055555555555559     39119.64302356115      67
0.9044444444444448     39544.66373839897      69
0.9055555555555559     40148.54234753326      68
0.9055555555555559     41770.20869437753      70
0.9033333333333337     37092.85211288295      67
0.9033333333333337     37522.7206294492      67
0.9033333333333337     39105.10362020927      69
0.9055555555555559     41809.98187934821      70
0.9066666666666671     43128.02775354873      71
0.9066666666666671     43354.64899041128      71
0.9066666666666671     45919.808659863746      74
0.9066666666666671     47545.806059212395      73
0.9088888888888892     47032.09363764632      75
0.9066666666666671     47158.91259617819      75
0.9066666666666671     49528.108138196185      75
0.9100000000000004     50127.46759611224      78
