0.9088888888888892     30351.763031309467      63
0.9022222222222224     29485.047352384165      63
0.9077777777777781     30779.88577136876      64
0.9077777777777781     32579.923093790105      64
0.906666666666667     30878.908614054602      64
0.9088888888888892     33465.4527152654      67
0.9088888888888892     33546.222309181416      67
0.9088888888888892     35005.29489988696      68
0.9088888888888892     35834.096251687515      67
0.9022222222222224     30342.6623533237      64
0.9088888888888892     38055.05242064778      69
0.9088888888888893     42288.30325158332      75
0.9100000000000004     52477.89752514905      80
