0.788888888888889     6365.2426582132375      30
0.8800000000000001     9320.210596604831      36
0.8988888888888891     10563.540852676071      38
0.801111111111111     6452.0120147457055      30
0.8755555555555558     9230.193585068944      36
0.9088888888888892     12354.68319608187      41
0.8677777777777778     8596.477806770517      35
0.896666666666667     10266.70652902757      37
0.8644444444444446     8324.774543377445      34
0.8900000000000003     9931.101652102787      36
0.8933333333333335     10588.554960543815      37
0.86     8236.777101773909      33
0.9022222222222224     11793.60997304852      40
0.8622222222222224     8715.289624494122      35
0.8544444444444443     7343.150497382362      32
0.8177777777777778     7313.4104582041855      32
0.8977777777777779     10795.660679539997      39
0.8855555555555557     10006.69824763621      37
0.9011111111111113     10816.10577918443      38
0.8222222222222223     7390.214576145263      31
0.7999999999999999     6731.417598077464      30
0.868888888888889     8964.806651825655      35
0.8911111111111114     10216.179121670548      37
0.8088888888888889     6827.197282164558      31
0.8866666666666668     10778.072327755192      39
0.8855555555555559     10907.956785270144      39
0.8144444444444445     7156.205822326451      32
0.7777777777777777     6981.581309012277      32
0.8411111111111109     7499.068776446421      32
0.8855555555555557     10338.560614536833      38
0.8822222222222225     9411.936808540147      36
0.8855555555555557     11890.489621653338      41
0.8055555555555556     7210.465263635347      32
0.8800000000000001     9340.075527016506      36
0.8577777777777778     7837.481333865252      33
0.8677777777777778     8760.169258020816      35
0.8655555555555556     9180.796079470174      36
0.851111111111111     8324.500026112073      34
0.8655555555555556     9187.319399783648      36
