0.9088888888888891     9378.118515627793      35
0.9055555555555558     9272.134531793956      35
0.8388888888888889     7578.854607402507      32
0.8544444444444443     7582.043551679604      33
0.8233333333333331     7665.758438674814      33
0.8099999999999997     7540.6479093651005      33
0.882222222222222     8712.041944637893      34
0.8988888888888891     9175.155507735259      35
0.8744444444444442     8626.697513546987      34
0.8722222222222223     7996.277879349525      33
0.9177777777777781     10243.680676883718      37
0.8444444444444441     7714.619106680446      32
0.9111111111111113     10223.811979981103      37
0.9222222222222225     11449.817443242002      40
0.8788888888888888     9029.053251082812      35
0.9     9492.67357792728      36
0.8877777777777777     9163.544110301413      36
0.8833333333333335     9149.231370543335      35
0.9088888888888891     9644.417212390681      36
0.8700000000000001     8652.362812036516      34
0.9055555555555558     9611.535098342481      36
0.8933333333333334     9392.386760061867      36
0.9133333333333336     10351.657681865208      37
0.9211111111111113     11489.919796098537      40
0.8333333333333333     8086.814796656851      33
0.9088888888888891     9712.72258826445      36
0.9144444444444446     10813.642809407207      38
0.9055555555555558     9634.1997893819      36
0.8766666666666666     9056.41836016154      35
0.9111111111111113     10233.287645216193      37
0.8933333333333333     9179.564481334595      35
0.9088888888888891     10062.019336778196      37
0.8655555555555554     8259.902057300014      34
0.862222222222222     8965.538216192852      35
0.9100000000000001     10556.818892517602      38
0.8933333333333333     9520.139947141533      36
0.9133333333333334     10645.290850100397      38
