0.8777777777777779     7044.360344857157      29
0.9033333333333335     8401.613211862954      32
0.7033333333333331     4532.652193704085      25
0.8177777777777773     5542.374582751234      27
0.7988888888888886     5465.063766074537      24
0.8833333333333332     8156.607765412518      32
0.7655555555555552     5114.118908471358      26
0.842222222222222     6039.942331883223      28
0.8966666666666668     8580.355169294007      33
0.8422222222222219     6285.280331297476      27
0.8911111111111112     8907.262012417641      34
0.7555555555555551     4691.8402713362675      25
0.858888888888889     6583.466274987224      28
0.8699999999999999     7263.461931148966      30
0.842222222222222     6340.562972496923      29
0.8388888888888885     6037.675148141083      28
0.7955555555555548     5118.181958140257      26
0.9066666666666667     9336.606385715708      34
0.867777777777778     6634.757708151132      28
0.9011111111111113     9750.574313781557      36
0.8855555555555554     8224.150391455532      32
0.824444444444444     6330.965229903418      29
0.8544444444444446     6853.03898969484      29
0.8444444444444441     6432.006346681557      29
0.8088888888888881     5350.339607359723      26
0.8777777777777779     7315.439151040808      30
0.8199999999999995     5835.7768393313745      28
0.8466666666666666     6777.596511340812      29
0.8244444444444439     5892.626222310607      28
0.8588888888888887     7180.800018808794      30
0.8544444444444445     6763.431582939443      30
0.8077777777777776     5926.21496276878      27
0.7888888888888883     5748.625162246126      28
0.8388888888888885     6364.6847873035995      29
0.8411111111111107     6738.867915333838      30
0.825555555555555     6478.175779044201      30
0.8066666666666663     6259.559406288497      29
0.7444444444444439     5672.000824238873      28
0.8600000000000002     7255.632948543033      30
0.7988888888888885     6242.5181417435115      29
0.8544444444444445     7055.449948417045      31
0.8955555555555557     11023.702421563119      37
0.7966666666666663     5878.709407311493      28
0.7588888888888884     5933.867442222      29
0.8255555555555548     6583.66312758927      30
0.8155555555555551     6551.782121298478      30
0.8588888888888889     7433.761562544638      32
0.8822222222222224     7453.006823158616      30
0.8244444444444439     6610.1785584879335      29
0.868888888888889     7683.5709373410455      31
