0.8299999999999996     7085.827071012374      30
0.8622222222222216     7489.726465503196      32
0.9144444444444446     9182.706349332322      34
0.7999999999999997     6709.561346626958      29
0.8133333333333332     6863.750412634153      29
0.7644444444444443     6119.087722838419      28
0.9044444444444445     8326.765334589705      32
0.9044444444444445     8973.27874040355      34
0.8244444444444441     7102.553241462702      30
0.8966666666666665     8539.158673493346      33
0.8844444444444445     8074.12051188481      32
0.8088888888888884     6900.722339604617      30
0.9122222222222223     10007.405960399226      36
0.918888888888889     10533.821200695309      37
0.8055555555555555     6934.548318875185      30
0.8522222222222218     7155.549646226998      30
0.8788888888888887     7756.124265444342      31
0.8622222222222217     7582.303330903292      31
0.8588888888888883     7495.382924491473      31
0.864444444444444     7668.265210371107      31
0.8788888888888887     8058.511014773063      32
0.8266666666666662     7144.531395872351      30
0.874444444444444     7584.399112280036      32
0.8577777777777776     7701.855130353326      31
0.8833333333333333     8122.11036605722      32
0.911111111111111     9430.202402729266      35
0.9022222222222221     9009.561159516263      33
0.7499999999999997     6119.83347882846      29
0.8966666666666667     8677.234683938192      33
0.8788888888888887     8147.488041870336      32
0.823333333333333     7113.381463523906      30
0.8233333333333333     7369.621438441977      31
0.8233333333333329     7098.981546461232      30
0.7966666666666663     6758.037199088926      30
0.8788888888888886     7772.614636017324      31
0.8922222222222219     8197.078332568628      32
0.8044444444444441     6974.277025734411      30
0.8777777777777775     8009.589427914287      32
0.8988888888888888     8917.968223271106      34
0.8966666666666665     8570.783423875082      33
0.8788888888888886     8073.270981021344      32
0.8922222222222219     8584.12663480938      33
