0.8266666666666668     7986.953861543413      35
0.8633333333333334     12006.837935974758      43
0.8255555555555554     7897.115843890652      35
0.8322222222222226     8760.263117794708      38
0.8411111111111114     8860.263087692005      37
0.7177777777777773     5260.699853953384      29
0.8577777777777779     10873.457941355837      42
0.8166666666666665     7711.335433622916      35
0.8622222222222224     11607.54050877428      43
0.8533333333333335     9408.690267987067      38
0.8     7642.409502218683      35
0.8344444444444443     9075.232584717478      38
0.8411111111111113     9589.455088275214      39
0.8455555555555555     9937.35994164092      40
0.8688888888888889     12054.339997030691      43
0.8044444444444444     7707.460899464005      35
0.838888888888889     9522.835044107163      39
0.851111111111111     10453.353832700852      41
0.8622222222222223     11528.521758484389      42
0.8311111111111112     8308.342679532921      36
0.8077777777777777     7991.060657633271      35
0.7511111111111113     5605.775659507902      30
0.8600000000000002     11592.023150972722      44
0.7444444444444442     5368.374431935023      29
0.847777777777778     10193.384787562318      40
0.8622222222222223     13014.889295546016      47
0.6755555555555557     4883.981263760268      27
0.6755555555555551     5375.093280764024      30
0.7322222222222222     5742.523811642624      30
0.8000000000000002     8010.4675109177715      36
0.8255555555555556     10416.10230627638      41
0.701111111111111     5847.39975489001      30
0.7688888888888888     6415.878503631946      32
0.8488888888888889     10750.556552840333      42
0.8233333333333334     8066.811671076384      36
0.7988888888888889     7305.994256932616      34
0.81     8178.273455115492      36
0.8     8180.685958494354      37
0.8511111111111113     11285.078786488983      43
0.8444444444444447     11853.238671262212      45
0.82     8749.872372606831      37
0.8599999999999999     12507.10454456566      45
0.7811111111111112     8280.497787648923      36
0.7633333333333333     6220.063507082421      31
