0.33333333333333315     28940.723755357605      70
0.34222222222222215     26496.507360941614      75
0.34444444444444433     29827.206157868273      71
0.3733333333333331     27135.30976798622      75
0.32555555555555543     29244.335334494896      70
0.3466666666666664     27508.340292633602      75
0.30666666666666664     23981.064396914717      70
0.3455555555555554     30213.16227792168      71
0.3599999999999999     30646.73468850099      72
0.32888888888888873     29465.95238172819      71
0.35333333333333306     27563.96907665302      75
0.3455555555555554     30530.2175618841      72
0.35444444444444434     31129.136914705763      73
0.3522222222222219     32483.42635336112      75
0.33333333333333326     26264.334086914732      75
0.24777777777777776     26867.84238190436      75
0.3255555555555554     30025.786775946613      71
0.3355555555555554     30133.99034685925      72
0.32333333333333314     30981.741416526413      73
