0.8833333333333334     9414.468851938558      36
0.8588888888888885     8449.288614895559      34
0.762222222222222     6628.447772751459      31
0.8844444444444443     9812.034741967827      37
0.8911111111111113     10129.838966427227      37
0.8766666666666666     9018.017415363169      35
0.8088888888888888     6878.666953079543      31
0.8644444444444442     8846.442394192141      35
0.8977777777777776     10939.044403512058      39
0.7988888888888888     7172.702846266969      32
0.8466666666666662     7948.175190137593      33
0.7633333333333333     6785.9825680173235      31
0.8488888888888887     8381.356477675283      34
0.8711111111111105     8984.167282053573      35
0.8399999999999997     7483.512000371427      32
0.8355555555555555     7859.887756210227      33
0.8777777777777779     9330.490971565683      36
0.8988888888888891     11110.920208314288      39
0.6988888888888886     5376.590352437182      28
0.8177777777777776     7969.406424256346      34
0.7422222222222219     5840.1629743779295      29
0.7677777777777778     6755.591881489152      32
0.7855555555555559     6997.6885735960395      32
0.7311111111111109     5680.12387578014      28
0.7622222222222218     6267.3791392888015      30
0.5944444444444444     5292.491702131498      29
0.7288888888888889     5788.379503026274      29
0.8844444444444443     10717.459332396344      39
0.8411111111111111     9300.932199785777      37
0.7988888888888888     7903.548562675472      34
0.8399999999999997     8205.435221378511      34
0.8988888888888888     11731.027995552993      41
0.8822222222222221     9569.807225160503      36
0.822222222222222     8089.447339452383      34
0.7877777777777774     7045.070925280487      32
0.713333333333333     5481.066116335358      28
0.8866666666666665     11120.095696986962      40
0.7877777777777779     8088.213094160167      35
0.732222222222222     6606.061105864766      31
0.8811111111111112     9915.945579524583      37
0.7288888888888889     6439.7363151411155      31
0.7755555555555554     8361.63834688437      35
0.6811111111111109     6061.879663450005      30
0.8322222222222223     8375.583374217167      34
0.8711111111111105     9374.384214031996      36
0.9011111111111114     12483.887997190765      42
0.7933333333333334     10750.15596900785      40
0.7488888888888887     6697.877042573346      31
