0.8944444444444443     10655.847529471159      38
0.896666666666667     11904.451457074307      41
0.9122222222222222     14374.655625381221      46
0.8944444444444444     11393.309745948183      40
0.907777777777778     11903.931934573373      41
0.9022222222222225     11739.008461019275      41
0.8977777777777779     11811.226473718754      41
0.8344444444444443     7739.519463027769      32
0.9011111111111111     13190.563879564668      44
0.8944444444444443     10640.977341065116      38
0.8922222222222222     10330.76528112931      38
0.8955555555555553     10713.811616304853      38
0.841111111111111     8266.230916268616      33
0.8566666666666669     8052.483577732727      33
0.9033333333333331     12775.336793924816      42
0.9011111111111113     10712.941462634562      38
0.9111111111111111     13247.359030013133      44
0.8077777777777778     6482.458658996813      29
0.8700000000000001     8981.609527551802      35
0.8811111111111111     9131.952552154664      35
0.9033333333333331     13257.288769800485      43
0.8811111111111111     9752.674467505609      37
0.868888888888889     11421.708845398412      40
0.8677777777777779     8257.313626546258      33
0.8699999999999997     10306.96684217966      38
0.8133333333333331     6560.409086942803      29
0.872222222222222     10057.578237797781      37
0.8344444444444441     7610.064792351441      32
0.9122222222222223     14634.710301009687      46
0.8922222222222222     9685.840497915757      36
0.9088888888888891     11939.616177804506      41
0.902222222222222     12883.018397700152      43
0.9066666666666666     11553.690832370534      40
0.8911111111111111     9415.760418038813      35
0.8055555555555556     7830.787647071602      33
0.8233333333333333     6702.955813365643      29
0.9122222222222222     14349.807373598542      46
0.9122222222222222     14889.102396709251      46
0.8233333333333333     7647.69590912538      32
0.8500000000000002     7742.757735819129      32
0.8544444444444441     11293.252718504367      41
0.8677777777777778     9901.0654578875      37
0.9111111111111111     12348.385857599318      42
0.8811111111111112     12209.01139526244      42
0.8422222222222225     6713.448023458932      29
0.8600000000000001     8975.664020397264      35
0.9122222222222222     13322.32068543167      44
0.7966666666666666     6234.6659734675895      28
0.9011111111111111     11080.527804414844      39
0.8566666666666664     8488.596246785273      34
