0.8755555555555555     8964.457287566782      35
0.8822222222222222     8998.454246190387      35
0.8755555555555551     8970.414519233478      34
0.8599999999999993     8452.802607683961      34
0.8833333333333335     10631.043671982405      36
0.8633333333333334     8740.677941430067      34
0.861111111111111     8714.649189941294      35
0.8822222222222224     9811.849848424543      36
0.9055555555555559     11210.395989321394      39
0.8833333333333335     9886.54290374651      37
0.7944444444444441     6268.133671919122      29
0.8488888888888887     7458.5741329513385      31
0.7888888888888888     6146.695691538679      28
0.8688888888888888     9634.960192464703      36
0.8333333333333329     7191.476631708573      31
0.8522222222222221     7876.5634359104315      32
0.8277777777777775     6378.81632529353      29
0.8822222222222224     10157.23773005671      37
0.8955555555555555     10961.831832849308      39
0.7766666666666664     5450.214258567071      28
0.9044444444444446     11683.289282714772      41
0.8177777777777776     6670.777263367753      30
0.7833333333333331     6046.309577840603      28
0.7377777777777779     5656.3465654443      27
0.8911111111111113     10514.009034104625      38
0.8077777777777774     6520.341407994436      29
0.9044444444444446     11712.827006979867      41
0.7799999999999996     6273.210612663271      30
0.742222222222222     6479.795103609651      30
0.8555555555555554     9785.40310806438      38
0.8766666666666667     11279.756173551968      40
0.8199999999999996     7155.849673066425      31
0.7988888888888884     7214.717305219841      32
0.7011111111111108     5867.123551040544      30
0.8122222222222222     7439.263838216739      33
0.7633333333333331     6546.3316554067105      31
0.7433333333333332     7420.105317403646      33
0.636666666666666     7100.556589305914      31
0.8444444444444442     9811.75037022544      38
0.8544444444444442     9831.564644323775      38
0.8833333333333331     11287.382335741155      40
0.8555555555555556     12520.196664226027      43
0.8155555555555547     7813.104935136405      33
0.8177777777777775     7907.842315409033      34
0.8388888888888887     8498.58298326821      34
0.8744444444444444     13161.976225899023      44
