0.13555555555555546     13937.904211402238      53
0.1622222222222222     13952.772124290388      54
0.16555555555555554     14286.807877298797      54
0.18666666666666656     17480.32797285842      60
0.14888888888888885     14196.863921380267      54
0.16444444444444442     14642.589240411882      55
0.16777777777777778     15769.382553308968      57
0.16555555555555554     15269.084433745373      56
0.14888888888888885     14906.326965526      55
0.14666666666666664     15203.304152514387      56
0.16555555555555554     15827.52195400261      57
