0.708888888888889     16586.93458652669      55
0.6833333333333335     13011.406434533588      49
0.7022222222222224     14511.310796346586      51
0.7088888888888889     16479.980782170303      55
0.7100000000000001     16569.73888793626      56
0.6244444444444442     9207.591256485168      41
0.6433333333333334     11440.860522344983      47
0.6522222222222223     11527.017857781439      46
0.6966666666666667     14233.672205421912      51
0.6322222222222221     9435.758150904947      42
0.6911111111111111     14008.370982165738      51
0.6199999999999998     10107.399267427962      44
0.6422222222222222     10941.882405773036      45
0.7133333333333335     19317.954512719367      60
0.6388888888888886     10613.82050348863      44
0.6900000000000001     13304.77061162581      49
0.6622222222222222     11574.767965430687      46
0.6955555555555556     14630.101592887493      52
0.592222222222222     8267.12611963201      39
0.6900000000000001     13666.576589203172      50
0.7066666666666668     15556.691009295533      53
0.6966666666666667     16379.409602346794      56
0.688888888888889     13985.277808705758      50
0.7022222222222222     17153.829893473776      57
0.6611111111111109     11740.34194450181      46
0.6777777777777777     13327.697578602352      50
0.6833333333333332     14515.990042940814      52
0.6755555555555554     14358.2985387001      52
0.68     16953.002408392942      57
0.6466666666666667     11559.853209894942      46
0.6155555555555555     9288.739977335852      41
0.62     11592.254546231008      47
0.6333333333333333     11703.335647978569      47
0.6744444444444445     13948.992293030487      51
0.67     12264.574524472862      48
0.6711111111111111     13963.97512018406      52
0.661111111111111     12921.815582340367      49
0.6666666666666665     16666.095941690262      56
0.6533333333333331     12176.727354374798      48
