0.4355555555555556     24927.250411337067      75
0.5166666666666667     25444.24658553695      75
0.47333333333333344     25050.130092300187      75
0.48444444444444457     25137.221304082428      75
0.4333333333333333     25285.047658824187      74
0.4733333333333334     24992.19545193529      75
0.4722222222222223     25060.602925145035      75
0.5055555555555556     25230.573482037766      75
0.48666666666666675     25369.34234246573      75
0.4022222222222222     25069.617825512218      75
0.4700000000000001     25591.06168007329      75
