0.875555555555556     20261.043695323922      54
0.8766666666666668     20262.48333996824      54
0.8677777777777781     19404.1470414794      53
0.8777777777777781     20332.380989262758      54
0.8844444444444447     21130.257833526783      55
0.8700000000000004     19572.23977693688      53
0.8811111111111114     20957.028142406107      55
0.8888888888888892     21838.195331525458      56
0.8622222222222224     18728.73581865316      52
0.8822222222222226     21031.21398699504      55
0.8700000000000001     19475.655328783178      53
0.8744444444444447     20161.095630954675      54
0.8555555555555554     28583.794200239416      52
0.8677777777777781     29250.155562396776      53
0.8900000000000003     30441.878502845146      54
0.8300000000000001     26917.03208066189      50
0.8444444444444447     28595.53151071025      52
0.8022222222222221     25665.511405884106      49
0.8944444444444448     31774.50466468805      56
0.8655555555555557     29343.91781759625      53
0.8811111111111113     30258.99897558778      54
0.8788888888888889     29928.321187991754      54
0.8911111111111115     31753.9106974453      56
0.8977777777777782     34152.736099287926      57
0.8900000000000003     31455.635367918814      56
0.9022222222222225     36064.04000801179      60
0.8977777777777782     36159.66353394603      60
0.9022222222222225     37407.59683858957      62
