0.8711111111111114     18034.68537246009      52
0.8733333333333336     18653.553013756766      53
0.8766666666666669     18990.08469647288      53
0.8577777777777781     18038.572158217106      52
0.8811111111111114     19788.197728093775      54
0.8788888888888892     19150.748485643435      53
0.8844444444444447     20116.362664251257      54
0.8866666666666669     20763.028118975602      55
0.8866666666666669     21267.60618845372      56
0.8866666666666669     21840.17505901155      57
0.8922222222222226     24055.220265595803      60
0.8888888888888893     23065.058331902415      59
0.8888888888888892     21987.782249335578      57
0.8911111111111114     23469.644477703267      59
0.897777777777778     24316.604242820205      60
0.9000000000000005     29640.68692130009      65
0.9000000000000004     28874.19155001183      64
0.8988888888888893     28830.05703097505      64
0.9011111111111114     31030.791415955347      67
0.8922222222222225     32518.102098123447      58
0.9022222222222226     31337.475896028256      67
