0.8066666666666665     16664.76932716707      48
0.8077777777777777     16956.16512814516      49
0.8033333333333331     16855.52382945421      49
0.8111111111111111     17862.556640357718      50
0.8111111111111111     17906.976198358047      50
0.8077777777777777     17526.228891389404      50
0.8111111111111111     18368.678199185983      51
0.8111111111111111     18441.88369495884      51
0.8066666666666665     17197.172120598763      49
0.8111111111111111     19712.94540621695      53
0.8111111111111111     20987.340103837403      55
0.8111111111111111     21101.756038147494      55
0.8111111111111111     22344.044221117954      57
0.8111111111111111     24848.517135094648      60
