0.771111111111111     15425.386634665458      47
0.7944444444444442     16876.082420126448      49
0.781111111111111     16720.260710700753      49
0.771111111111111     15992.903454278392      48
0.7988888888888885     16882.622981404646      49
0.8088888888888888     17831.845490786345      50
0.8111111111111111     18745.84073253102      51
0.7944444444444442     16876.76432787668      49
0.8088888888888888     18407.49283295345      51
0.8055555555555554     17686.96051568219      50
0.8111111111111111     19419.668907624357      52
