0.7744444444444445     7019.281198164535      30
0.7644444444444444     6503.907138557652      29
0.7588888888888888     5953.941456680802      27
0.7455555555555555     6159.874699304761      29
0.7644444444444444     6540.4993647208585      29
0.7333333333333333     4842.103859964268      25
0.7166666666666666     4657.612249113823      25
0.7755555555555556     7422.109037402499      31
0.7666666666666666     6955.412314819646      30
0.7488888888888887     6481.198614183784      29
0.7077777777777773     4372.035754288349      24
0.7744444444444445     7640.2190916343425      32
0.7455555555555553     5310.314666616491      25
0.7688888888888888     7332.690309591997      31
0.7944444444444445     7873.381756581902      32
0.7488888888888887     6484.5426561210925      29
0.7022222222222219     4738.892003399713      25
0.7077777777777773     4927.874495000694      26
0.7277777777777776     4944.643778873434      26
0.7077777777777773     5186.22142562633      27
0.7644444444444444     6597.473067026721      29
0.7333333333333333     5557.6279996602225      28
0.7744444444444445     7653.552218524091      32
0.7455555555555553     5570.5852184503665      26
0.7566666666666666     6548.016626822658      29
0.7644444444444444     6850.229324268184      30
0.7455555555555553     5820.385636164077      27
0.7566666666666666     6626.762676496385      29
0.7644444444444444     7136.874299592294      30
0.7644444444444444     7233.4566836451395      31
0.7211111111111107     5820.353110617872      28
0.7566666666666666     6927.537259769026      30
0.7155555555555551     5767.697400278728      27
0.7566666666666666     6978.969563934181      30
0.7744444444444445     7661.613808236451      32
0.7588888888888888     7579.2175782214      32
0.7566666666666666     7241.030063112194      31
0.7566666666666666     7572.022832128689      32
0.7099999999999994     5622.015971365858      28
0.7644444444444444     7869.856951832786      33
0.7455555555555553     5842.958737391551      27
