0.801111111111111     6190.108996513158      26
0.801111111111111     6423.94865206013      27
0.8055555555555555     9080.77036055938      35
0.7277777777777774     4832.382461792365      24
0.7044444444444441     4025.6684746169285      22
0.8044444444444444     7056.201042173934      29
0.768888888888889     5420.520902424378      26
0.8044444444444444     7326.867009811018      30
0.8033333333333332     7076.545065986084      29
0.742222222222222     4906.626786933614      25
0.7444444444444442     5400.642654873857      26
0.7744444444444445     5619.435875798182      26
0.801111111111111     6693.671142278873      28
0.7966666666666667     6995.730099979867      29
0.713333333333333     4918.97752403992      24
0.7244444444444442     5684.752187196649      25
0.7544444444444445     5480.0851914155655      26
0.7066666666666663     5111.370640711821      26
0.8044444444444444     7344.779871788984      30
0.8044444444444444     7636.029409017097      31
0.7644444444444444     5624.7657836984545      26
0.7444444444444442     5403.402890176361      26
0.7955555555555556     6370.176339127462      27
0.7955555555555556     6384.69375359242      27
0.7777777777777777     5771.188765532667      26
0.7933333333333333     5779.283909321828      25
0.7833333333333332     5832.728192892776      26
0.791111111111111     6039.326624813023      26
0.7777777777777777     6031.663927808088      27
0.7866666666666666     6159.837158017875      27
