0.7766666666666666     6155.067904873788      27
0.7944444444444445     7222.9013015787705      30
0.7999999999999999     7555.550402871431      31
0.735555555555555     5145.821183190873      25
0.7199999999999994     5187.601207103968      25
0.7811111111111111     6568.6967557521875      28
0.8044444444444444     8096.869554219578      32
0.7944444444444445     7496.934278491868      31
0.7544444444444445     5640.425596358127      26
0.7455555555555553     5645.767459298934      26
0.7822222222222222     6764.018707772509      28
0.7522222222222219     5694.112555786534      26
0.8044444444444444     8358.37546995681      33
0.7922222222222224     6973.93448498902      29
0.7144444444444441     4981.675046387836      25
0.7066666666666666     4903.108965653616      26
0.7433333333333331     5304.828962911684      25
0.7288888888888887     5559.115185206838      26
0.7122222222222222     5040.000757358222      26
0.7966666666666667     7935.560066101884      32
0.7022222222222219     5123.445132319056      25
0.7522222222222219     5711.759029959343      26
0.7455555555555553     5929.522033628931      27
0.7211111111111107     5387.280223290346      26
0.7922222222222224     7606.011162360179      31
0.7122222222222221     5482.033129351235      27
0.8044444444444444     8728.589357084642      34
0.7111111111111108     5421.698738870203      26
0.71     5178.119033231243      25
0.7433333333333331     5560.163000324812      26
0.7455555555555553     6189.996751577883      28
0.7788888888888889     6203.657707886166      27
0.7444444444444442     5671.651137209095      26
0.7444444444444442     5953.628652885593      27
0.7433333333333331     5825.949419750052      27
0.7244444444444443     6105.61059741176      28
0.7788888888888889     6465.178183895992      28
0.7655555555555555     6504.591405567442      29
0.7111111111111108     5426.76716430299      26
0.71     5440.098613966279      26
0.7433333333333331     6134.8710185858845      28
