0.7188888888888884     4454.843330627463      25
0.7155555555555552     4568.221058361357      24
0.7188888888888884     4731.6371011432375      26
0.7622222222222224     5295.543481877758      26
0.7044444444444441     4513.990100492149      24
0.7122222222222219     4571.536907681586      24
0.7044444444444441     4716.131625547075      25
0.7566666666666667     5382.6261942205965      26
0.7566666666666667     5913.84482006722      28
0.7511111111111111     4953.862660536013      25
0.7511111111111111     5789.895252431502      28
0.7188888888888884     4733.997935366482      26
0.7066666666666662     4875.874828481487      25
0.7533333333333333     6470.88569413344      30
0.7266666666666662     5458.914452445099      27
0.7211111111111106     5359.585059144992      28
0.7533333333333333     6505.860742522841      30
0.7533333333333333     7097.269040173833      32
0.7188888888888884     5024.140667817333      27
0.7122222222222219     5381.6459932588405      27
0.734444444444444     5731.362585547281      29
0.7533333333333333     7279.729021289165      32
0.7044444444444442     5288.593323842114      27
0.7188888888888884     5400.4195035533185      28
0.7144444444444442     5458.7106460283585      27
0.7511111111111111     5798.034424241642      28
