0.7866666666666666     7203.790397248526      30
0.8044444444444444     9759.727620445492      34
0.7788888888888889     6748.4381607508485      29
0.7911111111111111     7452.4700472766035      31
0.7088888888888889     5546.010995683505      27
0.7877777777777777     7486.191189935354      31
0.7455555555555551     5780.738644426073      27
0.7744444444444445     6152.367703029724      28
0.801111111111111     7563.454249946476      31
0.7077777777777773     5996.06893433421      29
0.7455555555555551     6016.567024933731      28
0.768888888888889     6213.542210097118      29
0.7955555555555556     7489.508356026224      31
0.7455555555555551     6040.6995577534435      28
0.7744444444444445     6420.826224260151      29
0.7744444444444445     6463.322486791117      29
0.7788888888888889     6757.510295990595      29
0.7822222222222223     6909.789347341777      30
0.8033333333333332     7621.602284549643      31
0.7955555555555556     7862.971628732268      32
0.7911111111111112     7506.068366526547      31
0.7866666666666666     7504.803948688088      31
0.7744444444444445     6771.354166125306      30
0.7477777777777777     6401.900927469086      29
