0.13444444444444437     4131.796958263473      30
0.13333333333333325     4119.324335857349      30
0.14222222222222217     4395.631427534699      30
0.12111111111111104     2840.6550034748234      25
0.12111111111111104     3259.553584164735      27
0.14222222222222217     5658.02869149402      32
0.13555555555555548     4303.906876414917      30
0.15111111111111106     6565.645480332772      36
0.1277777777777777     3559.1790346307835      28
0.1466666666666666     5134.399431585327      33
0.14999999999999994     5682.800137734295      34
0.09555555555555552     2485.9562165143893      24
0.14999999999999994     7849.645064783519      40
0.13999999999999993     4488.006448689664      31
0.12222222222222216     3388.439317347492      27
0.13999999999999993     5032.225826847849      30
0.14777777777777773     8281.833041719501      41
0.13111111111111104     3734.2074809589703      28
0.08555555555555554     2362.509648954879      23
0.13444444444444437     4236.272395091422      30
0.1166666666666666     3628.840464781136      29
0.11444444444444439     2621.295003113361      24
0.11444444444444439     3527.1704826311934      28
0.09999999999999998     2661.0412368435627      25
0.1155555555555555     3664.5681522607465      28
0.1277777777777777     3754.9243895712193      28
0.13444444444444437     4469.878413245227      31
0.07999999999999999     2668.237260653301      25
0.12333333333333327     3680.0816256844937      28
0.13111111111111104     4782.1516859208805      32
0.1466666666666666     5160.611982669515      33
0.09555555555555552     2926.107752865297      26
0.13888888888888884     5407.803136416592      31
0.11111111111111106     4499.7368466139      32
0.10666666666666663     2936.5749468723634      26
0.11111111111111105     3486.907796333721      28
0.13999999999999993     4811.284349331796      32
0.13999999999999993     5388.998167451025      34
0.12111111111111104     4883.577810904116      33
0.12999999999999995     5283.948068156871      33
