0.7291666666666663     98.99867357623312      15
0.7541666666666661     216.68805060499363      16
0.7458333333333329     686.5777505927122      14
0.7833333333333328     480.0883828937536      18
0.7499999999999994     700.5303715848881      14
0.7083333333333329     -11.404895668774655      14
0.8083333333333326     932.8359638264096      21
0.7958333333333326     1175.4627095386675      18
0.7249999999999994     104.06510171959519      15
0.791666666666666     488.4661227567589      18
0.8083333333333326     1113.2239481754216      22
0.7458333333333329     106.47645623136275      15
0.7208333333333328     109.60566939396945      15
0.7249999999999995     109.75536828998379      15
0.779166666666666     480.6810482345007      18
0.7583333333333329     221.56099211341197      16
0.7833333333333327     486.93437592365865      18
0.7874999999999993     606.2135934977915      19
0.791666666666666     620.3219819036728      19
0.8041666666666659     769.3476961098949      20
0.7999999999999993     644.7791742905827      19
0.7499999999999994     219.61821520495053      16
0.7624999999999994     341.33952582346404      17
0.7958333333333326     621.845880325237      19
0.7749999999999994     343.17548821011843      17
