0.3444444444444444     4574.379016794075      30
0.38555555555555554     6560.1261855979865      36
0.36111111111111116     5381.640130829572      32
0.37999999999999995     5953.563513045078      34
0.36333333333333323     5778.580120858673      34
0.38555555555555554     6672.292355368576      36
0.38333333333333336     6485.28356296881      35
0.2844444444444443     3850.5018107896403      28
0.2966666666666667     4345.283593479899      30
0.3566666666666667     5257.908631412468      32
0.39666666666666656     7934.540632343613      40
0.3966666666666666     8276.07737676181      41
0.39555555555555544     8225.715712246738      39
0.3655555555555553     6007.125543126311      33
0.3911111111111111     6894.427766446128      37
0.39333333333333326     7270.313141799269      38
0.2777777777777777     3782.653134509842      28
0.32666666666666655     4532.275899278028      30
0.39333333333333326     8617.519639943826      42
0.3888888888888888     7788.232785331152      39
0.3977777777777776     8895.325370585697      41
0.3722222222222222     6132.012052475598      35
0.4044444444444442     9754.29807920351      43
0.39222222222222203     8592.200443229547      40
0.3933333333333332     10738.005594744574      46
0.25999999999999984     3905.074372377091      29
0.37111111111111106     6371.961342646412      35
0.37777777777777766     7779.735106236195      39
0.3444444444444444     5137.827145818632      32
0.3533333333333332     6775.402884913363      37
0.351111111111111     5708.010151600897      33
0.32444444444444437     6522.868052521533      37
0.38555555555555554     7986.033624208888      40
0.2655555555555554     4316.422886791854      30
0.38888888888888873     8648.706885709707      40
0.3144444444444443     4507.821310309957      30
0.3077777777777777     5975.905854605985      35
0.3755555555555555     7399.925630754197      39
0.29999999999999993     6728.847106335957      38
0.25777777777777755     3464.8475900115313      27
0.35555555555555546     7198.409142901967      38
0.3799999999999999     8885.631131317661      41
0.24555555555555544     5607.033915162059      35
0.2966666666666665     6629.125892011441      37
