0.3388888888888888     5544.427610034532      33
0.3399999999999997     5772.096361838715      32
0.39222222222222214     8484.09317158169      41
0.38111111111111096     7006.133908884802      37
0.3366666666666665     5561.720991595694      32
0.3588888888888888     5966.995188810257      32
0.36888888888888866     6574.159625155963      35
0.35222222222222205     5631.269511932919      33
0.33555555555555544     4957.707238939912      31
0.3755555555555554     6916.570530796088      37
0.391111111111111     8614.451847538265      40
0.38666666666666655     7780.368128127359      38
0.3922222222222222     8935.15174066149      42
0.3922222222222222     9557.377564981834      44
0.3966666666666666     10375.109486963034      45
0.37333333333333313     6819.918177784128      36
0.3922222222222221     8997.865519977597      42
0.31999999999999984     4589.3439441630835      30
0.3666666666666664     6642.59796697611      36
0.37444444444444425     7066.168300593961      36
0.37222222222222195     7019.339607202961      36
0.3899999999999999     8024.157955792749      39
0.36555555555555524     6145.04573753286      33
0.3566666666666665     6046.841024511765      34
0.3599999999999998     6379.872271449015      35
0.36999999999999983     7567.337250639047      37
0.34555555555555534     5977.176037747331      34
0.3411111111111109     6164.611625810024      34
0.362222222222222     7152.905439760387      38
0.332222222222222     5074.623951481291      30
0.36111111111111094     6433.022023406068      34
0.36000000000000004     6504.680408355219      36
0.3388888888888888     5602.683165692495      33
0.3922222222222221     9917.937283131292      45
0.38777777777777767     8799.337811672534      41
0.38444444444444426     7625.644380801413      37
0.3766666666666666     7592.933101922491      38
0.30111111111111105     4282.24939063405      29
0.3599999999999999     6735.627032020055      36
0.3788888888888888     8533.650396293662      41
0.35555555555555524     6234.454694527421      34
0.37777777777777777     9444.520235011729      44
0.3377777777777776     6069.326391119663      34
0.3599999999999998     7629.4942463058105      39
0.3288888888888888     5822.931340759832      34
0.34111111111111103     6833.837945158556      37
0.34777777777777763     7267.424685028002      37
0.3244444444444442     6608.459508587065      37
