0.7988888888888889     6343.7238847683375      27
0.8122222222222218     6467.792513004376      27
0.7444444444444441     5332.898015330777      25
0.7822222222222218     5753.838610838816      26
0.7077777777777774     5147.038406632396      25
0.8433333333333333     7237.190355667751      29
0.9066666666666667     9301.556638905195      32
0.8899999999999999     8711.450894808124      31
0.8944444444444444     9034.956210889997      32
0.8766666666666666     8453.827146623527      31
0.8655555555555553     7369.298364409402      29
0.8366666666666667     7013.26366837272      28
0.7466666666666663     5411.474835256159      25
0.7633333333333332     5456.768726972956      24
0.8644444444444445     7751.748756623942      29
0.8088888888888885     6629.798781109694      28
0.8744444444444445     8606.483955433356      31
0.8711111111111111     7895.727064721004      30
0.772222222222222     6310.976785502634      28
0.8677777777777779     7920.689320919799      30
0.7999999999999998     6524.252648656885      28
0.8111111111111111     6881.116806885077      29
0.8288888888888889     7025.0232936899665      29
0.8244444444444444     6917.476926882009      29
0.8355555555555557     7091.934340864311      29
0.878888888888889     8644.116549192206      32
0.7922222222222219     6784.213842935548      28
0.7355555555555553     5804.916558214013      27
0.8977777777777777     9784.376837063795      34
0.8822222222222222     8660.559099956568      32
0.8677777777777779     8223.016655288322      31
0.8277777777777778     7224.003969161249      29
0.7811111111111106     6832.509241082324      29
0.8677777777777779     8512.171208246147      32
0.8822222222222224     8742.80684159021      32
0.8477777777777776     7638.437397694632      30
0.8677777777777776     8559.751428698237      32
0.8711111111111108     8640.664514918071      32
0.8211111111111107     6920.538569534155      28
0.8555555555555558     7666.364325034462      30
0.7277777777777774     5222.736883631011      25
0.8633333333333337     8144.101387511883      31
0.8377777777777776     7336.417676507694      29
0.8544444444444441     7907.027694875255      30
0.8899999999999999     10110.141051336923      35
0.8622222222222222     8027.132863908985      31
0.8611111111111112     8067.786337791578      31
0.7844444444444441     6842.900602498461      29
0.8888888888888888     10319.764012682192      35
0.8244444444444441     7122.112045439408      29
