0.8333333333333334     5765.056718650321      28
0.8577777777777778     6787.895672378454      31
0.8555555555555557     6914.508978001837      31
0.8755555555555555     8979.247580448815      37
0.8711111111111111     7457.944931694798      33
0.8755555555555554     8957.794810717516      37
0.8744444444444446     8217.281729268068      35
0.8900000000000001     10036.501979710358      39
0.8911111111111113     10529.00378784981      40
0.8088888888888888     5524.354772353225      28
0.8744444444444445     8574.002919923698      36
0.8744444444444444     7953.542313491497      34
0.8622222222222223     7615.289708606504      34
0.8833333333333334     9093.178091749993      37
0.89     10246.774306280915      39
0.8555555555555555     6506.371757812998      30
0.8911111111111112     10326.57296893468      40
0.888888888888889     9248.558177443818      37
0.841111111111111     6149.655323136392      29
0.8733333333333333     8738.542809354138      36
0.8411111111111111     6351.118142901853      30
0.8722222222222221     8535.143171591819      36
0.8688888888888887     7616.245141471264      33
0.8188888888888888     5634.303799118882      28
0.8066666666666669     5588.678730062811      28
0.8622222222222221     7446.516386526369      33
0.8344444444444445     5799.175559818679      28
0.8411111111111111     6353.319452920275      30
0.7877777777777774     5081.9415270608115      27
0.8611111111111112     7788.835597828697      34
0.841111111111111     6150.967654963452      29
0.8355555555555553     6267.007617790818      30
0.8611111111111109     7112.523889321626      32
0.8600000000000001     7731.552133244367      34
0.8555555555555557     7540.901660184183      33
0.8666666666666666     8166.767776149315      35
0.8000000000000003     5844.1495801299      29
0.8333333333333334     6027.164513938021      29
0.85     6716.794011504525      31
0.8433333333333333     6422.923779791029      30
0.87     8179.102143343688      35
0.8622222222222223     7964.164837927958      35
0.8500000000000001     6743.726382681189      31
0.8822222222222221     9415.203025410818      38
0.8677777777777778     8659.341844885192      36
0.7866666666666664     5425.595435861826      29
0.8522222222222223     6949.899374795565      31
0.8500000000000001     6846.775347621332      31
0.888888888888889     9999.742141323413      39
0.8644444444444447     7968.206572820178      35
