0.8055555555555551     4898.763719116316      27
0.7966666666666665     4905.471446437347      27
0.792222222222222     4576.182766495005      26
0.7699999999999999     4600.476823020705      26
0.8144444444444441     5146.041493746335      28
0.8488888888888887     7180.481716552539      33
0.8444444444444442     6274.794015105361      31
0.8255555555555553     5300.969282812429      28
0.8011111111111108     5159.892935547791      28
0.7644444444444444     4283.405861778662      25
0.8611111111111112     7774.683227337792      35
0.7588888888888886     4296.697045963475      25
0.8488888888888886     6901.849549608649      33
0.8211111111111109     5609.481148142979      29
0.8088888888888885     5303.195123100692      28
0.7744444444444443     4618.192016272984      26
0.7499999999999998     3808.2820510810143      23
0.8011111111111109     5275.715666415216      28
0.842222222222222     5865.6681962003795      29
0.7422222222222218     4107.320829975341      25
0.724444444444444     3863.766346016417      24
0.7577777777777776     4239.170577340702      25
0.8366666666666667     7074.962329746866      33
0.8333333333333331     6605.148751777024      32
0.8177777777777775     5497.486898465827      28
0.8133333333333331     5471.804443947114      29
0.8188888888888887     5886.287969746338      30
0.8655555555555554     8050.503929408088      35
0.8344444444444444     6677.79463039915      32
0.8066666666666665     5278.234919735984      28
0.8266666666666664     6228.059151131787      31
0.8266666666666663     5947.758742634875      30
0.8233333333333331     5919.114545695293      30
0.8188888888888887     6202.338240085476      31
0.8155555555555554     5515.683560486186      29
0.7011111111111106     3901.139435525165      24
0.7477777777777773     4201.3196864227375      25
0.843333333333333     7242.560117811506      34
0.8077777777777775     5455.74375504206      29
0.843333333333333     8147.350144539888      36
0.8055555555555551     5413.237413804369      29
0.812222222222222     5572.147631905239      29
0.792222222222222     4863.50339052277      27
0.8333333333333333     6684.783957484731      32
