0.8733333333333334     8073.674105788547      35
0.8144444444444444     6559.958406271079      31
0.8577777777777779     8328.82953361679      35
0.7888888888888888     5473.356499649726      29
0.8633333333333335     8372.81303768468      36
0.9000000000000001     11469.858163092671      42
0.9011111111111112     12189.016984863167      44
0.8855555555555557     8585.004904930845      36
0.9033333333333335     13135.544562466259      46
0.798888888888889     6499.163070608082      32
0.7933333333333333     6443.223488489387      32
0.8655555555555559     8829.832963852039      36
0.8355555555555555     7102.121845764492      33
0.8766666666666667     8854.046790577515      37
0.8955555555555558     10730.031265168569      41
0.7555555555555552     6289.393319136128      32
0.7533333333333333     5725.363860579033      30
0.8544444444444446     7224.3091245262995      33
0.861111111111111     8440.194909954489      36
0.8199999999999998     7525.5870816067645      34
0.8355555555555557     7904.514130477724      34
0.7877777777777775     6379.486360764649      31
0.8577777777777779     8635.684938780321      36
0.8944444444444443     10827.81786963479      41
0.8844444444444447     10141.591176697286      39
0.8566666666666668     8708.676065411064      36
0.8544444444444445     7843.804616447383      35
0.8522222222222224     7854.3024770664515      35
0.7733333333333332     6624.033477777678      33
0.8488888888888891     8112.650793032535      35
0.89     11120.501276800542      42
0.8644444444444447     8908.256400406743      37
0.8877777777777781     11932.624282086495      43
0.7944444444444441     6924.982049258196      33
0.8322222222222223     7569.984231543825      34
0.8744444444444445     9057.673834985704      37
0.8555555555555554     8471.017474326314      36
0.8188888888888887     7509.950065690996      34
0.8644444444444447     9026.165471237553      37
0.87     9051.238583479155      37
0.8166666666666667     7147.060738699691      33
0.7533333333333327     6690.170137488847      33
0.7288888888888883     6079.9427830794575      31
