0.7922222222222219     4568.026924013191      25
0.791111111111111     4454.6024606295705      25
0.7766666666666664     4149.478997202708      23
0.7866666666666664     4319.8646523125035      24
0.8266666666666668     5222.095872858289      27
0.7333333333333332     3681.0126918334745      22
0.8155555555555556     5145.516689345123      27
0.8055555555555555     4651.941812213299      25
0.8122222222222222     4965.226074673288      26
0.8122222222222222     5221.6198445070295      27
0.8111111111111112     5042.094603672224      26
0.7755555555555554     3786.784178198261      22
0.8333333333333334     5844.554026799582      29
0.7988888888888888     4786.703387735393      26
0.742222222222222     3897.0180766543454      23
0.8444444444444447     7179.09122268724      32
0.811111111111111     5171.51827252931      27
0.8033333333333331     4893.688057247618      26
0.7855555555555552     4537.961169394673      25
0.8433333333333334     6450.481223986664      31
0.8133333333333332     5401.563800841719      28
0.7211111111111108     3622.159085457551      22
0.7833333333333333     4621.657970128303      25
0.7799999999999997     4249.1298714025925      24
0.7955555555555553     4826.472142198312      26
0.7722222222222219     3960.583211686046      23
0.7866666666666667     4846.148669271712      26
0.7799999999999998     4792.45206074302      26
0.7622222222222219     4117.116099049761      24
0.7799999999999998     4800.908789422215      26
0.8122222222222222     5239.036364781194      27
0.8088888888888891     5003.49934732264      26
0.8277777777777778     5549.105871712486      28
0.7555555555555553     3991.7832843487636      23
0.7444444444444441     3904.840827075424      23
0.8211111111111111     5602.109901062992      28
0.7944444444444446     4923.131582804836      26
0.7144444444444441     3396.9652836701416      21
0.8033333333333331     5121.693836761167      27
0.772222222222222     4220.1283967007375      24
0.7388888888888886     3700.2705958444835      22
