0.9874999999999986     1856.5319047053283      23
0.9541666666666654     1677.8336663833438      22
0.9166666666666655     1527.1895764810793      21
0.9958333333333319     2025.1746597599856      24
0.9999999999999984     2232.6786397025853      25
0.9666666666666653     1694.951940808592      22
0.9541666666666654     1693.9333383455923      22
0.9458333333333321     1838.9339559638863      23
0.9958333333333319     2039.0818050907305      24
0.9958333333333319     2202.7544233491085      25
0.983333333333332     1854.2609600148735      23
0.9916666666666653     1872.371669739568      23
0.9791666666666653     1841.0870436755156      23
