0.983333333333332     2110.6357691360454      25
0.8916666666666656     1914.5948875911686      24
0.887499999999999     1756.3449998597275      23
0.933333333333332     2084.6817105003042      25
0.970833333333332     2111.68487053605      25
0.9916666666666653     2461.459217156471      27
0.9874999999999986     2283.616323039105      26
0.9958333333333319     2671.3371428796304      28
0.958333333333332     2104.0796623921233      25
0.9374999999999988     2248.5261306272523      26
0.9791666666666653     2269.93271323973      26
0.9916666666666653     2466.4024488522546      27
0.9624999999999987     2270.2200352051905      26
0.9916666666666653     2849.2888446246698      29
