0.8041666666666659     981.5484105268844      17
0.9041666666666656     1248.9914199775867      19
0.9583333333333319     1515.481647759499      21
0.8541666666666657     1112.7340111593762      18
0.9041666666666656     1365.3894136819592      20
0.9874999999999985     1670.6575997585846      22
0.8958333333333324     1236.1623905351662      19
0.8291666666666658     1106.0503215297317      18
0.9416666666666654     1370.3713445996432      20
0.9874999999999985     1676.1761483658383      22
0.9458333333333321     1383.4820868066656      20
0.9874999999999985     1811.8075524236529      23
0.9749999999999986     1521.32185184512      21
0.9749999999999986     1650.1795124034531      22
0.8999999999999989     1236.7257739538238      19
0.9249999999999988     1367.55697043144      20
0.9333333333333321     1503.2413994002732      21
0.8958333333333323     1240.6108311347627      19
