0.8333333333333325     2129.053528109177      24
0.8374999999999991     2282.6537305591314      25
0.8416666666666658     2294.7172231938766      25
0.8499999999999991     2315.4537615202034      25
0.8499999999999991     2471.6391384512863      26
0.8499999999999991     2641.809330545706      27
0.8499999999999991     2683.5691284052627      27
0.8499999999999991     2708.7669994361145      27
0.8499999999999991     2853.2003753851864      28
0.8499999999999991     2884.77109426992      28
0.8499999999999991     2928.4148439150003      28
0.8499999999999991     3065.5507322493386      29
0.8499999999999991     3285.1589051021206      30
0.8499999999999991     3347.8160070038657      30
0.8499999999999991     3757.270789816622      32
0.8499999999999991     3776.782117453187      32
0.8499999999999991     4054.020624818017      33
0.8499999999999991     4201.017518953395      34
0.8499999999999991     4217.252788048657      34
0.8499999999999991     4435.43993662309      35
0.8499999999999991     4463.548311607603      35
0.8499999999999991     4464.001576651923      35
0.8499999999999991     4485.688672611159      35
0.8499999999999991     4577.227045346345      35
0.8499999999999991     4718.033195066411      36
0.8499999999999991     4762.42380714498      36
0.8499999999999991     4767.880761665699      36
0.8499999999999991     4936.82481524717      37
0.8499999999999991     5070.1293167711365      37
0.8499999999999991     5581.7486853666605      39
0.8499999999999991     5596.717095148397      39
0.8499999999999991     5919.477407342791      40
0.8499999999999991     6001.324635809108      40
0.8499999999999991     6273.742134486207      41
0.8499999999999991     6288.325293270212      41
0.8499999999999991     6306.794315300991      41
0.8499999999999991     6607.160995999203      42
0.8499999999999991     6611.190249321607      42
0.8499999999999991     6951.193965936779      43
0.8499999999999991     7262.463407548674      44
0.8499999999999991     7339.056427143835      44
0.8499999999999991     7380.7122654929735      44
0.8499999999999991     7401.54480403024      44
