0.8416666666666658     2725.083232282946      27
0.8374999999999991     2737.903925690553      27
0.8416666666666658     2785.2165353005744      27
0.8291666666666658     2544.6079063759303      26
0.8499999999999991     3163.4881489592717      29
0.8416666666666658     2914.3167462565507      28
0.8291666666666658     2740.7118282723354      27
0.8333333333333325     2744.2250221168      27
0.8499999999999991     3379.736724788548      30
0.8416666666666658     2920.5470056057625      28
0.8458333333333324     2932.0269025035113      28
0.8458333333333324     2948.066267434248      28
0.8499999999999991     7158.7752070120705      44
0.8499999999999991     7474.653855275686      45
0.8499999999999991     7498.9224041708585      45
0.8499999999999991     7502.594419865937      45
0.8499999999999991     7536.394776446026      45
