0.7400000000000001     18417.037165207657      57
0.7255555555555556     14913.889615087712      51
0.7300000000000001     17321.498634368574      55
0.7166666666666667     14326.382410467935      50
0.7122222222222223     13811.818023628428      49
0.7155555555555554     14453.803122115633      50
0.7122222222222222     14131.859416907228      50
0.73     16187.399117995414      54
0.7044444444444444     13157.31082303376      48
0.7333333333333334     17413.118794601658      56
0.7266666666666667     15368.183911628137      52
0.7299999999999999     17188.714483482723      56
0.7177777777777776     14744.996388757036      51
0.7277777777777777     15778.43213443693      53
0.7277777777777779     15876.64609684388      53
0.7166666666666666     14382.106222667091      51
0.7422222222222223     19577.60041794209      59
0.7322222222222223     17767.970183168025      56
0.7133333333333334     14276.508670421688      50
0.7122222222222221     14161.858864716762      50
0.7022222222222222     13381.194722944354      48
0.7055555555555556     13927.886498326747      50
0.7022222222222222     14034.107861287664      50
0.7266666666666667     16279.999998761476      54
0.7088888888888888     14120.14074405238      50
0.7366666666666668     19640.729064587955      60
0.7299999999999999     17206.102082521196      56
0.7177777777777778     14922.974058845339      51
0.701111111111111     13199.270530999542      49
0.7255555555555556     15306.928050774764      52
0.728888888888889     17162.081192564514      55
0.72     15272.196079439896      52
0.7166666666666667     14455.868972522028      51
0.7288888888888889     16430.26769029651      54
0.7244444444444444     15827.845711636799      53
