0.8833333333333323     3261.7658826911443      30
0.8416666666666657     2211.168168786246      25
0.874999999999999     2803.6661846699685      28
0.8541666666666657     2401.420210190892      26
0.7958333333333327     2219.0465002143824      25
0.8708333333333323     2594.0346509199558      27
0.8666666666666657     2411.5576836279315      26
0.8708333333333323     2804.088398344607      28
0.8458333333333323     2386.0913646925346      26
0.8208333333333325     2608.53429712075      27
0.8083333333333326     2412.7712218432157      26
0.7958333333333327     2393.919589367711      26
