0.8458333333333324     2260.94639056757      25
0.8499999999999991     2440.293501064796      26
0.862499999999999     2675.1630152160105      27
0.8708333333333323     3077.979188568005      29
0.8541666666666657     2461.712698696766      26
0.8666666666666657     2870.008108138586      28
0.849999999999999     2447.978169245077      26
0.8666666666666657     3074.4523074942954      29
0.862499999999999     2848.4260343510223      28
0.862499999999999     2880.3701948042353      28
0.8583333333333324     2647.0907626410344      27
0.862499999999999     3082.0205991623134      29
0.8541666666666657     2467.651157515773      26
0.8583333333333324     2673.940467588116      27
0.8583333333333324     2875.3578987764604      28
