0.8458333333333324     1808.1936290200629      22
0.8708333333333323     2316.1201052579945      25
0.874999999999999     2498.1831170350288      26
0.8708333333333323     2499.795381066382      26
0.862499999999999     2134.5060022199846      24
0.8666666666666657     2135.8770551022562      24
0.8666666666666657     2171.0624332407433      24
0.862499999999999     2288.4712880165916      25
0.8666666666666657     2310.5380605499786      25
0.8458333333333324     1949.4205454285818      23
0.8666666666666657     2501.0463017826646      26
0.862499999999999     2325.880775073564      25
0.8583333333333324     1961.8088148602728      23
0.8541666666666657     2122.4788053193042      24
