0.9300000000000005     18065.713200169826      51
0.9433333333333337     19740.306832140523      53
0.9288888888888893     17340.714599707917      50
0.9277777777777781     17707.256219326227      50
0.924444444444445     17372.21903333386      50
0.9411111111111117     19079.124140842538      52
0.9144444444444445     16891.528105139038      49
0.9133333333333337     16815.65276528371      49
0.935555555555556     18119.16977315891      51
0.944444444444445     19741.889941143094      53
0.9288888888888893     17923.41921606281      50
0.935555555555556     18672.4866148636      52
0.9400000000000005     18825.9174908057      52
0.9400000000000005     19022.835800092842      52
0.9455555555555561     19796.25070770063      53
0.9522222222222229     23254.16420219299      58
0.9555555555555562     25301.70597089759      61
0.9522222222222229     25131.15437210885      61
0.9622222222222228     39068.46330584183      77
0.9555555555555562     36039.451666337874      74
0.9566666666666672     36963.66156724433      75
0.9555555555555562     36918.047214153026      75
0.9600000000000005     37049.38919783666      75
0.9555555555555562     37032.8004310847      75
0.9566666666666671     37089.66871431751      75
0.9577777777777783     37104.120699149826      75
0.9555555555555562     37123.0383700748      75
0.9555555555555562     37140.73078019193      75
