0.7499999999999999     29387.93236376265      70
0.7277777777777775     22704.713185054672      61
0.7311111111111109     23244.219299738914      62
0.7022222222222217     22508.638251341363      61
0.7422222222222221     24751.96209853323      64
0.7455555555555554     25202.546907403866      64
0.7366666666666665     25019.656335471496      64
0.7322222222222221     24862.51434340971      64
0.7466666666666666     26608.585662925114      66
0.7466666666666666     27043.062166356955      67
0.7466666666666665     26429.866912241556      66
0.7466666666666666     27673.99655206214      68
