0.9874999999999986     12.759627655213304      18
0.970833333333332     12.759627655213304      18
0.9916666666666653     12.759627655213304      21
0.9916666666666653     12.544223138994113      22
0.983333333333332     13.521952132057592      20
0.9958333333333319     19.726491033926013      28
0.9916666666666653     12.759627655213304      19
0.983333333333332     12.544223138994113      20
0.9416666666666654     12.388778438427622      16
0.983333333333332     14.684791487419133      19
0.9958333333333319     19.983445499715305      20
0.9958333333333319     15.776175689417158      21
0.8874999999999988     12.388778438427622      15
0.9416666666666653     12.595806434137621      20
0.9958333333333319     12.820038192412232      24
0.9749999999999986     11.92319492694657      21
0.9874999999999986     12.544223138994113      19
0.9749999999999985     14.233639558990731      17
0.9749999999999986     12.759627655213304      22
0.9624999999999987     19.726491033926013      18
0.9958333333333319     14.233639558990731      22
0.9374999999999988     11.855942923762827      20
0.970833333333332     12.129719247878183      22
0.9458333333333321     12.759627655213304      18
0.9666666666666653     12.759627655213304      19
0.9958333333333319     13.521952132057592      21
0.9624999999999987     12.759627655213304      16
0.9999999999999984     15.776175689417158      23
0.9958333333333318     12.595806434137621      23
0.9916666666666653     14.824695898801275      20
0.9791666666666653     12.515045046870458      21
0.9541666666666654     14.233639558990731      16
0.9958333333333319     19.983445499715305      21
0.9916666666666653     19.983445499715305      19
0.9458333333333321     12.544223138994113      18
0.9916666666666653     14.684791487419133      26
0.9958333333333318     12.595806434137621      22
0.9416666666666655     14.747955094234152      18
0.9624999999999987     11.92319492694657      19
0.9374999999999988     14.747955094234152      20
0.9916666666666651     19.894592410508725      22
0.9416666666666653     15.776175689417158      16
0.9874999999999986     12.759627655213304      17
0.9416666666666654     14.233639558990731      15
0.9333333333333321     12.388778438427622      16
0.9208333333333322     13.521952132057592      17
0.9958333333333319     15.67674278872814      28
0.9999999999999984     13.521952132057592      24
0.9166666666666655     19.726491033926013      15
0.9749999999999986     12.329479969003378      24
