0.9916666666666653     11.92319492694657      22
0.9999999999999984     14.066027050010302      21
0.9958333333333319     12.595806434137621      23
0.9958333333333318     12.896875784060668      20
0.9916666666666653     12.727352779715442      20
0.9916666666666651     12.515045046870458      19
0.9874999999999986     12.515045046870458      18
0.9666666666666653     12.595806434137621      16
0.9791666666666653     14.508442983498067      17
0.9999999999999984     19.045765406092652      21
0.9874999999999986     12.329479969003378      20
0.9958333333333319     13.420019334899202      22
0.8916666666666656     11.880475405679862      16
0.983333333333332     11.92319492694657      18
0.970833333333332     11.82812854498676      19
0.9791666666666653     11.880475405679862      20
0.9958333333333318     12.515045046870458      21
0.9999999999999984     12.727352779715442      23
0.9291666666666656     11.82812854498676      17
0.9333333333333321     11.92319492694657      15
0.9624999999999986     12.515045046870458      16
0.9374999999999988     14.066027050010302      15
0.9541666666666654     11.92319492694657      16
0.9083333333333322     11.92319492694657      14
0.9916666666666653     15.67674278872814      20
0.8791666666666658     11.880475405679862      16
0.8541666666666657     12.595806434137621      14
0.9874999999999986     12.595806434137621      18
0.9791666666666653     14.684791487419133      18
0.9458333333333321     11.92319492694657      16
0.9999999999999984     13.912803939597556      24
0.9999999999999984     14.066027050010302      23
0.9749999999999986     11.92319492694657      17
0.9416666666666654     14.066027050010302      18
0.983333333333332     12.515045046870458      21
0.9916666666666651     14.233639558990731      20
0.9916666666666653     15.67674278872814      22
0.9916666666666653     19.726491033926013      23
0.9416666666666654     14.508442983498067      17
0.9958333333333318     12.515045046870458      24
0.9999999999999984     19.689839120095392      25
0.9791666666666652     19.894592410508725      23
0.8833333333333322     21.442565900443057      19
