0.9411111111111115     10289.775506727054      34
0.9700000000000005     12746.762298878446      38
0.9522222222222226     10685.58099048266      35
0.9600000000000006     11481.33641712115      35
0.9588888888888892     11403.34298969006      35
0.9088888888888889     7882.817171756391      30
0.9522222222222226     10223.00206332577      34
0.9388888888888893     9784.090173182152      33
0.9566666666666671     10995.520225898867      35
0.9611111111111115     11393.260629668146      34
0.8966666666666668     8438.990046919575      32
0.954444444444445     10821.354662090274      35
0.9088888888888893     8755.220144694167      32
0.9700000000000008     14102.492168885547      40
0.9055555555555557     8359.68587171018      31
0.9033333333333334     8410.75867850715      33
0.9311111111111112     8563.88151153875      31
0.955555555555556     11146.807733325939      35
0.9400000000000004     10072.035467422438      35
0.9666666666666672     11547.752485871577      36
0.9122222222222223     7770.984781844011      31
0.9     7752.276406536475      31
0.9311111111111116     9182.200598536052      31
0.8944444444444447     8241.59721411509      32
0.9633333333333338     12288.283924278538      38
0.9711111111111116     14305.480134146143      40
0.9388888888888891     8898.943699391635      32
0.9611111111111118     11489.798127527383      37
0.9266666666666672     8351.396803403799      31
0.9588888888888893     11076.314301784178      36
0.9688888888888895     11871.47057500155      35
0.91     9633.50420022268      34
0.9533333333333338     10907.648319971435      36
0.9711111111111117     12838.087562716104      38
0.8922222222222222     8317.213438772025      32
0.9622222222222226     11634.795809770683      35
0.9533333333333339     10298.833676456463      34
0.9688888888888896     12312.576457245214      37
0.9411111111111115     10624.131135355949      34
0.9455555555555561     11004.006178026148      35
0.9433333333333335     9057.388004196828      32
0.8966666666666666     7666.6983164853145      30
0.9311111111111117     9861.777059660855      33
0.9511111111111115     9891.886707453046      33
0.9188888888888892     8586.171670971955      30
0.917777777777778     7916.703048347286      31
0.8777777777777778     7786.124389218109      31
0.8800000000000001     7854.075022550692      32
0.9522222222222226     12708.920530700736      38
0.9711111111111116     13992.078048483463      40
