0.9511111111111115     9516.20790116095      31
0.9388888888888893     8963.04602879028      31
0.9688888888888896     10691.484472088225      32
0.9500000000000005     9517.095858285513      31
0.9566666666666672     9906.477250089682      34
0.9355555555555559     8548.845243995744      31
0.9644444444444449     10570.586748187608      33
0.9711111111111117     11607.211342869372      36
0.9577777777777781     10424.756961560728      33
0.9633333333333339     10199.328604229564      34
0.927777777777778     8477.324568543896      31
0.974444444444445     12582.795707427926      35
0.9722222222222229     11991.968019388996      34
0.9222222222222225     7568.635150936463      30
0.9366666666666668     8928.919689642738      30
0.9522222222222227     9464.845966560877      33
0.9566666666666672     9976.260535621968      31
0.9700000000000005     11880.10456977847      35
0.9222222222222226     8091.793760009905      30
0.9388888888888893     9082.081747450067      29
0.944444444444445     9564.504320823462      31
0.9177777777777776     8852.42831412672      30
0.9744444444444451     12010.158015223775      37
0.9144444444444445     7412.9055684139275      27
0.8566666666666668     7112.002803502472      27
0.8733333333333335     7050.772690491646      28
0.9555555555555559     11061.767236099045      34
0.9422222222222227     9807.359047676131      31
0.9144444444444448     8375.098319442557      30
0.9366666666666672     9253.34498882183      33
0.8811111111111113     8964.16760524864      31
0.9100000000000001     8229.20281124266      32
0.9366666666666671     9898.61447376441      32
0.964444444444445     11250.105128953894      34
0.9533333333333336     9496.02516787645      33
0.9477777777777782     10549.098790372842      34
0.9755555555555562     17269.424282877353      45
0.9311111111111113     10311.439732974422      33
0.9444444444444451     9876.613656947207      34
0.9222222222222225     8550.479564424888      32
0.9544444444444449     11210.168015976802      34
0.9644444444444451     12428.352229849892      37
0.9277777777777781     9275.515304082772      33
0.9733333333333339     13034.99254187639      36
0.9444444444444448     10373.277253137388      35
0.8977777777777778     9837.169869268973      32
0.954444444444445     11455.558390755903      35
