0.9500000000000005     9441.766886776799      33
0.9611111111111116     11064.196336920015      35
0.9688888888888894     11145.565736177501      35
0.9522222222222226     10350.606772076599      34
0.9500000000000004     9649.2002956568      33
0.9344444444444447     8428.718085533037      31
0.965555555555556     11162.171881939712      36
0.9733333333333338     12195.075211358348      36
0.9577777777777782     10550.974539615789      35
0.9577777777777782     10819.877565654459      36
0.974444444444445     13529.08078600334      39
0.9700000000000005     14285.035008630093      41
0.9655555555555562     13168.926307577727      40
0.9366666666666672     8936.215855671015      33
0.9533333333333336     10188.626062481924      35
0.8933333333333332     7312.699742569306      30
0.9122222222222225     8158.2587810217865      30
0.9744444444444451     15300.791940345103      42
0.9322222222222226     8004.450929983565      31
0.9233333333333336     8481.204649951731      32
0.823333333333333     8551.874946353199      34
0.9522222222222226     11381.847782942206      35
0.9688888888888895     13869.09524553689      40
0.9622222222222228     11392.884847141559      36
0.9611111111111116     13546.431450956303      41
0.9433333333333338     9146.42858030784      32
0.9755555555555562     15676.487323919157      43
0.9800000000000006     19806.773564371568      47
0.9600000000000006     12507.352823145611      38
0.9577777777777782     16015.55810765813      44
0.9244444444444445     9065.920379943609      34
0.8699999999999998     8767.251027351178      33
0.9444444444444449     10505.477066359166      35
0.9400000000000005     13030.50953153993      41
0.9322222222222226     9663.845832982835      35
