0.9644444444444449     11604.92137833313      36
0.955555555555556     9770.196806541197      32
0.9300000000000003     8982.556862618614      31
0.9588888888888893     11007.510468251667      35
0.9433333333333337     9178.622487664697      31
0.9633333333333337     11218.661331460988      36
0.9300000000000002     8639.358958821413      31
0.9577777777777783     10304.966839854442      33
0.9700000000000008     11636.132383273156      35
0.9566666666666672     15530.105562438994      35
0.9733333333333337     12844.630709591058      37
0.9711111111111114     12197.876877927072      36
0.9766666666666671     13494.644019982652      38
0.9633333333333338     12651.675848802015      38
0.9777777777777783     14446.863946828964      39
0.9522222222222226     10596.28490691832      35
0.9200000000000002     7315.420951608444      27
0.8955555555555557     7303.245671683229      30
0.9577777777777782     11938.167786930791      37
0.9511111111111115     9399.481633060775      31
0.8655555555555555     6878.088060591668      28
0.9477777777777779     9568.529476434062      32
0.9466666666666671     9500.214817376303      32
0.9355555555555559     9675.778968500821      33
0.9300000000000002     8950.594858487304      32
0.9600000000000004     12745.88557296036      38
0.9566666666666671     11355.009843313037      36
0.8833333333333333     7673.071296077231      30
0.8977777777777777     7787.524479369655      29
0.9477777777777784     10994.06991943562      37
0.9122222222222227     8635.220957903852      29
0.9244444444444446     8305.037746029275      30
0.9033333333333332     8394.605223638506      29
0.9077777777777781     7677.40129898208      30
0.9411111111111116     9935.030681192602      34
0.9222222222222224     11197.85525070529      35
0.9566666666666672     12748.38665905161      37
0.9400000000000005     11169.881682513602      37
0.9755555555555561     12938.03043290796      38
0.8588888888888887     8001.831384575288      31
0.9000000000000004     8596.021636693755      30
0.955555555555556     11437.079165678198      37
0.9100000000000004     10832.46450006758      35
0.9466666666666673     13964.171643358699      41
0.91     9226.436078617498      32
0.7977777777777781     7930.456336212381      32
