0.9044444444444443     8937.093245618611      33
0.8577777777777781     7397.752476834511      30
0.9177777777777778     9906.683379478547      35
0.9144444444444448     9860.348068062573      35
0.9166666666666667     9864.233259999806      35
0.8588888888888891     7561.486859158809      31
0.8199999999999997     6043.563743981921      27
0.9122222222222225     9770.720209124222      35
0.8544444444444445     7669.700135810659      31
0.7844444444444443     5794.064851795043      27
0.8377777777777778     6779.375653782188      29
0.7188888888888885     5090.47235832306      25
0.8966666666666665     8705.565408262195      33
0.8033333333333335     5886.966440757386      27
0.8888888888888888     8239.84563349653      32
0.8366666666666664     6484.899560785213      28
0.9277777777777779     11041.541899923104      36
0.8711111111111113     7726.977652720355      31
0.8144444444444444     6363.197727475424      28
0.9222222222222224     10342.654656462535      36
0.8522222222222222     7005.475270940077      29
0.8644444444444446     7919.280197766572      32
0.8411111111111111     7545.641470805356      31
0.7966666666666666     6140.206284374474      28
0.8111111111111111     6623.239864642698      29
0.8522222222222224     7688.516363448293      31
0.9000000000000002     9216.507742921045      34
0.8977777777777779     8879.343175481197      33
0.8688888888888889     7998.60471883763      32
0.9355555555555558     12445.73546867293      40
0.8611111111111114     8050.255872868198      32
0.8366666666666667     6793.273395156472      29
0.8933333333333335     8733.774432363505      33
0.9044444444444443     9261.091487747339      34
0.9111111111111112     9692.935015331355      35
0.918888888888889     10243.9068770222      36
0.8322222222222223     7601.508127395665      31
0.9155555555555556     9912.975440415854      35
0.8477777777777779     7882.829736053594      32
0.8244444444444442     7452.120647093231      31
0.9044444444444444     9409.371731964013      34
0.9288888888888891     11380.190548578585      38
0.9233333333333335     10343.356145543246      36
0.9255555555555557     10823.481115799297      37
0.8766666666666667     8142.556719088077      32
0.9255555555555557     11261.697083443065      38
0.8900000000000002     8382.1133526985      32
0.9177777777777782     10328.560151315507      36
0.9122222222222224     10226.173225785617      36
0.8722222222222218     8218.816179051073      32
