0.902222222222222     8775.854380368552      33
0.9011111111111113     9537.31536481878      33
0.8922222222222218     8410.661954043511      32
0.9166666666666666     10100.748076476695      34
0.9277777777777778     10723.34792392423      35
0.9133333333333336     10252.261072448011      35
0.917777777777778     10720.19213843386      35
0.9111111111111114     10465.725773314205      35
0.9055555555555558     9840.05465203778      34
0.917777777777778     10891.995005019151      36
0.8822222222222218     7910.832465579449      31
0.8944444444444443     8684.80264893217      33
0.8599999999999999     7198.107719943873      30
0.8422222222222221     7514.244641286753      29
0.8777777777777779     8265.783552676068      32
0.8777777777777774     8047.07927353234      32
0.814444444444444     7062.435533918254      30
0.8788888888888889     8471.47104815117      31
0.8511111111111113     7819.679105162554      30
0.8799999999999997     8316.37932115116      32
0.8599999999999997     7623.910329734926      31
0.9277777777777779     11576.397087038753      37
0.8511111111111108     7418.152638057491      31
0.8977777777777773     8962.578820264605      33
0.8977777777777778     9343.857337742038      33
0.9066666666666665     9866.758010773789      35
0.8966666666666664     8756.11377989959      33
0.83     7113.1101076345785      30
0.9288888888888892     13061.038476287844      40
0.8711111111111106     7767.010493450679      31
0.9033333333333335     9766.559741818926      34
0.8511111111111108     8104.817023413181      32
0.9066666666666668     9957.685049203383      34
0.902222222222222     9088.145369447384      34
0.8911111111111105     8442.095155326788      32
0.8733333333333331     8475.926008489481      33
0.9111111111111113     10405.001655213377      35
0.9166666666666669     10489.131003897826      35
0.9011111111111113     9903.427804831113      34
0.866666666666666     8358.820637773813      33
0.8922222222222218     8747.337543373453      33
0.9011111111111111     10136.555174876383      36
0.9199999999999999     11057.959225063956      36
0.9277777777777778     11060.797938009177      36
0.9088888888888891     10216.31822552031      35
0.9044444444444446     10278.609842836371      35
0.9066666666666665     10220.120683844565      36
0.8855555555555554     8526.533203195264      33
0.9166666666666669     10498.577711608932      35
0.917777777777778     10900.213082924756      36
