0.8755555555555554     7964.593657808183      31
0.8633333333333332     7570.441139324546      30
0.8700000000000002     7818.1350116342555      31
0.9233333333333338     11376.617571178282      38
0.8077777777777777     6460.178551956947      28
0.8944444444444449     8923.647729285247      31
0.904444444444445     9268.733240150288      32
0.8733333333333338     8057.090473022428      31
0.7833333333333332     5562.569223252854      26
0.841111111111111     6547.877484024065      28
0.9222222222222228     10144.97263570424      33
0.86     7376.093864856208      30
0.9166666666666673     12658.724124507315      36
0.8133333333333332     6753.012873484968      29
0.8922222222222226     8153.540150145944      31
0.896666666666667     8833.941052689332      33
0.9155555555555562     10953.678734369447      36
0.9144444444444451     9874.202862358066      33
0.8111111111111111     6510.059181800867      28
0.8933333333333339     8345.35816497202      30
0.8444444444444443     7026.3822450589905      29
0.8066666666666665     6455.033364613869      28
0.7744444444444439     5061.410590766307      25
0.8966666666666672     9324.849101505355      32
0.8488888888888887     7146.134944916712      30
0.7822222222222225     5978.442207607437      27
0.8499999999999998     7668.965024922197      29
0.8666666666666671     7676.531736347459      29
0.915555555555556     10355.388690791537      36
0.8577777777777779     7865.945436050886      29
0.9033333333333338     9570.053062239504      32
0.8433333333333333     7015.122090171177      30
0.8911111111111114     8462.601625846322      31
0.8744444444444445     8125.999772859336      30
0.7999999999999994     6310.19244167063      29
0.903333333333334     9670.359179210354      33
0.9155555555555561     11069.454613454478      36
0.853333333333333     7309.7467232451445      30
0.9155555555555559     11163.613239293447      36
0.8422222222222221     6960.649232561674      27
0.9355555555555563     15781.030082115023      42
0.8822222222222225     8435.320719912874      32
0.8744444444444447     8445.566750291902      31
0.9288888888888893     11742.455130948845      37
0.9233333333333338     13402.58367788718      39
0.9188888888888893     11190.118747360733      38
0.8677777777777781     7922.923594776549      31
0.9055555555555561     10066.387262136352      34
0.8911111111111115     8766.21910670177      31
0.8488888888888887     7372.516236390129      30
