0.8500000000000003     7167.5357160037065      31
0.8855555555555558     8798.12816191161      34
0.9022222222222223     9442.721084924482      35
0.7922222222222222     6135.761745008781      29
0.8833333333333336     8654.020971995387      34
0.8600000000000004     7503.748186853627      31
0.9022222222222225     9723.689935656472      36
0.8955555555555559     9141.126827636761      35
0.875555555555556     8153.300371968256      33
0.8500000000000001     7542.926265582417      32
0.9211111111111114     10664.846479211326      37
0.9011111111111114     9818.050745542962      36
0.7977777777777776     6278.475881376361      29
0.8922222222222222     9859.450024762198      37
0.8433333333333336     6937.161263143661      30
0.844444444444445     7437.686193878061      32
0.9066666666666672     11518.314840083074      39
0.9322222222222224     11809.423756525519      38
0.7844444444444446     6458.6670749765935      30
0.8666666666666671     8075.811027909433      33
0.8433333333333336     7229.26802075072      31
0.84     7083.596407745796      31
0.8544444444444449     7620.358398822392      32
0.878888888888889     8207.782807238775      33
0.7811111111111113     6395.552158734191      30
0.8066666666666665     6600.022716523091      30
0.8444444444444449     7526.515845866366      32
0.848888888888889     8006.678703127484      31
0.8666666666666671     8113.890024336485      33
0.8900000000000002     8829.991830658282      34
0.8800000000000002     8915.998642795399      35
0.8255555555555557     6604.083486183185      30
0.7988888888888886     6580.445003554505      30
0.8266666666666669     6633.743940275982      30
0.8188888888888889     6676.691014024466      30
0.8855555555555558     9663.948275804612      36
0.8666666666666665     8281.11335024524      33
0.8677777777777779     8548.98498397895      34
0.8366666666666668     6973.561270105639      30
0.8833333333333332     9641.893981998615      36
0.8488888888888889     7580.935687197558      32
0.8300000000000001     7071.389692870504      31
0.7877777777777779     6635.259752020645      30
0.7788888888888886     6155.022430272348      29
0.8655555555555561     7732.335662784192      32
