0.8300000000000003     11487.077542675219      39
0.8288888888888892     11108.106549196169      38
0.7977777777777777     9875.129424583954      36
0.8344444444444448     11524.603757762045      39
0.8433333333333337     13552.021514063073      43
0.7144444444444448     7644.788917495856      33
0.7566666666666669     8221.684732195181      33
0.7611111111111107     8281.386570682247      33
0.7877777777777778     9308.217077256799      35
0.8411111111111116     12489.92053240001      41
0.7666666666666667     8669.111716787273      34
0.7100000000000003     7171.5945619159065      31
0.7333333333333332     7992.294145863838      33
0.7588888888888891     8663.220262482428      34
0.8288888888888892     11450.276428392292      39
0.8422222222222224     12757.153744013805      41
0.8311111111111114     11650.858242695629      39
0.8266666666666671     10768.356652127855      37
0.7577777777777777     8230.626740322055      33
0.7522222222222222     9352.329998008398      36
0.8133333333333336     10503.584106569482      37
0.7955555555555557     9748.204449431345      36
0.8277777777777782     11270.4706513241      38
0.8388888888888891     12030.888280135714      40
0.8111111111111112     10081.175761982193      36
0.8244444444444448     10930.243238592106      38
0.8044444444444446     9906.864627336628      36
0.837777777777778     12020.01231582834      40
0.8333333333333337     12135.983623581842      40
0.8211111111111113     10945.534852983486      38
0.8300000000000003     12231.79899995887      41
0.8200000000000002     10576.034412175468      37
0.8244444444444445     11073.472345233962      38
0.8144444444444446     10510.641549582931      37
0.8133333333333335     10441.972931857119      37
0.7899999999999999     9738.835012741472      36
0.807777777777778     10425.551997281027      37
0.817777777777778     10928.71537122764      38
0.8211111111111113     10971.081163031506      38
0.7855555555555557     9575.587856395632      36
0.7844444444444443     9631.093230751021      36
0.7966666666666669     10180.034592620092      37
0.8388888888888891     12352.856478289877      41
0.8177777777777783     11203.026469164417      39
0.7966666666666669     10291.360106927594      37
0.8055555555555555     10311.952726327689      37
0.8388888888888891     12708.593721848705      41
0.8277777777777781     11404.494443301313      39
0.8233333333333335     11303.07590537155      39
