0.7144444444444442     7468.1588284165355      32
0.7477777777777778     8485.031694441523      34
0.7333333333333332     8020.704258520669      33
0.7444444444444446     8338.364204704973      34
0.7622222222222224     9399.02944230468      36
0.7622222222222221     8913.637632381975      35
0.7277777777777776     7927.877195575927      33
0.7433333333333335     8482.138095798695      34
0.7599999999999999     9389.19567384831      36
0.8211111111111115     12901.918823307946      43
0.7800000000000001     9414.665278300878      35
0.731111111111111     7966.105997499556      33
0.8111111111111112     12098.535335347806      41
0.7966666666666669     11463.366265006815      40
0.7899999999999999     10471.708640871864      38
0.8055555555555558     12300.762603786729      42
0.7888888888888891     11022.93071517379      40
0.7888888888888888     11003.306508496516      38
0.7811111111111112     9508.04052153917      36
0.7866666666666668     10070.710781372029      37
0.78     9451.378749826245      36
0.7244444444444443     7911.342361936513      33
0.7211111111111111     7921.47848857761      33
0.7577777777777779     9104.022185998592      35
0.7544444444444445     8895.357281235909      35
0.7366666666666667     8312.888816072878      34
0.7133333333333333     7107.962607869543      31
0.7099999999999999     7235.6738450693      31
0.7088888888888885     7395.954823456432      32
0.7766666666666667     9558.023768024952      36
0.7533333333333333     8509.523360264162      34
0.713333333333333     7555.104106009899      32
0.73     7935.492513205061      33
0.7466666666666665     8815.252503756423      35
0.7333333333333332     8316.68040567272      34
0.7444444444444448     8667.032660783218      34
0.787777777777778     11212.419196299299      40
0.7666666666666668     9828.214944420328      37
0.8011111111111111     12352.01382122472      42
0.7844444444444445     10349.65425518747      38
0.7811111111111111     10605.07200994834      39
0.723333333333333     7932.162313857495      33
0.7966666666666666     11583.754764707133      41
0.7877777777777779     11275.17828311075      40
0.78     9878.752617899167      37
0.777777777777778     10227.23348496274      38
0.7533333333333333     9521.0914357873      37
0.7522222222222222     8815.259280481969      35
0.7366666666666666     8579.94885399826      35
0.7422222222222223     8632.731525699066      35
