0.8055555555555557     10690.145202309715      38
0.7855555555555557     9148.36615104856      35
0.7933333333333334     9676.079752001404      36
0.7977777777777779     10156.078936964086      36
0.8022222222222222     10476.051190917293      38
0.8088888888888892     11454.343287118463      40
0.7044444444444444     7227.709110540752      32
0.7911111111111112     9636.182246423703      36
0.816666666666667     12111.570411120261      41
0.808888888888889     11495.592185679892      40
0.7433333333333335     7895.474865081614      32
0.7444444444444449     8165.340934523248      33
0.767777777777778     8304.416206465461      33
0.7611111111111115     8342.997291923391      33
0.7422222222222222     8046.921560336912      33
0.7555555555555561     8905.707712908945      34
0.8033333333333335     11380.449465226468      40
0.7544444444444445     8232.273871860294      32
0.7955555555555558     10445.873405665428      38
0.7677777777777778     8987.726204491777      34
0.748888888888889     8716.154393014998      35
0.7722222222222225     8993.682673262314      35
0.8100000000000002     11802.222134797406      40
0.7877777777777779     9599.0787050993      36
0.7911111111111112     9988.267576299468      37
0.7677777777777778     8954.107890540638      35
0.8     10548.119392696808      38
0.7788888888888892     9178.43222869315      35
0.7811111111111111     9208.449437524645      35
0.7900000000000001     9654.513892583886      36
0.8011111111111112     10709.228834810187      38
0.7933333333333334     10053.332317994713      37
0.7855555555555557     9338.78631624478      35
0.7855555555555559     9715.116512563276      36
0.7888888888888891     10111.570049814549      37
0.7844444444444446     9870.6027591661      37
0.7555555555555554     8792.01121552525      34
0.8000000000000003     10871.616937838038      39
0.8000000000000002     10949.635658294113      39
0.7666666666666667     9065.363181863495      34
0.7655555555555557     8973.411790509314      35
0.7977777777777779     10474.298102211336      37
0.776666666666667     9138.746990616986      35
0.7911111111111113     10171.655712883552      37
0.7266666666666669     8153.646283026548      32
0.7811111111111113     9618.967609776037      36
0.7755555555555558     9453.040656923626      35
0.8088888888888889     12278.451527707637      42
0.8166666666666669     13704.867618377382      45
0.8133333333333335     12439.512552364842      42
