0.713333333333333     6349.189881208804      28
0.7533333333333334     7244.349708744428      30
0.7511111111111112     7562.506765534056      31
0.7333333333333332     6977.629571918838      29
0.712222222222222     6633.854134042773      29
0.7833333333333333     8505.071523946264      33
0.7988888888888889     10357.476743074234      37
0.7477777777777777     7476.694763699905      31
0.7966666666666666     10793.766587573658      38
0.7744444444444444     8768.782616901968      34
0.79     10428.973213104271      38
0.7222222222222222     6644.245624177026      29
0.703333333333333     6581.010158892735      29
0.7677777777777778     8356.114538742117      33
0.7855555555555556     9162.253598451576      35
0.7666666666666665     8030.235204187676      32
0.723333333333333     6729.181724115368      29
0.7711111111111111     8663.100766194571      34
0.7655555555555553     8658.403208583091      33
0.7899999999999999     10207.910051361134      37
0.7933333333333333     10623.653734703874      38
0.7466666666666667     7490.25332276192      31
0.772222222222222     9063.456234380265      35
0.7711111111111109     8682.477520600041      34
0.7144444444444441     6686.9657899710855      29
0.7644444444444445     7682.8011908596145      31
0.7888888888888888     10166.090355758586      37
0.7444444444444448     7560.725002921744      31
0.7422222222222223     7131.327585834728      30
0.7855555555555555     9311.370844574174      35
0.7522222222222222     7951.419767210386      32
0.748888888888889     7902.822694348834      32
0.7299999999999999     6808.0435809093615      29
0.7766666666666666     9179.701471029057      35
0.7233333333333335     6981.116855719607      30
0.7333333333333334     7096.999919148441      30
0.7444444444444442     8002.80220398228      32
0.7699999999999999     8728.492366837227      34
0.7377777777777775     7260.616667667561      30
0.7166666666666667     6936.464571998242      30
0.7855555555555552     9620.666729757973      35
0.7399999999999999     7454.001584134736      31
0.7833333333333334     9189.038178654087      35
0.7077777777777775     6793.937767829956      30
0.7588888888888888     8224.417628914141      33
0.7644444444444447     8294.066296434983      33
0.7822222222222223     9572.28446238813      36
0.7211111111111113     6993.491180739899      30
0.7677777777777778     11650.465585938584      41
0.7566666666666664     8250.203962840935      33
