0.7733333333333332     7908.639088886547      32
0.7322222222222224     6841.936848985313      30
0.7588888888888888     7508.070280506584      31
0.7577777777777779     7203.430184916596      30
0.7577777777777779     7456.319264374051      31
0.7455555555555554     7024.195221745774      30
0.7777777777777776     7978.414170421848      32
0.7299999999999999     6808.600219525722      30
0.7222222222222223     6635.115923495632      30
0.7355555555555555     6933.770206838439      30
0.7166666666666663     6520.000300878925      29
0.7722222222222224     7651.0293747542255      31
0.781111111111111     8263.624620303068      32
0.7888888888888888     8585.768256281732      33
0.7233333333333334     6842.035398199416      30
0.7799999999999998     8124.06517699363      32
0.7933333333333333     10094.154721727082      37
0.7155555555555555     6622.565231484953      30
0.7822222222222223     8594.88936946541      33
0.7477777777777775     7384.278379315915      31
0.7733333333333332     8194.725868683128      33
0.7866666666666665     8943.921973993702      34
0.7688888888888888     7885.920814594348      32
0.7322222222222223     6874.3088369267425      30
0.7577777777777777     7527.420775180867      31
0.7244444444444443     6842.181424062737      30
0.742222222222222     7016.475610811376      30
0.7711111111111111     8152.404712017059      33
0.7444444444444446     7295.931515555615      31
0.7211111111111109     6787.745062817152      30
0.7444444444444445     7210.414889995588      31
0.7499999999999998     7527.211288912232      31
0.7655555555555557     7610.490514539852      31
0.7366666666666665     6987.201112077745      30
0.7644444444444445     8216.997123858846      33
0.7122222222222222     6362.930543466164      29
0.7455555555555554     7460.663250119108      31
0.7855555555555553     8667.674933906284      34
0.7822222222222219     8638.417344482305      34
0.7888888888888888     9112.006688558264      35
0.7377777777777776     7124.515581218903      31
0.7277777777777777     6880.523449593601      30
0.721111111111111     6867.118204947691      30
0.74     7157.545345257707      31
0.742222222222222     7183.530109319693      31
0.7544444444444443     7636.415373122448      32
0.7788888888888887     8265.784120329325      33
