0.8177777777777779     10855.9082108602      39
0.8133333333333334     10280.61997152526      37
0.8077777777777778     9709.967474259402      36
0.811111111111111     10467.330813689494      37
0.8066666666666666     9728.541153603783      36
0.8211111111111112     11001.109215913066      39
0.8344444444444447     11996.344938398503      40
0.81     10409.196714784754      38
0.7833333333333332     8778.557270506959      34
0.777777777777778     8734.838194035177      34
0.8244444444444445     11092.056323543256      38
0.7777777777777778     8303.767375487689      33
0.7366666666666666     7499.1229021043955      32
0.8300000000000002     11869.907937474207      41
0.8099999999999999     9890.962935329802      36
0.8300000000000001     13038.209025995962      42
0.8211111111111112     11361.203494165098      40
0.8288888888888891     12100.325582004265      41
0.81     10421.882395734054      38
0.8133333333333335     10476.18102415628      38
0.8222222222222223     12262.315665245944      42
0.8188888888888891     11000.834524566204      39
0.8177777777777777     11033.744233271167      39
0.7988888888888888     8882.905652788186      34
0.8177777777777779     11339.401138338804      40
0.8177777777777777     11168.661848650156      38
0.7877777777777777     9164.41396531176      35
0.7777777777777777     8999.898475584907      35
0.8177777777777778     11053.898596589708      39
0.8133333333333334     10623.676542743657      38
0.8155555555555555     10763.90582824849      38
0.7766666666666667     8588.8433044547      34
0.7744444444444445     9044.977038034345      35
0.7822222222222223     9111.827804936642      35
0.8188888888888889     11666.638093261794      39
0.8099999999999999     10213.71318096022      37
0.7688888888888888     8810.221767216992      35
0.7977777777777777     9349.572680588048      35
0.7988888888888888     9559.940411952395      36
0.8033333333333333     9576.041026812478      36
0.811111111111111     10822.761526606817      38
0.8077777777777778     10023.15225303606      37
0.7844444444444443     9148.914688279214      35
0.8066666666666666     10427.203796008036      38
0.8166666666666667     11006.438464212493      39
0.8022222222222222     9706.794314088662      36
0.8022222222222221     9713.39024420432      36
0.7633333333333333     8101.666594214544      33
0.8155555555555554     10963.405305427541      38
0.8055555555555556     9729.348078977906      36
