0.8300000000000003     11330.255868338225      39
0.8300000000000004     11349.371178521651      39
0.73     8416.051001588718      34
0.788888888888889     9732.212762337771      36
0.8377777777777782     13284.355429808853      43
0.8200000000000002     10782.505482399487      38
0.8433333333333336     14269.530275941104      45
0.7833333333333332     9032.09407432671      34
0.7555555555555553     8742.459435116314      34
0.817777777777778     10417.796653555552      37
0.8188888888888891     10803.419963314129      38
0.8355555555555558     11456.25231545299      39
0.8044444444444442     9972.680664652149      36
0.787777777777778     9300.916461505642      35
0.8233333333333335     10812.923685105106      38
0.7766666666666666     9563.410945532763      36
0.8266666666666668     10894.596584066374      38
0.8422222222222223     13405.5523842052      43
0.826666666666667     10943.904706386746      38
0.8333333333333335     11506.953171108822      39
0.836666666666667     12353.231578103769      41
0.8022222222222222     9848.937090169828      36
0.8155555555555556     10253.539443083642      37
0.8244444444444444     11233.705561420009      39
0.8222222222222223     10849.058602868807      38
0.7933333333333331     9957.935879972832      37
0.8422222222222224     13869.349097396595      43
0.8355555555555557     11803.376841327974      40
0.8322222222222224     11702.25818762613      39
0.8122222222222223     10612.976187097242      38
0.8166666666666669     10666.478990982081      38
0.8033333333333332     10214.372406715222      37
0.803333333333333     10124.206274640712      37
0.8111111111111112     10771.568217483462      38
0.8255555555555556     11236.083669049518      39
0.7855555555555556     9587.493432773561      36
0.8222222222222223     11186.926977181958      39
0.7733333333333335     9186.245410619735      35
0.8300000000000002     11754.939971850725      40
0.7877777777777776     9807.792629799877      36
0.751111111111111     8773.140248115276      34
0.8166666666666667     10798.052045783319      38
0.7311111111111113     8994.343405516729      36
0.8155555555555557     10963.805799776943      39
0.8077777777777777     10270.066615648628      37
0.8366666666666669     11905.890677943915      40
0.7999999999999999     10154.900869674113      37
