0.7277777777777775     6782.85302634153      30
0.7644444444444444     8097.653897156066      33
0.7688888888888887     8434.041596287043      34
0.7688888888888888     8466.5686033848      34
0.7744444444444445     8478.384563946664      33
0.7244444444444442     7084.408612568893      31
0.7088888888888885     6602.761475927229      30
0.818888888888889     11861.40558961469      41
0.7577777777777774     7748.271081844258      32
0.7466666666666666     7395.75353261407      31
0.7366666666666667     7213.827519127408      31
0.741111111111111     7616.411593846443      32
0.7966666666666665     10470.2455741228      37
0.8055555555555556     10691.748821459156      39
0.8088888888888887     11900.090808395516      41
0.7488888888888887     8211.530725143328      34
0.76     8309.25168643283      34
0.78     8708.751765885849      34
0.7388888888888886     7468.005745049036      32
0.7999999999999998     10724.931145382188      39
0.8111111111111111     12255.625258300872      42
0.7466666666666666     7996.4284448794415      33
0.742222222222222     7801.135451092529      33
0.7688888888888885     8827.134240474103      35
0.7777777777777776     8883.323813736384      35
0.724444444444444     6728.421774150183      30
0.793333333333333     9791.379383942425      37
0.7977777777777776     10326.676271335136      38
0.7633333333333331     8379.799525384611      34
0.7922222222222219     9464.331339717062      36
0.7655555555555553     8382.772300503872      34
0.7377777777777778     7567.805900183093      32
0.7766666666666665     8869.933733838041      35
0.7377777777777776     8199.542320450635      34
0.7955555555555553     10306.791246840581      38
0.7755555555555554     8898.896247214436      35
0.7355555555555556     8184.422386124233      34
0.7633333333333331     8405.511554187464      34
0.7855555555555556     8941.76020297933      35
0.7988888888888886     10636.282674928143      39
0.7922222222222219     9792.984089737422      37
0.792222222222222     9824.320932942243      37
0.7422222222222222     8249.313552423773      34
0.772222222222222     9182.056311634378      36
0.7644444444444445     8740.811959378203      35
0.7244444444444444     7384.861806370024      32
0.7155555555555555     7008.341221899608      31
0.8122222222222222     13608.643075373566      44
0.7944444444444445     10350.16087248319      38
0.7566666666666666     8401.374044211389      34
