0.7666666666666666     8496.47908611344      34
0.7744444444444444     8928.733216506056      35
0.7688888888888888     8505.83932097391      34
0.7844444444444446     9418.46627997635      36
0.8055555555555556     11099.419992656847      39
0.7522222222222221     8003.547069227354      33
0.807777777777778     13137.872597379554      44
0.7866666666666666     9859.58677185616      37
0.7944444444444445     10522.160344190355      37
0.7800000000000001     9038.721711873854      35
0.7377777777777779     7490.915630147991      32
0.7522222222222221     8052.218143227827      33
0.8044444444444445     12139.646688266368      42
0.7288888888888891     7748.64290631755      33
0.7688888888888887     8818.472604105109      35
0.7922222222222224     9943.570025610918      37
0.78     9325.087105164715      36
0.7422222222222221     7858.0492746572      33
0.7644444444444444     8193.204322217218      33
0.7555555555555555     8097.508123781274      33
0.7833333333333334     9378.39386250893      36
0.7277777777777777     7666.696764353805      33
0.7711111111111112     8827.576196748605      35
0.7455555555555555     8331.063194832546      34
0.7855555555555558     9465.57582819244      36
0.778888888888889     9003.029911656467      35
0.7444444444444445     8093.988571723791      33
0.7744444444444445     9252.21410343973      36
0.7822222222222223     9363.938806389739      36
0.7266666666666669     8192.589233607114      34
0.7788888888888889     9618.53304674735      37
0.7644444444444444     8471.317844929974      34
0.7933333333333334     10022.945810344829      37
0.7333333333333334     8206.602345010164      34
0.7866666666666666     10342.67138337404      38
0.7744444444444444     9228.858077946026      35
0.7766666666666666     9611.226743477782      37
0.7733333333333333     9254.261480930769      36
0.7955555555555557     10757.93823698789      38
0.7988888888888892     10914.195424722544      39
0.7599999999999999     8492.182360870098      34
0.7566666666666666     8356.904305537668      34
0.7688888888888888     8834.668967103667      35
0.7566666666666666     8384.425391657369      34
0.7844444444444443     9726.233159240555      37
0.7933333333333334     10401.718855924548      37
0.7422222222222221     8230.090463397742      34
0.7833333333333332     9738.521634772593      37
0.7933333333333334     10805.84324981425      39
0.7644444444444444     8839.968281788539      35
