0.8177777777777779     10952.650245458974      38
0.8355555555555557     11967.572767249883      40
0.8344444444444447     11600.958515677594      39
0.8166666666666667     11144.539217518124      39
0.8500000000000001     12638.739607615336      41
0.8444444444444446     12463.339240647874      41
0.7844444444444445     9614.22578758705      36
0.7822222222222222     9500.509280262546      36
0.847777777777778     13019.694317995094      42
0.8600000000000002     14455.578173499001      45
0.8222222222222222     11682.83849346283      40
0.8044444444444445     10089.317869948485      36
0.8566666666666668     14464.963439275547      45
0.8477777777777779     12562.921677647717      41
0.8155555555555557     10979.019964049488      38
0.7855555555555556     9733.526049911541      36
0.7566666666666667     9606.582317723749      37
0.8511111111111113     13212.088517467779      42
0.8500000000000001     13039.973896017054      42
0.7944444444444443     9795.465243801882      36
0.768888888888889     9805.702448085678      37
0.8411111111111113     12021.07271650937      40
0.8211111111111111     11397.246775146963      39
0.8177777777777777     11175.693366674874      39
0.8355555555555557     11967.667498082117      40
0.7977777777777776     10130.992146010576      37
0.848888888888889     13321.833821386725      43
0.8533333333333334     13440.253095514345      43
0.836666666666667     12037.59467394791      40
0.8344444444444445     11884.44998557519      40
0.8555555555555557     14288.197949839301      44
0.8288888888888889     11801.755589170616      40
0.8411111111111114     12829.269157106697      42
0.8366666666666669     12177.654790993258      40
0.8122222222222221     10415.465172658194      37
0.8388888888888889     12682.32133570511      41
0.82     11224.192653199445      39
0.7899999999999999     10042.892643647354      37
0.8544444444444446     14015.158840745395      44
0.857777777777778     15500.313900846117      46
0.847777777777778     14222.439113535174      44
0.8133333333333332     11390.469501696736      40
0.821111111111111     11588.69677403671      40
0.8044444444444445     10409.278159642574      37
0.8455555555555558     12847.968702281029      42
0.8544444444444446     14988.691163784724      45
0.8400000000000003     12924.5725427166      42
0.8266666666666665     11801.894666839991      40
0.8044444444444443     10957.890485074628      39
0.8044444444444443     11120.929049947588      39
