0.8266666666666669     11400.784563274483      40
0.7877777777777777     9507.738632640083      36
0.7888888888888888     9524.722632860165      36
0.7955555555555555     9881.368772739126      37
0.7855555555555555     9146.855974184109      35
0.802222222222222     10015.845518107095      37
0.8055555555555556     10104.814955268772      37
0.7455555555555556     8162.396168112129      34
0.8111111111111111     10126.253240206204      37
0.7322222222222221     8576.859390136517      35
0.8166666666666668     10858.34085624754      39
0.8355555555555559     12362.562962988774      42
0.8244444444444449     11465.630658496118      40
0.7877777777777776     9417.651699454476      36
0.8244444444444446     11478.937900016565      40
0.8222222222222225     10965.059701978873      39
0.8211111111111113     11398.338311908234      40
0.8122222222222224     10755.055274783695      38
0.7766666666666668     8940.795367719957      35
0.8077777777777778     10799.417875097788      39
0.8300000000000003     11851.379210534471      41
0.811111111111111     10808.909655156951      39
0.7733333333333332     8919.064379959445      35
0.8355555555555558     11978.77332458892      41
0.807777777777778     10861.162908869608      39
0.7933333333333332     9846.623969591352      37
0.82     10951.533249212973      39
0.8388888888888892     12552.232364470054      42
0.791111111111111     9890.804215680299      37
0.8188888888888889     10933.939419233855      39
0.7244444444444444     8408.903129599486      35
0.8544444444444448     14121.077934238492      45
0.7866666666666665     9678.525129794582      37
0.8188888888888891     11030.422195529154      39
0.7699999999999999     8899.00126482132      35
0.8300000000000003     11883.051241141788      41
0.8033333333333333     10031.027951884713      37
0.8177777777777778     10919.033480362761      39
0.836666666666667     12478.670891354894      42
0.8077777777777777     10135.989556077646      37
0.8344444444444449     12422.81879654245      42
0.8222222222222223     11822.236175721824      41
0.7822222222222224     9444.329169654431      36
0.8211111111111111     11345.861344063916      40
0.7855555555555555     9462.947501181972      36
0.8311111111111114     12367.230535367245      42
0.8344444444444447     12459.100231513294      42
0.8311111111111114     12377.26069823703      42
