0.8066666666666664     10008.755039038431      36
0.7788888888888884     8802.022162672292      34
0.7588888888888886     7993.601742803674      32
0.7766666666666663     8583.274407096287      33
0.8111111111111108     10465.697067640538      37
0.812222222222222     10521.305785440358      37
0.8244444444444444     10951.684318565041      38
0.7999999999999997     9174.405183147226      34
0.7711111111111107     8166.19512307018      32
0.7577777777777773     8194.812211967308      33
0.7322222222222219     7143.777772301673      30
0.7566666666666663     8002.725145127981      32
0.7955555555555553     9177.01698959236      34
0.82     10599.528279730337      37
0.7488888888888885     7787.833491090379      32
0.8099999999999997     10346.907464120528      37
0.8022222222222218     9830.929755190233      36
0.7466666666666666     8227.318416105385      33
0.7755555555555552     8848.257193822184      34
0.8366666666666667     12131.493511030021      40
0.811111111111111     10747.924069185265      38
0.793333333333333     9448.789242118584      35
0.791111111111111     9451.345608057954      35
0.7833333333333333     8920.327274939487      34
0.7699999999999997     8828.167332782441      34
0.7322222222222218     7769.250590662735      32
0.774444444444444     8837.699265017889      34
0.744444444444444     8157.064909347217      33
0.8177777777777777     10957.176936534268      38
0.7844444444444442     8983.621629636653      34
0.8044444444444442     9840.763663545727      36
0.7111111111111107     8232.791261620496      34
0.7677777777777777     8357.782272826194      33
0.8077777777777776     10294.860728975065      37
0.8055555555555554     9874.069810458366      36
0.7644444444444443     8395.038267539694      33
0.8055555555555554     9988.020002010975      36
0.7999999999999997     9508.131728616627      35
0.7599999999999998     8282.796155904325      33
0.8111111111111109     10822.112935895917      38
0.8177777777777775     11187.071628766013      39
0.7655555555555552     8772.295100752412      34
0.7877777777777778     9242.257811769268      35
0.8311111111111111     12706.672241481363      42
0.7788888888888889     9003.950031768274      34
0.8222222222222223     11737.607869476338      40
0.7788888888888889     9188.938922896623      34
0.8133333333333331     11146.89880689415      39
0.8255555555555555     12257.226680046877      41
0.7744444444444443     9075.386040506426      35
