0.7411111111111109     8602.691557075095      35
0.7944444444444442     10480.069708395062      37
0.8011111111111108     11222.741860148506      39
0.7522222222222219     9053.041481684055      36
0.7777777777777773     9893.034062898123      36
0.8133333333333331     14018.909162913038      45
0.7333333333333332     8186.491892475043      34
0.7722222222222223     9939.856557747244      37
0.7922222222222219     10061.591602733552      37
0.7488888888888889     8963.011825953283      35
0.7166666666666666     7694.48141786865      33
0.8077777777777776     11436.470804571969      40
0.7455555555555555     9070.921967356611      36
0.8077777777777773     11835.614124920694      40
0.7833333333333331     10445.046176767135      38
0.7455555555555553     8636.305514968162      35
0.7533333333333329     9084.008734955261      36
0.8055555555555554     11285.280004568744      39
0.7200000000000001     8078.987966266809      34
0.7633333333333334     9135.643606221385      36
0.7822222222222219     10055.000353841895      38
0.8055555555555551     12207.465923558962      41
0.7366666666666667     8325.655152785217      34
0.7100000000000001     8002.591625269477      34
0.7677777777777776     9540.041578956108      37
0.801111111111111     11605.839126587269      40
0.7433333333333334     8749.318897174016      35
0.7588888888888888     9775.715604424424      38
0.7788888888888889     10095.474326353513      38
0.7999999999999997     10511.266472980988      38
0.7822222222222219     10431.171217644358      39
0.7844444444444443     10704.259298165203      38
0.7577777777777778     9436.9289234155      37
0.7200000000000002     8553.905850060688      35
0.7566666666666663     9552.836801105408      37
0.8011111111111111     11803.062284838865      41
0.7722222222222219     9983.594097864356      38
0.7477777777777779     9643.729376755291      37
0.7688888888888888     10016.82620131022      38
0.7644444444444444     9802.818161559084      37
0.7477777777777777     9291.64667002565      37
0.7555555555555553     9729.727912015856      37
0.7044444444444443     7836.380055797464      34
0.7977777777777776     10829.708600607535      38
0.7555555555555552     9875.910947020955      38
0.7888888888888886     11226.69406559819      40
0.7899999999999998     11268.769511792669      40
0.7788888888888886     10062.360497091735      38
0.8099999999999999     12557.050643465527      42
0.7466666666666667     9343.581635161181      37
