0.7233333333333335     6816.034536294688      30
0.7588888888888891     7887.938043397437      32
0.7966666666666664     9652.383482635181      35
0.7644444444444445     7975.818009468743      32
0.7288888888888893     7018.79696476016      30
0.8244444444444446     11616.73416846743      39
0.77     8085.271957580028      32
0.7222222222222225     6647.489520130372      29
0.7922222222222219     9435.552311084852      36
0.8133333333333332     11061.757954697669      39
0.8077777777777775     9907.209415990748      36
0.7733333333333333     8313.50735796109      33
0.7533333333333335     7859.175612330604      32
0.8277777777777778     12042.537504362923      40
0.788888888888889     8837.326534769374      34
0.7144444444444444     6505.26529715382      29
0.762222222222222     7893.6393681324      32
0.7466666666666667     7351.462579422907      30
0.82     11090.355165141555      39
0.7733333333333331     8563.252808068144      34
0.8077777777777775     9930.139535379074      36
0.8222222222222221     11219.83556339591      38
0.7933333333333332     9616.533357042099      35
0.7944444444444444     10266.428379741628      38
0.8122222222222221     11051.56185934397      38
0.7833333333333332     8838.67614534734      34
0.7844444444444443     8842.576564891118      34
0.8011111111111108     10723.67677013736      38
0.8133333333333332     11179.113905507711      39
0.7066666666666669     6390.521939503666      29
0.7511111111111111     7823.292371091414      32
0.837777777777778     12260.558878185697      40
0.7566666666666668     7968.670507050135      32
0.76     8009.143137625504      32
0.7822222222222222     8606.558047405988      34
0.7711111111111109     8165.248017488398      33
0.7011111111111112     6008.940430328603      28
0.727777777777778     7079.572495459171      30
0.7488888888888888     7647.6191177985265      32
0.7499999999999998     8118.013196387189      33
0.7799999999999999     8749.49431730811      34
0.8355555555555556     12182.4269368301      40
0.7688888888888887     8309.918744330784      33
0.8166666666666668     11502.62898810047      39
0.7411111111111114     7133.149463193352      30
0.7466666666666669     8240.795100517202      33
0.7144444444444443     6421.496882712708      29
0.7222222222222225     6930.722822507414      30
0.7166666666666669     6859.8046966624215      30
0.7455555555555557     7773.336595150757      32
