0.7958333333333326     711.0237196531629      14
0.8708333333333323     1478.6769853620312      20
0.8541666666666657     1315.0037194019812      19
0.8333333333333325     855.779573761027      15
0.791666666666666     618.2109299464545      13
0.791666666666666     718.2667480362799      14
0.8083333333333326     721.7423713615818      14
0.7499999999999994     493.4118417150208      12
0.8333333333333324     843.6019880235549      15
0.7749999999999995     591.8736251986386      13
0.7708333333333327     504.238828240772      12
0.8333333333333324     954.1486595498181      16
0.8166666666666659     727.5777189700211      14
0.8416666666666658     1030.8187701638228      17
0.8666666666666657     1329.6762416843846      19
0.7874999999999992     599.5994426765221      13
0.8583333333333324     1433.537160793988      20
0.7833333333333325     593.0277612785258      13
0.862499999999999     1589.9474306954862      21
0.766666666666666     514.3257130905843      12
0.8458333333333324     1174.8495380358388      18
0.874999999999999     1798.5782108699586      22
0.766666666666666     730.1151941204969      14
0.8666666666666657     1600.256639422889      21
0.874999999999999     2465.095597984448      26
0.8333333333333324     1057.8232731935789      17
0.8374999999999991     1185.1513816949      18
0.8124999999999992     730.5345894356909      14
0.8541666666666657     1443.47487222276      20
0.8541666666666657     1454.7880709136405      20
0.7958333333333326     809.6297751209379      15
0.8499999999999991     1214.5476069741442      18
0.8333333333333324     1175.9125636596045      18
0.7958333333333326     887.6849079129822      16
0.8708333333333323     1611.9122473212183      21
0.7458333333333328     775.7308231835144      15
0.862499999999999     1923.5740180571195      23
0.816666666666666     1024.3070624150466      17
0.8458333333333324     1799.4021976960032      22
0.7083333333333328     802.7582933264495      15
