0.8374999999999991     1042.8392167189015      17
0.8583333333333324     1315.585878035221      19
0.8291666666666658     845.3975272421569      15
0.849999999999999     1291.8087906595163      19
0.8416666666666657     1047.1907813087942      17
0.8083333333333326     718.4562077932774      14
0.837499999999999     1086.7646049908585      17
0.7583333333333329     604.2777801498735      13
0.8666666666666657     1727.8851936662045      22
0.8416666666666658     1105.9319123958187      17
0.791666666666666     706.8688920297122      14
0.8083333333333326     791.4554055620437      15
0.7249999999999995     520.2425231171472      12
0.8499999999999991     1314.7822790407174      19
0.8333333333333325     1040.6825211482308      17
0.720833333333333     581.8608071780185      13
0.7458333333333328     601.9742775883022      13
0.7708333333333328     606.7994026425682      13
0.8124999999999992     829.0508720969602      15
0.862499999999999     1436.022331993383      20
0.8708333333333323     1750.9181752736872      22
0.7874999999999994     706.4093947405704      14
0.849999999999999     1580.3541738587423      21
0.8124999999999992     931.8494979542817      16
0.7333333333333328     596.2745767989542      13
0.7999999999999994     895.4800956370299      16
0.6624999999999999     579.719124855666      13
0.7958333333333326     927.0153906360733      16
0.6166666666666666     497.5080145969016      12
0.8458333333333324     1179.0566862857627      18
0.8291666666666659     1067.494010293451      17
0.7999999999999994     996.1103965046457      17
0.7749999999999995     689.9459911567436      14
0.8291666666666658     1028.0875459753684      17
0.7833333333333325     820.5432494606916      15
0.874999999999999     1752.5750999286397      22
0.8458333333333324     1406.9835643090184      19
0.7458333333333329     1180.5784870813625      18
0.7249999999999996     938.8263667378184      16
0.8583333333333324     1585.0380633334078      21
0.7833333333333327     1184.0813133890065      18
0.8458333333333323     1458.3743773611552      20
0.7541666666666661     1620.5617092611526      21
