0.8366666666666664     12381.61284982308      41
0.8344444444444442     12260.867489332122      41
0.8344444444444442     12300.250767764534      41
0.8366666666666666     12808.46155283381      42
0.8366666666666666     13649.733205293383      44
0.8366666666666666     13657.635983913437      44
0.8366666666666666     13698.367500712784      44
0.8355555555555554     13212.511305122156      43
0.8366666666666664     13653.620047804403      44
0.8388888888888887     14226.32393514539      45
0.8355555555555554     13249.287109195717      43
0.8344444444444442     12685.20457287016      42
0.8344444444444442     13080.532563910125      43
0.8344444444444442     13136.552876527692      43
0.8344444444444442     13143.586073697028      43
0.8388888888888887     14720.53090089633      46
0.8366666666666666     13737.276043430933      44
0.8344444444444442     13570.29683548222      44
