0.9133333333333333     11083.294674687053      31
0.9077777777777778     10690.660325557166      30
0.8777777777777777     6886.844140070598      29
0.9255555555555558     12134.879060058474      33
0.8866666666666668     7908.597806681168      31
0.8866666666666665     7332.821564102894      30
0.8811111111111108     7946.600864737953      32
0.8966666666666666     7948.312208172826      31
0.8777777777777777     7907.785570043805      32
0.8566666666666662     6146.154794252546      27
0.8466666666666665     6476.630777736067      29
0.7677777777777774     5387.948101752766      26
0.9255555555555557     11768.13923368633      32
0.8688888888888886     7759.8229421841725      30
0.9200000000000002     11233.768231340926      31
0.8777777777777778     10163.11908191558      29
0.9022222222222221     8001.059725238709      31
0.9022222222222221     8721.572078390227      33
0.9088888888888887     10960.256832786376      31
0.9133333333333333     11408.596388956668      32
0.8899999999999997     10395.43845578643      30
0.9211111111111112     11563.150596638925      32
0.937777777777778     12738.258521798278      34
0.8933333333333328     10869.55892000617      31
0.8833333333333332     10957.769171038062      31
0.882222222222222     10187.943526970326      29
0.9255555555555557     11826.651188091495      32
0.8855555555555552     11054.949764367488      32
0.9300000000000002     12415.074245010526      33
0.9333333333333336     13595.17722082641      36
0.8744444444444442     14062.768838346909      31
0.9077777777777779     11264.90808349207      32
0.9022222222222221     8722.809554720878      33
0.9255555555555558     12452.386112861934      34
0.8711111111111108     10418.316745814287      30
0.8444444444444442     6688.158083241158      29
0.8566666666666662     7016.333020362134      30
0.8311111111111106     7127.775159955314      31
0.9122222222222223     11326.094712216141      32
0.9255555555555557     12083.6079668167      33
0.9211111111111112     11661.838446400745      32
0.9211111111111112     11670.16567019779      32
0.9133333333333333     11452.483507313289      32
