0.926666666666667     14620.278882517523      39
0.8700000000000001     8910.75545188541      34
0.9422222222222226     16977.174491222293      42
0.9333333333333337     17320.334112619832      43
0.926666666666667     14651.882822131105      39
0.9088888888888891     9296.180015343269      34
0.9333333333333337     18495.86683665892      42
0.9233333333333335     14595.459744321623      38
0.9322222222222226     15417.96060417955      40
0.925555555555556     12023.49351960811      40
0.8311111111111108     7996.808639709975      33
0.8666666666666666     8830.263342055876      34
0.9322222222222226     16248.191396588469      41
0.9211111111111115     11587.159001157255      39
0.9222222222222225     13721.488729838818      37
0.9088888888888891     10820.423955522954      38
0.9066666666666667     9713.977651555555      35
0.8722222222222222     8876.486100371845      35
0.8922222222222222     10136.682420673696      37
0.9300000000000003     16605.88689046211      42
0.8644444444444445     9180.147673286308      35
0.8900000000000002     9420.61196003791      35
0.8633333333333332     8768.586672327197      34
0.9155555555555558     13348.35339622885      36
0.8766666666666667     9416.322165459813      35
0.8566666666666662     9404.754410607426      36
0.8366666666666666     8452.418052672      34
0.8377777777777777     8490.230304445968      33
0.8888888888888891     9478.546495902498      35
0.9155555555555558     13734.474106348773      37
0.89     11985.873545725995      34
0.9222222222222225     14254.326470210548      38
0.9111111111111113     13245.568416174945      36
0.9111111111111114     10949.467271785268      38
0.9100000000000003     11388.414890651273      39
0.9222222222222225     14653.42801823548      39
0.9044444444444446     10413.529811685177      37
0.9111111111111114     11788.162528988087      39
0.9088888888888891     10835.749956003017      38
0.9155555555555558     13827.318993048773      38
0.9044444444444446     10443.747055372272      37
0.8966666666666668     10334.282393178419      37
0.9100000000000003     12345.332056375972      40
0.9044444444444446     10555.446122459296      37
0.9211111111111113     14288.87813782748      37
0.8977777777777779     14343.634214968168      39
0.8911111111111112     10328.434066260988      37
0.8866666666666666     9443.097400116225      36
0.851111111111111     8599.731894701416      34
0.8866666666666667     9774.059551631331      36
