0.8677777777777775     6088.061365556608      27
0.8722222222222222     6240.382669646978      27
0.8977777777777778     9776.998213081277      28
0.907777777777778     7833.083249106139      31
0.8911111111111113     7318.008394130239      30
0.917777777777778     11501.062214681884      32
0.8722222222222221     6242.402493292688      27
0.8877777777777778     6629.77633202163      28
0.8911111111111113     7476.173353839241      30
0.8677777777777776     6184.014694886089      27
0.9088888888888891     10159.09213705725      37
0.8977777777777778     10051.619472099761      29
0.872222222222222     6452.070782123683      28
0.8866666666666667     6911.9349046266325      29
0.8699999999999998     6416.939617905568      28
0.8977777777777778     10064.134652539971      29
0.9022222222222224     10403.73848779864      30
0.891111111111111     10006.12669390692      29
0.8933333333333333     7757.501066876697      31
0.8088888888888882     5096.568913777299      25
0.9033333333333334     7840.373272653739      31
0.8744444444444444     6502.251108196028      28
0.9022222222222223     10810.981165767129      31
0.8844444444444445     6552.880375734038      28
0.7877777777777771     5249.589221205903      25
0.8722222222222222     6528.607051649263      28
0.8855555555555555     6729.946421701347      28
0.8677777777777775     6091.047561194448      27
0.8099999999999996     5330.773776348345      25
0.806666666666666     5311.628087601356      26
0.8977777777777778     10074.284594191942      29
0.8877777777777778     6913.124571764398      29
0.8677777777777775     6091.55248277436      27
0.8677777777777775     6369.349908742042      28
0.8911111111111113     7645.839641031783      31
0.8688888888888889     6432.922753825065      28
0.8699999999999998     6706.842313608558      29
0.8988888888888891     8450.796702615193      33
0.9022222222222224     11127.403325252137      32
0.882222222222222     6958.044541999568      29
0.8699999999999999     6756.144992542045      29
0.8644444444444442     5747.687782036335      26
0.8499999999999998     5449.814155178914      25
