0.19333333333333313     25144.410024154262      75
0.18888888888888875     24925.778823804314      75
0.19777777777777764     25517.52299158873      75
0.16999999999999982     24766.37655418282      75
0.19444444444444425     25330.16731630705      75
0.1911111111111109     25111.51179719865      75
0.16333333333333322     24947.58454971558      75
0.17333333333333317     25246.76720434131      75
0.17777777777777756     25252.59397212108      75
0.13666666666666652     25671.516094971976      75
