0.19666666666666657     25099.842901665455      75
0.18666666666666656     25327.212489562324      75
0.1633333333333331     24985.725846955334      75
0.15666666666666654     25116.76760344012      75
0.18444444444444436     25124.22939999434      75
0.1955555555555554     25413.627939802696      75
0.1755555555555554     25235.200881372377      75
0.1866666666666666     25415.35138673675      75
0.14777777777777765     25220.866189052602      75
0.18111111111111092     25330.40274564722      75
0.17222222222222203     25279.194346655117      75
0.18888888888888883     25472.427508287492      75
0.14666666666666658     25639.996038142755      75
