0.73     13044.416817698044      45
0.7466666666666667     14308.111353203116      46
0.7399999999999998     14357.367872171451      46
0.73     13509.339345842722      45
0.7466666666666669     14706.577773656933      47
0.7499999999999998     14841.897336643155      47
0.7477777777777778     14922.364775467042      47
0.7377777777777778     13756.814134817865      46
0.7277777777777777     13584.087742442876      46
0.748888888888889     14942.720590770714      47
0.7222222222222222     12367.481819363462      44
0.7122222222222222     11731.200327646497      43
0.711111111111111     12253.759144850452      44
0.7555555555555554     15438.536650305925      48
0.7588888888888887     16965.12324692429      50
0.7155555555555555     12332.423388045416      44
0.7333333333333336     13751.8840255153      45
0.7377777777777776     14028.93009656061      46
0.7544444444444446     15938.335851557227      49
0.748888888888889     15273.366198176376      48
0.7633333333333334     17353.071155632086      51
0.7544444444444446     16581.59024624975      50
0.731111111111111     13628.293478193882      46
0.7555555555555556     16600.812576924352      50
0.7266666666666665     12868.893230537566      45
0.7544444444444444     15961.148659230505      49
0.7477777777777778     14977.016528588956      47
0.7466666666666667     14384.874545753903      46
0.7533333333333335     15501.859835109042      48
0.73     14002.558987683804      46
0.7299999999999999     13748.902727023966      45
0.7255555555555553     13152.900639647147      45
0.738888888888889     14093.499978317743      46
0.7444444444444444     14792.54487926722      47
0.7477777777777777     15430.12958747473      48
0.7388888888888888     14056.562143593337      46
0.7211111111111109     12510.068344880732      44
0.7388888888888888     14444.891303933402      46
0.7288888888888889     13995.766104585144      45
0.7155555555555556     12891.230940618445      44
0.7255555555555554     13583.182165956458      45
0.7177777777777776     12817.900186523806      45
0.7233333333333334     13075.501071893264      45
0.71     12927.757520990983      45
0.7088888888888888     13001.708881662402      45
0.7311111111111112     14090.31817432111      47
0.728888888888889     13754.726900643276      46
0.7377777777777776     14152.2650743168      46
0.7466666666666665     14998.898879759772      48
0.7077777777777777     12643.61127577223      45
