0.3033333333333331     22450.760500606604      70
0.38666666666666666     25955.345044443675      75
0.3666666666666666     25185.0641114931      75
0.3233333333333332     23650.87889687531      72
0.34111111111111087     24403.985687520755      72
0.37222222222222207     26584.753560668603      75
0.37444444444444436     27961.529326530723      75
0.3266666666666665     25167.02884491216      75
0.3333333333333332     25185.38184900444      75
0.36666666666666664     26464.380482533477      75
0.3699999999999999     28002.72049540258      75
0.3066666666666665     23687.610875656446      72
0.33111111111111086     25806.50658778189      74
0.3622222222222222     25496.0142981407      75
0.3555555555555555     25930.337622193652      75
0.34111111111111103     26224.81306121763      75
