0.8555555555555553     6078.047259710903      26
0.9455555555555559     9059.063070665441      30
0.9533333333333337     9709.087096279494      31
0.9411111111111116     7943.893077423098      28
0.8888888888888891     6368.414918740308      26
0.9311111111111116     7647.666829163587      28
0.9366666666666671     8647.998777794779      30
0.9222222222222226     6891.148290635649      26
0.9377777777777783     8833.866698041813      31
0.9355555555555561     8177.644498037425      29
0.937777777777778     9238.18867230378      30
0.9366666666666671     8762.670027904254      31
0.9277777777777781     7713.9442587386275      28
0.9377777777777783     8900.551851322183      31
0.9244444444444446     7752.98111918273      29
0.9466666666666671     9199.795674264647      31
0.9300000000000004     8482.032535174965      31
0.9222222222222225     8044.059676146931      29
0.9255555555555559     8047.65084352407      30
0.9044444444444445     6981.491932616999      28
0.9377777777777783     8956.569643631157      31
0.8800000000000002     6292.106402448243      27
0.9422222222222227     8979.108090317946      31
0.9422222222222227     9095.921308442272      31
0.9466666666666671     9548.994342619955      32
0.9500000000000005     9653.56370501824      32
0.8199999999999995     5600.990658784176      25
0.9555555555555559     10925.347512151226      34
0.9544444444444449     9764.287446601818      31
0.9400000000000005     9217.251924636686      32
0.9044444444444445     7034.603770171946      28
0.9200000000000002     8001.109094967498      29
0.9166666666666671     7196.59345016966      28
0.9266666666666667     8222.926480313728      28
0.944444444444445     9246.489153746103      31
0.8877777777777778     6729.00840764149      27
0.9033333333333334     7097.904502047844      28
0.945555555555556     9247.611851209822      31
0.9377777777777782     8800.612134036934      31
0.9133333333333337     7217.38309664574      28
0.9133333333333337     7245.3761224545015      28
0.8844444444444444     6521.651807470286      27
0.9000000000000001     6892.5870826031705      28
0.9355555555555559     8493.52014243094      30
0.9388888888888891     9011.483018968163      31
