0.91     7946.372086005329      31
0.8022222222222216     5638.466998496876      27
0.8711111111111111     6625.286364227618      29
0.9166666666666667     9814.775090419078      36
0.7766666666666665     5457.876682967663      26
0.8288888888888887     5773.562636658141      26
0.7866666666666662     5593.663220608719      27
0.7111111111111108     4866.051735964884      26
0.9111111111111111     8971.147581697738      34
0.7922222222222218     5722.969936713716      27
0.7766666666666667     5966.393857401983      27
0.7433333333333326     4909.6349203184855      25
0.8855555555555554     7053.039619775125      29
0.864444444444444     7166.0534806256655      30
0.9000000000000001     7579.346343585394      30
0.8722222222222218     7359.370924888317      30
0.8733333333333333     7378.579363609413      30
0.8866666666666667     8141.21672839855      32
0.8544444444444447     6157.6248878297      28
0.8544444444444442     6530.477852973922      28
0.8366666666666662     6813.8979925490885      30
0.754444444444444     5257.41222594492      26
0.8744444444444438     7646.250972530332      31
0.8766666666666667     7840.187073118062      32
0.8088888888888888     7044.209739286571      30
0.7644444444444438     5825.727029484235      27
0.87     7401.265891399993      31
0.8588888888888887     7839.407248786548      32
0.8444444444444442     7290.197216548401      31
0.8333333333333329     7096.667563959618      30
0.9077777777777779     8607.309343131203      32
0.7933333333333332     6065.821844590177      28
0.7122222222222218     5413.004315231358      27
0.772222222222222     6118.793921017858      28
0.8700000000000002     7978.7315962243165      32
0.8822222222222219     8086.622543023125      32
0.8022222222222218     6628.197261802181      30
0.7644444444444437     6361.461697421701      29
0.7333333333333331     5672.1091966334425      27
0.7233333333333328     5681.870365265504      28
0.8288888888888883     7754.248512482065      32
0.8922222222222217     8550.20658249694      32
0.7955555555555556     6463.240260686414      28
0.7644444444444437     6748.888837946427      30
0.851111111111111     7924.241067601533      32
0.761111111111111     5972.988044426314      28
0.8077777777777777     7002.823393951012      30
0.8144444444444442     7168.942564614661      31
0.8166666666666665     7742.6580553254      32
0.8900000000000001     8300.827003118624      33
