0.9611111111111116     9103.656628643907      30
0.9677777777777783     11343.104947812053      34
0.9533333333333337     8618.287118472846      29
0.9666666666666672     9669.390648598495      30
0.9588888888888893     8905.358208199666      30
0.9311111111111114     7039.63181721585      26
0.955555555555556     8889.359673315485      29
0.9555555555555559     8564.891693042957      30
0.9466666666666674     8467.133099474764      29
0.9044444444444445     6695.1317801213245      26
0.9466666666666674     8541.492254522202      29
0.9544444444444449     8770.026349802723      31
0.9444444444444452     7408.3790904725165      27
0.9488888888888897     8172.407453548942      30
0.8744444444444445     6337.736401902019      25
0.9700000000000006     11623.45999652999      35
0.9455555555555564     8007.779601946631      28
0.9388888888888897     7046.82736175671      26
0.9688888888888895     11472.405839862718      34
0.9155555555555557     6826.559418604473      27
0.9466666666666672     8010.121852980821      29
0.9088888888888887     7036.957324341674      28
0.948888888888889     8535.603932502754      30
0.9388888888888891     7593.724723118405      28
0.9388888888888891     7974.097636552751      30
0.9266666666666671     7151.138976725828      28
0.9477777777777784     8517.70346679131      30
0.9600000000000004     9106.427226251253      30
0.9666666666666673     11140.695188726233      34
0.9633333333333338     9921.656466748593      32
0.9377777777777784     7828.882953809608      29
0.9477777777777779     8547.925723248058      32
0.9022222222222224     6995.899916856838      27
0.947777777777778     8685.39199705123      31
0.9677777777777783     11576.64886020205      35
0.9666666666666672     9959.932183048852      31
0.9611111111111116     9126.77156617539      30
0.9711111111111117     12819.948972005475      36
0.9600000000000004     9359.483847599491      31
0.9588888888888893     9542.043882842127      32
0.9533333333333337     9234.060049444433      31
0.9555555555555559     9192.376708164402      32
0.9444444444444449     8418.576899091666      29
0.965555555555556     10551.440987429854      33
0.9377777777777778     7286.198883448701      27
0.9533333333333336     9045.607168071676      29
0.9200000000000004     7822.819453650554      29
0.9466666666666674     8468.815650292448      30
0.9333333333333339     7838.434549289434      29
0.9688888888888895     11795.636276497931      35
