0.7333333333333333     31749.23572036154      73
0.7255555555555556     30060.967219588158      71
0.6799999999999998     27332.910372655708      68
0.7099999999999997     32241.251299204345      74
0.7322222222222222     52448.94507068336      79
0.731111111111111     35101.64303913782      77
0.7088888888888888     28838.8210791583      69
0.6244444444444444     29495.654163432806      72
0.7233333333333332     33078.7553927758      75
0.7033333333333333     33464.23959064593      75
0.6799999999999996     45883.21186559838      73
0.7144444444444444     46288.0619361692      72
0.7155555555555556     34025.051015227524      75
0.6955555555555555     40004.243412536096      82
