0.741111111111111     24153.445618669954      63
0.7022222222222217     22508.638251341363      61
0.7466666666666665     26429.866912241556      66
0.7499999999999999     29387.93236376265      70
0.7422222222222221     24751.96209853323      64
0.7277777777777775     22704.713185054672      61
0.7299999999999998     24667.508689778486      64
0.7422222222222221     24797.7043018963      64
0.7455555555555553     26340.876807115506      66
0.721111111111111     23940.08188562747      63
0.7422222222222221     24820.09829963387      64
0.7277777777777775     23951.96466334531      63
0.7355555555555554     24896.12624937016      64
0.7333333333333333     24947.969377857244      64
0.7466666666666666     26608.585662925114      66
0.7277777777777775     26569.7430547955      67
0.7133333333333334     26481.18305409347      67
