0.7766666666666667     6304.1405864212875      26
0.7566666666666667     5835.013137086224      25
0.7888888888888889     7231.874253456382      28
0.7633333333333334     6114.378465403693      26
0.7566666666666667     6063.630349784752      26
0.787777777777778     7162.682493714033      28
0.811111111111111     8563.92569195288      30
0.7566666666666667     6079.431939326007      26
0.7777777777777776     6430.949930490531      26
0.7955555555555556     8473.793649545294      31
0.7666666666666668     6151.7301168513295      26
0.7911111111111111     7717.434893632924      29
0.7255555555555555     5229.349544089381      24
0.7788888888888887     6768.6134010730375      27
0.7755555555555556     6386.938641737107      26
0.7     5005.8351257065915      24
0.791111111111111     7453.49722189404      29
0.7566666666666667     6086.0129032887135      26
0.7944444444444445     8106.625483469242      30
0.7755555555555554     6331.301079784447      26
0.7922222222222222     8111.315837998301      31
0.7755555555555557     6458.90056421969      26
0.7633333333333336     6170.271062610463      26
0.7644444444444444     6193.6668442177      26
0.7877777777777777     6883.930911414181      27
0.7522222222222222     6089.915180910974      26
0.7466666666666667     5844.4322475966355      26
0.7611111111111113     6129.502192293905      26
0.7422222222222223     5425.009605835953      24
0.7766666666666667     6557.7602524014865      27
0.7755555555555557     6705.876047041822      27
0.7744444444444445     6707.039770159551      27
0.72     5149.0163422143405      24
