0.748888888888889     6716.564767711238      29
0.7811111111111115     8769.022529001937      33
0.8055555555555558     9720.94534428668      34
0.8177777777777778     11761.456002276125      38
0.7977777777777779     8777.680929482995      33
0.7366666666666667     6245.8775344990245      28
0.7355555555555555     6595.224314620208      29
0.748888888888889     6737.182085798934      29
0.7222222222222223     5838.625490198138      27
0.7700000000000005     7421.145127510256      30
0.7811111111111112     8383.655984468724      32
0.7922222222222224     8948.334879099051      33
0.8166666666666668     10306.329586383528      36
0.767777777777778     7715.521587562219      31
0.7844444444444444     9036.586143541048      34
0.7500000000000002     7070.16308612781      30
0.7655555555555558     7145.430781211296      29
0.7322222222222222     6277.880544234283      27
0.7811111111111111     8323.800803379718      32
0.7811111111111111     8407.99215603397      32
0.7666666666666672     7555.681545557189      30
0.7411111111111112     6795.66396573788      29
0.748888888888889     6910.094001299316      29
0.7800000000000001     8871.10521437313      32
0.748888888888889     6930.893273144524      29
0.778888888888889     8201.702770442233      32
0.7500000000000002     7284.13665748234      30
0.738888888888889     6757.8245034301435      29
0.748888888888889     7157.751316074205      30
0.7811111111111112     8822.9545586623      34
0.7266666666666668     6320.959762520143      28
0.7188888888888888     6349.368953754528      29
0.7655555555555558     7468.670563815767      30
0.8077777777777777     10706.42461210185      37
0.7411111111111112     6819.799793241206      29
0.7877777777777779     9127.212782151573      34
0.765555555555556     7617.10892037914      30
0.778888888888889     8428.162991968715      32
0.7666666666666672     7863.465965270742      31
0.7622222222222222     7402.764186704502      30
0.7122222222222224     6169.249878759503      28
0.7655555555555558     7483.153253987055      30
0.7322222222222224     6486.128520090033      28
