0.8122222222222225     8500.762760904161      31
0.7866666666666667     8374.529199635446      32
0.8355555555555559     10757.444967646063      36
0.8277777777777782     9906.806956260916      33
0.8088888888888891     8413.590822400442      31
0.8188888888888892     9005.361324114765      32
0.7866666666666666     7465.695700420862      29
0.7755555555555554     8258.463031881089      30
0.791111111111111     8414.398897006075      31
0.7944444444444447     8543.068511911115      32
0.8233333333333337     9976.893269290289      34
0.8233333333333336     9500.224804857455      33
0.7944444444444445     8460.944744599126      32
0.836666666666667     10950.09212760571      35
0.8300000000000004     10020.929627975944      34
0.7833333333333334     8548.257892045103      32
0.8422222222222228     11893.909582911354      37
0.836666666666667     11415.030193854813      36
0.8222222222222225     9661.410523550301      33
0.8244444444444448     10060.021254738724      34
0.8322222222222226     11068.116039075028      36
0.8288888888888892     10302.079618745624      34
0.8277777777777782     10175.9021730765      34
0.8233333333333336     9747.780321704746      34
0.8122222222222225     8549.68004718823      31
0.8188888888888892     9038.505279353867      32
0.8122222222222225     8842.227048573588      32
0.8188888888888892     9272.249987002135      33
0.8277777777777782     10191.226190215866      34
0.8333333333333337     11310.421497377749      36
0.8288888888888892     10367.54420578926      34
0.8322222222222226     11199.610568235099      36
0.8277777777777782     10256.581709311457      34
