0.9624999999999987     47.0381732729079      27
0.958333333333332     13.912803939597556      22
0.9458333333333321     25.50916622461426      25
0.9499999999999987     47.0381732729079      22
0.9666666666666653     25.50916622461426      32
0.887499999999999     14.824695898801275      19
0.912499999999999     19.726491033926013      23
0.874999999999999     16.613654088864322      17
0.7874999999999992     12.820038192412232      13
0.970833333333332     50.127580705111974      28
0.766666666666666     13.911675844321275      15
0.8624999999999992     14.747955094234152      24
0.7958333333333326     50.127580705111974      17
0.9416666666666654     19.983445499715305      25
0.9541666666666654     21.71674325248144      28
0.8166666666666659     14.205696629713941      19
0.8583333333333323     17.82390771394107      19
0.8666666666666657     21.442565900443057      21
0.9666666666666652     50.127580705111974      26
0.8958333333333321     47.0381732729079      24
0.7624999999999994     14.03166619267834      16
0.8833333333333323     21.71674325248144      23
0.8416666666666658     47.0381732729079      19
0.8333333333333325     24.137055935057944      19
0.837499999999999     24.137055935057944      23
0.7666666666666658     16.564888823405887      15
0.7583333333333329     19.894592410508725      17
0.8291666666666658     17.07697724658911      19
0.7166666666666662     50.127580705111974      18
