0.8124999999999991     333.3661734667126      10
0.9499999999999987     919.313246741458      16
0.9541666666666655     1045.0508464900315      17
0.8916666666666656     572.4484440879445      13
0.8458333333333324     412.11730613437584      11
0.9041666666666656     676.9640681846384      14
0.8708333333333322     427.93776909485075      11
0.8999999999999989     576.3213839974753      13
0.8833333333333322     498.8384732068461      12
0.7166666666666662     262.6381022502683      9
0.9291666666666655     686.0427869807116      14
0.9041666666666655     601.2190376804782      13
0.8791666666666655     507.86346996249176      12
0.862499999999999     478.80727588977805      12
0.8791666666666657     566.3235936308008      13
0.8541666666666659     470.34172681983097      12
0.8208333333333325     334.19169105172523      10
0.9291666666666655     774.4981470222012      15
0.8791666666666657     569.2948326093189      13
0.9083333333333321     694.3090368982485      14
0.8958333333333323     578.6950676048446      13
0.8958333333333321     678.1581845646571      14
0.8749999999999989     574.6971312824305      13
0.8708333333333323     482.9856291057076      12
0.7916666666666659     327.9102149196105      10
0.8333333333333325     399.4520502644827      11
0.8291666666666658     342.96687611022537      10
0.8874999999999988     579.3262969239502      13
0.8416666666666658     407.34363519098673      11
0.7791666666666659     269.73313029168196      9
0.887499999999999     585.5055023911875      13
0.862499999999999     565.386188938441      13
0.8583333333333324     493.9119404932773      12
0.8499999999999991     475.61828181844487      12
0.8583333333333323     573.2713623622922      13
