0.31666666666666654     4461.318670849666      29
0.3244444444444443     4571.425163410663      31
0.2888888888888887     3406.541725639211      27
0.31888888888888883     4506.038188452252      30
0.3366666666666665     4990.660998811143      31
0.3611111111111111     5902.955689721031      34
0.3188888888888888     4423.645773570863      31
0.35555555555555557     5807.707702925976      34
0.3677777777777777     6504.281064927042      36
0.33444444444444427     4653.352162867925      29
0.34444444444444433     5367.997785899334      33
0.32333333333333314     4508.389707979787      30
0.3455555555555554     5704.61884166974      34
0.322222222222222     4937.645738872296      32
0.35222222222222216     5722.824856231975      33
0.3077777777777776     3616.2554033380943      27
0.2799999999999998     3849.2757311434234      29
0.33888888888888885     5129.677243845013      31
0.341111111111111     5174.351279376134      32
0.282222222222222     3859.845408425893      29
0.26444444444444437     3444.7883980030906      27
0.3166666666666665     4171.1757274159245      29
0.2666666666666665     3561.757272177719      28
0.3155555555555555     4775.096045219814      31
0.36555555555555547     6126.546233259546      35
0.3355555555555554     5428.010250709796      32
0.3622222222222221     6070.026554841202      34
0.36666666666666664     8232.101346685238      41
0.3077777777777776     4068.634703299078      29
0.34888888888888886     6686.536796789245      36
0.2977777777777776     4759.003515996858      32
0.282222222222222     4602.428223505287      32
0.3466666666666665     6185.1086272199445      35
0.29555555555555535     4881.7708851612415      33
0.3044444444444442     4985.608357405523      33
0.2899999999999998     4800.684574406122      32
0.2699999999999999     5093.567772495554      32
0.35555555555555546     6618.909452359158      37
0.3566666666666665     6711.024854070255      37
0.3499999999999999     6755.815150952154      37
0.341111111111111     5703.80986043841      34
0.2677777777777776     4245.660368324041      30
0.33444444444444427     5094.318360182998      31
0.23999999999999988     2958.524059580649      24
