0.32555555555555543     5610.3339898749055      34
0.34333333333333327     5680.363612981314      34
0.3277777777777777     5457.567503840469      33
0.2555555555555554     4477.804030496283      32
0.3444444444444444     6311.119399524671      36
0.38333333333333325     8194.70646933267      41
0.34555555555555545     6398.4484970368585      36
0.3744444444444443     7942.72718153814      40
0.271111111111111     5273.840394994598      33
0.39555555555555555     9557.923656044059      44
0.36111111111111105     7968.165629061198      41
0.36555555555555547     6547.164346618914      36
0.37111111111111095     7841.610722558242      40
0.27999999999999986     5170.011966702963      34
0.3588888888888888     5653.212372066506      33
0.35999999999999993     7748.209130384366      40
0.3466666666666666     5457.026578770736      33
0.27444444444444427     4257.251454005017      31
0.36111111111111105     5997.213364846994      34
0.28333333333333316     4477.312576291969      32
0.31222222222222207     5376.196748678381      33
0.39333333333333326     9403.750249727977      44
0.34222222222222215     8903.094483314168      42
0.3566666666666665     6514.774498873913      36
0.32555555555555526     4965.295641632835      31
0.3966666666666666     9612.335614119476      44
0.33555555555555544     5196.684207627183      32
0.3344444444444444     5970.605774418468      35
0.2799999999999999     4396.468484614771      31
0.3388888888888888     6220.356282561511      36
0.3766666666666666     8134.21092817474      41
0.3399999999999999     8418.33234239247      42
0.3155555555555553     4563.02683517137      31
0.3333333333333332     6118.493835981597      35
0.36888888888888877     6583.496445787678      36
0.3288888888888887     5779.646486064015      34
0.38111111111111107     7964.850432519946      40
0.3911111111111111     8320.639689228921      41
0.29333333333333333     5556.5082891908      34
0.37999999999999984     7419.224877872587      38
0.2711111111111109     4928.503591681058      32
0.2544444444444443     4757.267663706244      33
0.38333333333333325     8607.236983621453      42
0.3966666666666666     9785.24779105942      44
0.3588888888888887     7133.587939289358      38
0.3911111111111111     9107.327244806997      43
0.3755555555555556     6805.05981981328      37
0.30444444444444424     7275.923573323946      40
0.2455555555555555     4211.766689084029      31
0.2588888888888888     3880.884330567956      30
