0.6133333333333331     6938.564429706489      34
0.5733333333333333     5070.204323419671      31
0.5766666666666669     5618.111324415286      31
0.59     5197.901951916515      32
0.6344444444444441     6953.424900171088      34
0.6499999999999999     7676.914998452834      36
0.6344444444444441     7220.627924387251      35
0.5922222222222219     5171.717092637317      32
0.5866666666666666     5525.868101131764      34
0.5988888888888887     5416.442033567087      33
0.6366666666666664     7227.274100232991      35
0.5966666666666667     5614.307408975837      34
0.613333333333333     5690.321309184499      34
0.6211111111111108     6514.621089135902      36
0.5111111111111108     5032.715351741514      33
0.5733333333333331     4880.7562340529885      31
0.5777777777777775     4893.719028342243      31
0.5844444444444445     5350.862456349975      32
0.6066666666666665     5286.527634012279      32
0.5633333333333332     4536.261737187872      30
0.5666666666666665     4787.819035333769      28
0.6155555555555551     6923.917432183136      38
0.5733333333333335     5363.994504703229      30
0.5866666666666666     4986.213745428368      32
0.5877777777777778     5412.489164012314      32
0.6322222222222219     7055.720907911683      35
0.5599999999999999     5059.10980568495      33
0.5744444444444443     5221.904850397403      33
0.5933333333333333     4954.938356487371      31
0.6455555555555554     7241.784066899665      38
0.6466666666666663     7692.623530192698      37
0.6288888888888887     5809.384911336188      34
0.6444444444444443     7770.672116793478      37
0.5099999999999999     4752.314643412909      31
0.6222222222222219     6674.691744528448      37
0.6077777777777776     5648.12816106048      34
0.6188888888888886     7080.932412037832      35
0.6011111111111108     5750.7893357333      34
0.6322222222222219     7644.459707125614      37
0.6422222222222221     6476.678596084713      36
0.631111111111111     7385.425297016212      36
0.5433333333333334     3832.452690030513      28
0.5855555555555553     6109.561256982494      33
0.521111111111111     4017.642794742894      28
0.5455555555555556     4109.938611005672      29
0.5177777777777773     4580.535171076391      27
0.6422222222222219     8222.768884599609      38
0.538888888888889     4373.331272453581      30
0.502222222222222     4398.5921466617565      31
0.5099999999999999     3544.7079583260197      26
