0.4644444444444444     4172.3326276104535      24
0.4633333333333333     4118.19980762724      24
0.40888888888888886     3196.227975182579      22
0.4344444444444444     3709.42764054588      23
0.4666666666666666     4386.001277842883      25
0.4544444444444444     3919.8949592178633      24
0.47111111111111115     4492.461223764786      25
0.4666666666666667     4452.596471412813      25
0.45222222222222225     3913.007917785108      23
0.44555555555555554     3788.7073972874186      23
0.44666666666666666     3910.148959678739      24
0.4866666666666666     4853.627359390978      26
0.49     6407.906755366051      31
0.49666666666666665     6904.522468198118      32
0.4677777777777777     4784.6136835536245      27
0.4388888888888888     3725.4327635613035      23
0.3244444444444444     2607.730202608523      21
0.35222222222222216     2936.896855510363      22
0.44444444444444436     3953.37485599331      24
0.4622222222222222     4322.231547940836      25
0.5     8024.72391463286      35
0.45111111111111113     4581.934313671688      26
0.33111111111111113     2796.5560794375724      21
0.4566666666666666     4936.121586865201      27
0.4388888888888889     3938.772933277425      24
0.4933333333333333     7601.210994138533      34
0.4322222222222222     3264.538794982917      21
0.39111111111111113     3370.6437122990455      23
0.43777777777777777     4105.00194865485      25
0.4111111111111111     3770.193552796564      24
0.4299999999999999     4664.642971912133      27
0.4844444444444444     5070.408176528131      27
0.5     9189.59826892464      38
0.42444444444444435     4465.687161992743      26
0.40888888888888886     3624.6124875253076      24
0.4266666666666665     4496.588831144849      26
0.4844444444444444     5617.500103786134      29
0.4588888888888889     5908.299958694516      30
0.4244444444444443     4181.680554604352      25
0.451111111111111     4763.425740745966      27
0.44444444444444436     4702.57913151684      26
0.4122222222222221     3865.7073516842856      24
0.3533333333333332     3327.637235071692      23
0.40999999999999986     4571.272617998616      26
0.46999999999999986     6892.218161217487      33
0.3611111111111111     3775.556226155156      24
0.44555555555555554     5718.21828772671      30
