0.42777777777777776     3536.8918093551856      23
0.4355555555555555     3591.6576740534324      23
0.4277777777777777     3491.2701206883035      23
0.4233333333333333     4348.12301195703      26
0.43555555555555553     3649.3748781378495      23
0.4277777777777777     4341.255802541174      26
0.4455555555555555     4388.489058611465      26
0.4277777777777777     3875.2601398978454      24
0.47666666666666657     5491.565547404361      29
0.4277777777777777     5564.634322275978      25
0.4255555555555555     3515.930559570322      23
0.4444444444444444     4501.591677820813      26
0.4188888888888888     3776.7244226403523      24
0.4333333333333333     3619.267939370976      23
0.4222222222222221     3440.776947951304      23
0.4455555555555555     4199.952534060268      25
0.4866666666666667     6268.675859247958      31
0.4844444444444444     5537.553654323669      29
0.47222222222222215     4802.133086879128      27
0.43888888888888883     3872.614613522934      24
0.4188888888888887     3782.9362352476232      24
0.41111111111111104     5214.3885932347675      29
0.45888888888888885     4066.995341910182      24
0.4422222222222222     4027.3946177904386      25
0.45888888888888885     5184.195835886653      28
0.4511111111111111     5731.397272955471      30
0.4655555555555555     4777.015020519301      27
0.4777777777777777     5448.06471284623      29
0.4444444444444444     4043.3810476281374      24
0.4666666666666666     4383.446945089804      25
0.43     3563.807517963317      23
0.43     4379.249688501213      26
0.44666666666666666     5474.961917967424      29
0.48444444444444446     5709.141228032256      29
0.3466666666666665     3661.7140683534844      24
0.4844444444444444     6123.639894670176      31
0.4444444444444444     5735.614940834642      30
0.48777777777777775     6336.079971079667      31
0.41222222222222216     3355.396776945856      22
0.46888888888888886     4603.281932905627      26
0.46111111111111114     5272.437739241428      28
0.47444444444444445     4891.646557039985      27
0.46555555555555544     5998.298954272171      30
0.4044444444444443     4769.4787428547625      28
0.3477777777777777     3448.092398003437      23
0.39777777777777773     4139.677262300614      25
0.37666666666666665     3304.92558059972      23
0.49     8850.564278137876      38
0.4866666666666666     10374.393284639724      38
0.4922222222222222     9870.510343342825      37
