0.4833333333333333     6187.049907110981      31
0.3866666666666666     3289.6943843062795      22
0.46999999999999986     4706.980788073028      26
0.37888888888888883     3162.830620131352      22
0.47555555555555545     5475.890573673514      29
0.46999999999999986     4981.537656627788      27
0.4511111111111111     4095.0082229971517      25
0.4344444444444444     3604.368300893585      23
0.38999999999999996     3585.187084203492      24
0.3988888888888889     3601.938927928381      24
0.40555555555555545     3709.612615597018      24
0.43666666666666665     3794.2620940932998      24
0.4866666666666666     6190.069111683014      31
0.45666666666666667     4220.213616590679      25
0.49111111111111105     6371.703066565386      31
0.4     3843.3970906472728      25
0.32555555555555554     2920.652455533593      22
0.48222222222222216     5581.633497712409      29
0.3788888888888888     3314.357483136746      22
0.49222222222222217     8079.927700903982      36
0.30444444444444446     2336.0713554913414      20
0.49222222222222217     8551.793922881132      37
0.19999999999999982     1936.2958635762318      19
0.3688888888888888     2963.8741299718      21
0.3388888888888887     3616.2906339627107      24
0.39888888888888874     3930.7617138496357      25
0.49111111111111105     6634.400220977755      32
0.4777777777777777     5799.445376878844      30
0.3899999999999999     4068.169901551307      26
0.22999999999999984     3209.3386498406035      24
0.4799999999999999     5814.70330715984      30
0.38111111111111107     3687.557790812159      24
0.46444444444444444     4256.608542896983      25
0.4844444444444444     7257.478662955844      34
0.16333333333333322     1334.0558321148885      16
0.4622222222222222     5319.644154599228      28
0.3822222222222222     3939.9984988317588      25
0.2755555555555555     3237.8629280688997      24
0.47555555555555545     5937.821459520958      30
0.4455555555555554     4796.980467418317      27
0.4     4499.217642807765      27
0.47777777777777775     7689.434292006117      35
0.40777777777777763     4791.134977315241      28
0.46222222222222215     5543.598745540275      29
0.40555555555555545     5220.902576237051      29
0.3588888888888889     3635.3363110049913      24
0.3988888888888889     4386.957190249435      27
0.3833333333333333     4185.81391068122      26
0.40777777777777774     6496.5673456521      33
