0.46     4608.145675460608      26
0.4566666666666666     4324.8774944319475      25
0.45888888888888885     4576.726104857895      26
0.4033333333333334     3086.158625706619      22
0.4799999999999999     6463.878693229748      32
0.4566666666666666     4589.260106862911      26
0.4711111111111111     4650.6430407058915      26
0.4344444444444444     3730.284383770618      24
0.4544444444444445     4149.247477794556      25
0.47444444444444445     5481.218607083386      28
0.4544444444444445     4185.946695335501      24
0.47888888888888886     5590.501683059996      29
0.4744444444444444     5060.703774856248      27
0.4266666666666667     3224.8828558209425      22
0.4466666666666667     3841.3121179617797      24
0.4100000000000001     3873.535720565325      25
0.3955555555555556     3061.331615148261      22
0.4866666666666667     6596.368145609144      32
0.4933333333333333     7471.400157304329      34
0.45222222222222225     4790.17827850609      27
0.4511111111111111     4586.2366950583755      26
0.4022222222222221     4394.911993542266      27
0.3755555555555555     3833.8221686545485      25
0.4366666666666666     4428.818251772285      26
0.4744444444444444     5334.009873692479      28
0.4855555555555555     6585.029482837195      32
0.3788888888888888     4390.44177524246      27
0.40777777777777763     4507.504915023471      26
0.3744444444444445     2784.9774107894614      21
0.43888888888888883     4950.266121662369      27
0.42000000000000004     4707.2283202829685      27
0.5044444444444445     9982.015387457275      40
0.4733333333333333     5749.78938793362      30
0.4533333333333333     5678.858798911806      29
0.3533333333333333     3133.9477130068726      22
0.43777777777777777     4777.11796357027      27
0.3855555555555555     5664.510788783455      30
