0.47777777777777775     5915.533326770034      30
0.4777777777777778     5267.204631286371      28
0.47     5011.134024261785      27
0.4677777777777778     4711.87725269774      26
0.43777777777777777     4543.572223114999      26
0.43222222222222206     3958.2809512186222      25
0.4477777777777778     4847.773581197811      27
0.4288888888888887     3733.64457605827      24
0.4666666666666666     5060.429453039031      28
0.46444444444444444     4700.9298371213745      26
0.4633333333333334     5199.0919543157015      28
0.45222222222222225     4137.517827450639      25
0.47222222222222215     5126.326701184259      28
0.4511111111111112     4877.591753556312      27
0.4577777777777778     4597.706532467823      26
0.4411111111111111     4075.7800186600894      25
0.39555555555555544     3837.986996247853      25
0.461111111111111     4988.357314271658      28
0.47     5538.421580913714      29
0.4322222222222221     4003.143163693311      25
0.4477777777777777     4800.12382283088      27
0.45333333333333337     4496.986898216404      26
0.3977777777777778     3875.5575997605615      25
0.43777777777777777     4429.619434992604      26
0.42777777777777776     5979.371196095342      31
0.4766666666666666     5331.528574129173      28
0.4722222222222222     5614.271693984948      29
0.4322222222222221     3988.136684176654      25
0.44333333333333336     4373.38494983603      26
0.4766666666666666     5948.137689160396      30
0.4688888888888889     5003.409545676812      27
0.4666666666666667     4618.112312972929      26
0.42555555555555546     5274.288814801138      29
0.46     5223.097565471636      28
0.4388888888888889     4725.043089857444      27
0.4766666666666666     6268.244001626963      31
0.4311111111111111     3786.223258218248      24
0.4911111111111111     6470.432678533358      31
0.42444444444444446     4219.49636301979      26
0.48333333333333334     5449.528961976816      28
0.4911111111111111     5906.937208065205      30
0.48333333333333334     5779.890646925317      29
0.47222222222222215     6318.241334944403      32
0.44999999999999996     6743.082971857475      33
0.40111111111111103     6153.02501934069      31
0.47888888888888886     6992.0594206170745      33
0.4988888888888889     8224.194553451303      36
0.4577777777777778     7439.482248081393      35
0.39333333333333326     3721.916496091992      24
0.41111111111111104     3394.6496178021207      23
