0.48     6002.25664585714      30
0.48     6300.540962734491      31
0.4744444444444444     5875.924671664291      29
0.40444444444444444     3827.6932616564577      25
0.4055555555555555     3863.6408360815567      25
0.4766666666666667     5965.477278126788      30
0.4766666666666667     5622.671089019263      29
0.45333333333333325     5329.121661295283      29
0.4766666666666667     6344.496725587408      31
0.46111111111111114     5779.104875527637      30
0.4533333333333333     4340.644728403618      26
0.4433333333333333     4214.937663917915      25
0.4644444444444445     4548.70619156734      26
0.4488888888888889     4519.359168128316      25
0.4688888888888889     5865.3428216272605      30
0.3544444444444443     3709.7130336619275      25
0.47888888888888886     5192.3405544887055      27
0.4366666666666666     4029.020598426173      25
0.44111111111111106     3725.3000163570778      24
0.4044444444444444     3787.251870618725      25
0.47777777777777775     6025.146377970695      30
0.46333333333333326     5779.788199379082      30
0.47444444444444445     5076.95978364415      27
0.44333333333333336     4411.733680595207      26
0.4455555555555555     3958.0843921578767      24
0.47333333333333333     5356.768091166782      28
0.39777777777777773     3744.1840617007247      25
0.42444444444444435     5306.438188644307      29
0.4611111111111111     5512.43132873088      29
0.4688888888888889     6263.537063052751      31
0.44999999999999996     4285.129643245263      25
0.3999999999999999     3802.5075697755224      25
0.4744444444444444     4944.565606230704      27
0.4555555555555556     5329.237834463032      28
0.36222222222222217     3792.436645883972      25
0.42555555555555546     3485.2999410867765      23
0.48     6455.4948376829      31
0.4644444444444444     3902.8127504021054      23
0.42777777777777765     3323.5341792741065      22
0.36333333333333323     3388.9442544440726      24
0.4488888888888889     4147.833087981063      25
0.35444444444444434     3633.6808969515273      25
0.4466666666666666     3757.2214117918556      24
0.48777777777777775     6336.8443098743555      31
0.4044444444444444     4667.990526982864      28
0.47444444444444445     5562.072128114622      28
0.48     5695.381530408137      29
0.4766666666666667     5183.068682680797      27
0.4377777777777777     4609.606426419428      27
0.4388888888888888     5490.6339904587885      29
