0.7788888888888885     27839.848692105224      60
0.7888888888888888     36306.946622565396      62
0.7755555555555552     26835.40125159827      60
0.7799999999999997     28547.780026861572      61
0.7799999999999997     28553.007047855055      61
0.7766666666666664     27022.62461255144      60
0.7799999999999997     30593.94713199468      64
0.7833333333333332     34453.01287809403      60
0.7866666666666664     35609.99300915037      62
0.7877777777777776     36457.8259139754      62
0.7377777777777774     30245.336439590472      59
0.7466666666666661     30761.432128571647      60
0.7633333333333333     32294.70253985186      60
0.7411111111111109     33655.53646529266      59
0.7855555555555553     32576.86642617772      62
0.783333333333333     32058.437466833722      61
0.7844444444444442     32901.419359323234      62
0.7688888888888887     34413.27944372702      60
0.782222222222222     31169.565987799193      61
0.7455555555555554     34555.60647634946      60
0.7899999999999998     38788.488870846646      65
0.7888888888888888     37504.97576933206      63
0.7888888888888888     37850.001317549766      64
0.7888888888888888     36884.81171123711      67
0.7899999999999998     39879.96802834711      66
0.7888888888888888     38662.82578565005      65
0.7899999999999998     41201.20559998101      68
0.7888888888888888     39218.78207157035      65
0.791111111111111     43886.90988160458      71
0.7899999999999998     41419.84492851335      69
0.791111111111111     44293.29635303964      71
0.7899999999999998     43304.41648916324      70
0.791111111111111     44357.909230749436      71
0.7899999999999998     44179.073074981214      71
0.7899999999999998     46504.05132376304      71
0.791111111111111     46275.58125919151      73
0.7899999999999998     47325.05055073262      68
0.791111111111111     49105.92592421474      76
