0.7855555555555552     26464.667618891817      59
0.7833333333333331     26313.520299370954      59
0.7855555555555552     27103.967445202      60
0.7833333333333331     26406.68070052208      59
0.7877777777777776     29645.504087200276      62
0.7866666666666664     27967.256363299726      60
0.7866666666666664     27962.870426417016      61
0.7866666666666664     28807.271758380055      62
0.7877777777777776     30131.787595123526      63
0.7877777777777776     32141.042342394434      62
0.7877777777777776     31770.02209606352      65
0.7877777777777776     32776.62020959216      63
0.7888888888888888     34285.791770660355      65
0.7888888888888888     35129.25784460801      66
