0.7577777777777777     19206.52757169136      53
0.761111111111111     20635.36294424523      52
0.7566666666666664     19350.10073993263      53
0.7588888888888887     19728.85900748916      54
0.761111111111111     21873.83270239334      54
0.7577777777777776     20627.224786188526      55
0.7477777777777775     19095.294771025623      53
0.7577777777777777     21674.970683342093      57
0.7555555555555553     19844.645292254732      54
0.7688888888888887     22053.759044628394      54
0.7588888888888887     21857.95903186648      57
0.7566666666666665     21338.553034481345      56
0.7544444444444443     19713.345598596436      54
0.7744444444444443     23013.12425749377      55
0.763333333333333     22977.53366354342      53
0.7733333333333332     22259.413047627044      54
0.7699999999999999     22082.545911211295      54
0.7744444444444443     25113.047356553812      58
0.7677777777777776     22206.128075751127      54
0.7288888888888888     23362.098876389686      52
0.7766666666666665     25284.17370078085      58
0.7755555555555553     27133.812554613494      54
0.7766666666666665     30207.646407833035      57
0.7755555555555553     28398.1115022944      57
0.7766666666666665     30231.32028542338      60
