0.9266666666666672     25543.22858043377      65
0.9288888888888894     26411.096324264818      66
0.9300000000000006     26832.49526242034      66
0.9233333333333339     24556.99426118606      64
0.9222222222222227     23725.007004209747      63
0.9266666666666672     25600.326574772156      65
0.9200000000000006     23669.961364205043      63
0.9255555555555561     24700.13926204301      64
0.9288888888888895     28154.485849711582      68
0.9233333333333339     25235.782348308454      65
0.9233333333333338     23846.107709785738      63
0.9266666666666673     25636.44059216907      65
0.9211111111111117     23796.487328788142      63
0.924444444444445     26162.54942925888      66
0.9211111111111117     24412.61026679405      64
0.9277777777777784     28523.645159310196      68
