0.7288888888888886     7563.757154890928      30
0.712222222222222     7254.592624260219      31
0.7111111111111108     7127.303716267922      30
0.6988888888888884     6998.680954165296      30
0.6966666666666664     7008.638235187572      29
0.6877777777777775     7482.071412000314      32
0.683333333333333     6670.745285289199      28
0.7122222222222221     8505.488302183656      30
0.7011111111111111     7262.857803639555      29
0.7277777777777779     8785.4841200427      33
0.752222222222222     8288.742127838465      31
0.7555555555555553     9012.68067658552      33
0.7399999999999997     8341.906398166631      31
0.6855555555555553     6741.186128794382      28
0.6833333333333329     6555.297672990377      29
0.7277777777777775     7744.9114773639385      31
0.7433333333333331     8710.652264707498      30
0.7199999999999998     8022.982664795749      32
0.6933333333333329     6566.84305204292      29
0.7311111111111109     8255.965913962818      32
0.7133333333333332     7397.359903993452      30
0.7099999999999996     7602.412705739704      31
0.7233333333333333     8606.014996175752      30
0.7022222222222221     8392.671056279083      33
0.7499999999999998     8988.834126289441      33
0.6366666666666666     5941.626051154495      27
0.6699999999999995     6296.876400988105      29
0.6699999999999999     6322.5344093224785      29
0.6877777777777777     7837.285848971794      31
0.7111111111111107     7024.062355705275      30
0.7099999999999997     8695.146501297844      34
0.6877777777777777     6880.212506221735      28
0.7188888888888887     7547.86410228465      31
0.7177777777777774     8725.596991084863      34
0.6988888888888887     7898.526175661795      30
0.7299999999999999     8112.521500783078      32
0.6411111111111109     8765.418175276493      32
0.6888888888888887     6846.14982416844      29
0.7588888888888885     10180.853582291753      33
0.6711111111111109     7103.9618073311685      27
0.6444444444444444     6386.489403271464      28
0.6788888888888888     7805.948934887117      33
0.6355555555555557     5912.820967021595      27
0.6066666666666667     5523.461210633706      28
0.7577777777777776     9122.78091714357      33
0.614444444444444     5381.698519044345      27
0.662222222222222     11166.458374676657      32
0.7644444444444441     9836.689250976384      35
0.7366666666666668     10479.643659261568      37
0.5422222222222218     5348.150293665931      28
