0.7255555555555554     8534.022692328334      33
0.7244444444444443     8529.227354797977      33
0.7466666666666664     8491.534101410982      32
0.7455555555555555     8798.196473968883      32
0.7266666666666663     8858.0524872073      33
0.7377777777777775     8084.686266267057      31
0.6977777777777776     6486.781411705464      28
0.6266666666666665     6537.117556302888      29
0.74     8471.062503846548      30
0.7311111111111112     8103.504801628069      30
0.7333333333333333     7965.064457042449      31
0.7555555555555554     8931.046266491576      32
0.7355555555555555     8070.666259817191      31
0.7244444444444443     7399.995261713389      30
0.7199999999999998     8365.031459880007      32
0.75     8800.864339129374      32
0.7299999999999996     8641.041245595032      33
0.7155555555555554     7347.224385563385      30
0.6944444444444444     8538.148853247589      33
0.7433333333333332     8349.570773640116      31
0.7177777777777775     7828.817059309858      31
0.741111111111111     8182.735574689693      31
0.6777777777777774     6258.069026440986      29
0.7299999999999996     7700.275198685942      30
0.711111111111111     7010.460244915773      29
0.6900000000000001     6361.1415102463725      28
0.7277777777777775     7532.928163870491      30
0.713333333333333     7225.86859126192      29
0.7088888888888888     6827.80143396061      28
0.7466666666666666     8837.459273437515      31
0.7555555555555555     8952.719612555042      32
0.6799999999999997     6320.0818453193715      28
0.6788888888888887     6275.330800532619      28
0.6300000000000002     6251.3839928152765      30
0.7344444444444443     8896.178802127239      34
0.6966666666666667     7954.355134413882      32
0.7222222222222221     7375.708683895204      29
0.7466666666666666     8775.596366325019      32
0.6799999999999999     7910.232474276625      33
0.6988888888888888     8821.594845893942      34
0.6855555555555554     6966.78489611109      29
0.6577777777777776     6545.249193819239      29
0.6266666666666665     6216.020551011487      28
0.6300000000000002     6538.330427163311      31
0.6666666666666665     6741.665591396433      30
0.762222222222222     9382.482010032805      33
0.6222222222222221     6459.546522066776      30
0.7388888888888886     9671.283797574239      35
0.5655555555555553     5167.347644922041      27
0.7255555555555553     10182.599826755319      37
