0.6644444444444443     5855.4300219207325      28
0.6622222222222218     5846.311365170762      25
0.7133333333333334     8721.76700853969      34
0.662222222222222     5309.006249525399      26
0.6544444444444443     5131.622813202294      26
0.7033333333333331     6419.011330286865      28
0.7211111111111109     7321.088002922468      30
0.6499999999999998     5108.265467449445      26
0.6588888888888887     5252.246707538657      26
0.7533333333333329     8968.404941021472      32
0.654444444444444     5830.747607567121      28
0.6933333333333327     7898.186758677906      31
0.722222222222222     7492.107951919622      30
0.6988888888888887     7926.957967426687      33
0.7211111111111109     8369.344276407057      33
0.6877777777777775     7233.798666235758      31
0.7533333333333329     10001.187147732358      35
0.6911111111111111     6096.869497714671      28
0.672222222222222     6470.5825871272245      30
0.6644444444444441     5855.252049890531      28
0.7288888888888887     8901.257675878825      33
0.574444444444444     4841.079662009768      26
0.7455555555555554     9177.917597450627      34
0.7055555555555555     9633.456935453347      35
0.6488888888888885     4994.883937647529      26
0.7522222222222218     8820.356621473002      32
0.6244444444444441     5231.912362140359      26
0.6744444444444443     8735.455955020307      33
0.683333333333333     7148.880731787326      31
0.7444444444444441     9969.50634151045      35
0.6999999999999997     8334.599455794863      34
0.753333333333333     10377.033811371482      36
0.6788888888888887     5613.916768777026      27
0.5811111111111108     4360.035363561496      25
0.7522222222222219     8670.346930068106      33
0.6811111111111107     5877.242862509297      27
0.752222222222222     9791.281758774978      35
0.6655555555555552     6375.274898215416      30
0.6677777777777777     5341.99839476619      26
0.7288888888888887     7531.403504564898      30
0.7155555555555554     6664.70243186933      28
0.6977777777777775     6125.264231622106      28
0.7499999999999997     10374.160248523873      36
0.6366666666666667     5662.8769238968935      28
0.7499999999999997     9440.99495727508      34
0.7255555555555554     8177.171693355813      32
0.5966666666666663     4551.1466670491845      25
0.7422222222222221     7791.6052070092255      31
0.5788888888888886     4264.071294650361      25
0.5711111111111107     5512.9646760239675      28
