0.8122222222222223     12374.633115001157      42
0.811111111111111     12347.22004008669      42
0.8133333333333334     12829.759015578535      43
0.7999999999999998     11425.571550427254      40
0.7811111111111111     10295.740282108723      38
0.8088888888888884     11582.15790999286      40
0.8166666666666668     12952.549126414264      43
0.7322222222222223     8000.97378346596      33
0.8144444444444444     12908.938213957548      43
0.7655555555555555     8897.817910091348      35
0.81     12309.869332598484      42
0.793333333333333     10870.458593970461      39
0.7955555555555557     10953.887751178418      39
0.7533333333333334     8603.382844092603      35
0.7511111111111113     8584.638275799014      34
0.7877777777777778     10363.653779105829      38
0.8044444444444445     11581.6706622298      40
0.7444444444444445     8385.518896014253      34
0.78     9781.215985581654      37
0.6288888888888887     6073.354983242825      29
0.8255555555555556     19906.49751888819      52
0.72     8006.2067683687565      33
0.7777777777777779     10240.575465741213      38
0.7566666666666667     8985.146402101655      35
0.82     13425.379036963546      44
0.7977777777777778     12083.706263037378      42
0.7977777777777776     12175.429601873591      42
0.7944444444444445     12122.074558931488      42
0.7455555555555555     8571.649239010767      35
0.7544444444444447     9193.780027869112      35
0.5644444444444441     5975.838368863924      31
0.8122222222222222     13244.313243924298      44
0.7344444444444445     8947.611618785451      36
0.7933333333333332     11664.945434529596      40
0.8055555555555556     12687.081265041004      42
0.6177777777777775     6168.9742925281635      30
0.7955555555555557     12177.369445217102      42
0.8066666666666665     13209.360307271094      44
0.7877777777777777     10341.70505665203      38
0.7711111111111111     10702.42619691316      39
0.7511111111111113     9409.75027910591      36
0.8244444444444446     15005.011727442894      47
0.7111111111111111     6961.110298226544      31
0.7855555555555553     11230.191921313175      40
0.7266666666666666     8335.791930576699      35
0.801111111111111     12251.911843279442      42
0.6666666666666666     8677.928799172272      37
