0.8255555555555557     13440.404268901853      44
0.6833333333333332     7796.35687092348      34
0.8088888888888891     12182.591492282543      42
0.7555555555555555     8960.751291904902      34
0.8099999999999998     12286.669377236556      41
0.7744444444444444     9457.769994478853      36
0.7466666666666666     8769.484160784095      34
0.7400000000000003     8307.987256378294      34
0.7722222222222224     9354.501633188114      36
0.8122222222222224     12943.345917860112      43
0.7666666666666666     9265.438721521949      36
0.7811111111111111     9873.66848711872      37
0.7599999999999999     9024.65514101769      35
0.8188888888888888     13580.567854581574      43
0.7988888888888888     10461.172892848941      38
0.7422222222222224     8519.133262666606      34
0.8100000000000002     12503.001033168126      42
0.7777777777777779     9590.345872019143      36
0.8233333333333335     13357.397825587726      44
0.7811111111111112     10237.176112583467      37
0.79     10370.501806528158      38
0.7244444444444448     8297.616247977652      34
0.7666666666666666     9557.034443199344      37
0.7577777777777774     10753.409456158537      40
0.8044444444444445     11440.243697321344      40
0.7788888888888889     11050.2311096336      40
0.7522222222222222     9459.756332036453      37
0.7777777777777778     10888.863611696297      38
0.7688888888888888     10927.762122003878      40
0.7788888888888889     11685.020795786517      41
0.7533333333333333     10427.078939711291      39
0.6855555555555558     8037.917106912838      33
0.8166666666666668     13019.330056154737      43
0.737777777777778     8309.589682249565      34
0.781111111111111     11818.900762688572      40
0.7388888888888892     8680.099234365123      35
0.73     8760.190124329842      35
0.7244444444444448     8635.23960842453      35
0.8066666666666666     11736.946062969102      41
0.8122222222222223     17062.34291835147      50
