0.8711111111111111     8631.670788050078      31
0.871111111111111     9256.259808531058      33
0.8644444444444439     8357.401488954361      31
0.8600000000000001     8107.411156663417      31
0.8633333333333332     10001.857530709685      35
0.8611111111111109     8512.155553201808      32
0.8488888888888887     8188.59567308447      32
0.8511111111111112     8231.251534619092      31
0.8822222222222225     8683.817679788712      32
0.8777777777777775     8608.023637794904      32
0.7855555555555552     6696.628155170348      29
0.8755555555555555     8711.6751322814      31
0.8855555555555555     9839.355966465679      35
0.8055555555555552     6323.252829964357      28
0.8977777777777776     9767.367998103635      34
0.9155555555555557     10493.547229104259      34
0.8388888888888891     8395.773995664782      32
0.8999999999999999     9996.056536811964      34
0.7833333333333333     6531.2366253993505      29
0.8677777777777778     8610.404735091477      31
0.7755555555555551     6270.461007771644      28
0.8677777777777775     9993.151842663074      36
0.7888888888888889     5970.899065504134      27
0.8255555555555555     7315.155389270063      29
0.797777777777777     6150.268324801275      27
0.8899999999999999     8988.700050590274      32
0.8844444444444444     12822.241256760393      34
0.9188888888888892     10483.74477916179      35
0.8455555555555553     8792.894390445315      33
0.8977777777777778     10191.767927428278      35
0.8966666666666666     9197.993813143454      33
0.8433333333333332     7543.491454484543      31
0.8666666666666666     12056.387926440919      40
0.8599999999999997     11391.899444737157      30
0.8511111111111108     7166.372758244511      29
0.8311111111111106     6627.073170741582      28
0.8211111111111109     6569.704543658124      28
0.9066666666666667     12639.614627881097      38
0.8555555555555556     7627.47458502623      30
0.8022222222222214     6777.329506031747      29
0.9077777777777777     9342.743720236287      32
0.9044444444444444     10766.412657764427      36
0.8111111111111109     7932.68718351123      32
0.7677777777777777     5880.683830897945      27
0.8999999999999999     11786.147912863873      39
0.9166666666666665     11369.778615435942      37
0.9022222222222218     12241.7672928738      40
0.9188888888888889     14017.012727074723      42
0.8055555555555549     6232.4103177006655      27
0.7177777777777774     5839.225465284199      27
