0.8866666666666667     9114.48795378584      33
0.8777777777777782     8562.455103338942      32
0.8511111111111112     7472.579016232148      30
0.8688888888888887     8160.268617152492      30
0.886666666666667     12116.316521815144      32
0.8811111111111107     8873.356831593639      33
0.8855555555555554     9926.1178640801      36
0.8755555555555555     8516.035905398096      32
0.8888888888888887     9475.20723822343      34
0.8833333333333337     9055.47640976192      33
0.8655555555555556     8117.167838940112      32
0.8888888888888888     9537.225582679306      34
0.8822222222222227     8968.46250081728      33
0.8666666666666664     12125.500193634945      33
0.8511111111111112     7849.987475118849      31
0.9055555555555558     10657.044445590722      36
0.8755555555555556     9407.427044030532      34
0.9000000000000002     10015.097758111959      35
0.87     8573.098094467483      32
0.8622222222222224     8439.134175742478      32
0.8711111111111115     8216.284604886703      31
0.8800000000000001     8857.091449261039      33
0.8855555555555553     12687.426512144462      34
0.8588888888888884     7589.716784862261      30
0.8844444444444444     10112.688408589009      36
0.8933333333333338     10596.715529997591      37
0.8933333333333335     11988.390877547929      32
0.8688888888888889     9413.63882755768      35
0.8966666666666668     9831.188040987305      35
0.8733333333333331     10016.81398772826      36
0.8733333333333333     9649.123219184152      36
0.8622222222222223     7635.245921463039      30
0.8844444444444444     11965.943075763273      32
0.8955555555555557     9796.165875418856      34
0.906666666666667     10857.78706579214      37
0.8933333333333333     9144.517813238326      33
0.8644444444444443     7989.701282714213      31
0.8777777777777777     12698.399523695884      34
0.8522222222222219     12236.258138842519      33
0.8511111111111108     7579.738656890515      30
0.8388888888888889     7690.96732403398      31
0.9022222222222219     13525.99043526404      35
0.8322222222222221     6789.131602447767      29
0.8733333333333335     10710.380192077466      38
0.8911111111111112     10989.389122638791      37
0.8422222222222219     7354.2054937569055      29
0.822222222222222     7729.6187375337295      32
0.907777777777778     12019.203685448418      40
0.8099999999999996     6679.014304995111      28
0.9177777777777779     12251.421457218908      39
