0.9066666666666665     10131.535800565282      35
0.8933333333333335     9171.617986915518      34
0.877777777777778     9112.665334149282      33
0.8811111111111111     9619.909812674012      34
0.8622222222222223     8501.122541473327      32
0.8833333333333333     8626.046433595147      31
0.8822222222222222     8612.32762309521      33
0.8666666666666668     8484.619282423457      32
0.9055555555555556     9748.477136391946      34
0.8777777777777781     9399.28989246346      34
0.9011111111111112     9744.418926827067      35
0.8677777777777778     8166.350435130369      31
0.8811111111111108     9539.434992307126      35
0.8766666666666664     8453.587871826503      32
0.8799999999999999     8931.513862745658      34
0.8244444444444443     7841.891239879864      32
0.8644444444444441     9841.341503577301      36
0.9022222222222223     12844.715583965142      32
0.911111111111111     9871.992625521956      34
0.862222222222222     8031.60330473733      31
0.9044444444444446     9359.542824663722      33
0.8255555555555554     7688.115576329541      30
0.8744444444444442     8803.315684359144      32
0.9200000000000003     10863.613093310234      36
0.8700000000000001     8230.653967699585      32
0.8944444444444445     9181.029194022203      33
0.8533333333333336     8897.86605769144      34
0.8455555555555556     8009.700612849599      32
0.8822222222222221     8482.562953764636      31
0.8933333333333333     9147.21509741209      33
0.9177777777777778     10764.86780154144      36
0.9255555555555557     10955.373589253466      36
0.8677777777777776     10826.402063679612      37
0.862222222222222     9080.486612935902      34
0.9288888888888891     11364.584017253757      36
0.8788888888888888     9626.510738833636      35
0.9077777777777778     10069.433116684973      35
0.9133333333333331     10646.775616569645      36
0.8544444444444442     10770.116066516866      39
0.918888888888889     9996.588120912958      34
0.8755555555555556     8311.793031540865      31
0.8922222222222222     8710.757077787937      32
0.8366666666666669     8177.9620602443065      33
0.9088888888888889     13694.804939636117      36
0.9066666666666666     11060.192112650619      38
0.9000000000000001     10757.670433987889      37
0.8455555555555555     7572.280906954613      31
0.9177777777777779     13878.34950579336      36
0.8577777777777778     7708.058952231927      30
0.9344444444444446     12778.857930147271      39
