0.9066666666666667     10017.693052416016      34
0.8977777777777777     9607.22341129763      33
0.8922222222222221     8680.822199111875      32
0.8744444444444444     7792.0047348595945      30
0.9188888888888891     10329.31358097968      35
0.8611111111111106     11201.65772034203      31
0.82     10616.628488419556      29
0.8677777777777776     8318.149624697908      32
0.8788888888888889     8568.26423620917      32
0.9055555555555558     9659.64297082563      34
0.9211111111111113     10628.073913106131      36
0.8988888888888887     12436.0448905675      33
0.9088888888888889     9977.968613987377      35
0.8955555555555557     9057.340605752095      33
0.9266666666666669     11718.669338428748      38
0.9144444444444446     10213.081632944837      35
0.8388888888888887     7599.478974652404      30
0.86     8000.758034187027      31
0.8866666666666665     8906.706053028634      33
0.8944444444444444     12129.634610886842      32
0.8366666666666663     7482.8999825176115      30
0.8588888888888887     7804.637752982821      31
0.9244444444444446     11837.50189975884      38
0.817777777777778     6762.699989938765      29
0.7633333333333331     6684.924471859591      30
0.9266666666666666     15908.894829982672      40
0.9033333333333337     13692.858534965684      36
0.7311111111111114     6267.109237134684      29
0.8044444444444444     7130.675181664719      30
0.795555555555555     10617.685306128473      30
0.9222222222222224     16774.561915864466      43
0.9155555555555556     13035.345487567272      41
0.9022222222222221     14091.741499735288      37
0.8211111111111105     10815.5487506658      30
0.8399999999999996     7920.025182227686      31
0.8733333333333332     9333.780711833644      34
0.792222222222222     7626.659081335784      31
0.9144444444444446     11808.25248946767      39
0.8822222222222219     10312.5533908729      36
0.8622222222222218     8364.473905388279      32
0.9000000000000001     11034.3559385867      38
0.7444444444444441     6997.274984908914      31
0.8933333333333332     11606.425308755948      40
0.9099999999999999     15163.597193055613      39
0.8677777777777774     10029.873465614059      36
0.8499999999999999     8380.223092056525      32
0.9122222222222224     12380.355089550654      40
0.8866666666666669     11107.856540372277      38
0.8433333333333336     9648.601987568303      35
