0.8499999999999998     7668.258980190844      31
0.8488888888888889     7639.527937059349      30
0.8577777777777776     7756.278658809768      29
0.8711111111111111     8105.007174876218      30
0.9044444444444446     9590.719293585027      34
0.853333333333333     7686.8470564864065      31
0.9088888888888889     13343.383138166482      34
0.9199999999999999     11670.616078091081      37
0.8588888888888886     7885.994188064917      30
0.8955555555555555     8844.440665164451      31
0.8422222222222224     7575.962636076444      29
0.9044444444444445     12927.282215969544      33
0.9000000000000001     9740.025177983705      33
0.8633333333333332     7843.778413831537      31
0.8966666666666667     9399.989622720632      32
0.8499999999999999     7688.386902670702      29
0.8988888888888891     9479.01887179808      33
0.9155555555555556     12533.879606265416      39
0.9144444444444445     11667.295343572538      37
0.8488888888888889     7584.611658132629      31
0.8866666666666666     8362.71310397458      30
0.9066666666666666     13302.094438578313      34
0.9055555555555554     11596.887924206749      38
0.9211111111111113     14581.814038464108      36
0.8788888888888888     9171.654062250984      33
0.8422222222222221     7165.978380011838      29
0.8499999999999998     7785.331025388855      31
0.8877777777777777     9389.03752991353      33
0.8277777777777773     10315.975439244725      30
0.8233333333333334     7197.411153074817      29
0.9122222222222225     12426.969914297679      40
0.9233333333333336     17062.63555077041      40
0.6944444444444444     6089.298985013881      29
0.8433333333333333     8112.217012650721      31
0.7177777777777773     6148.628395591332      29
0.7822222222222222     6376.7314259922405      29
0.8733333333333334     9783.740661030053      35
0.9044444444444446     9913.725110499048      35
0.8966666666666671     13015.99753171299      41
0.7766666666666665     6193.335856939076      28
0.8877777777777779     13487.061251541425      34
0.8333333333333331     7717.386604917928      32
0.882222222222222     10030.656579343033      36
0.873333333333333     8297.007938012299      31
0.8200000000000002     6941.236911248155      28
0.8699999999999998     9936.341648664888      34
