0.9366666666666668     15437.729438380855      37
0.9388888888888892     15287.834278443906      38
0.8999999999999999     9755.681728667918      34
0.9366666666666669     12112.536881272028      38
0.9222222222222222     13596.095565989332      35
0.9066666666666668     10271.005282248447      35
0.928888888888889     14535.838392189708      37
0.918888888888889     11032.496545957625      37
0.9055555555555557     9936.352430729234      34
0.9033333333333335     11049.060611228204      37
0.9199999999999999     13345.805248751      34
0.9144444444444442     13192.253908022009      34
0.8977777777777778     9591.47243897435      34
0.9277777777777778     13726.237613533498      35
0.9244444444444446     11227.751841768793      37
0.908888888888889     11223.217860622217      38
0.937777777777778     15181.052576484286      38
0.9322222222222226     14672.062157140372      43
0.9311111111111113     15310.607458852372      37
0.9266666666666666     14565.873060281678      37
0.9288888888888893     12025.069436005233      39
0.9000000000000002     9900.111973122797      35
0.906666666666667     13143.263954734939      34
0.9300000000000003     15366.864745005154      38
0.9255555555555555     11711.294734686115      38
0.8433333333333332     8097.445160655804      32
0.87     9112.070438885807      32
0.8988888888888891     10769.93009236759      35
0.7855555555555551     8623.859657885117      34
0.9322222222222226     15978.844106076762      45
0.9166666666666669     11243.846654127607      37
0.9088888888888891     11450.487312302563      38
0.9022222222222223     10863.186268786616      37
0.9322222222222223     15718.156621095053      38
0.8933333333333335     10109.656958278822      35
0.8977777777777781     14768.975095881098      38
0.8722222222222226     9001.521399707857      33
0.9033333333333337     12535.106196652205      40
0.8866666666666668     9296.61983758744      33
