0.7599999999999997     8123.551604553281      31
0.7366666666666664     7251.109913385958      29
0.783333333333333     8825.352122455579      31
0.7266666666666662     7286.365370978492      29
0.7677777777777776     8240.124854065083      31
0.7199999999999996     7310.0099151409495      29
0.7844444444444441     9353.451936475325      31
0.7777777777777773     9149.757560621732      33
0.7988888888888885     10207.603173479922      33
0.7577777777777773     7812.185229071015      30
0.754444444444444     7965.478648557077      29
0.7577777777777773     8122.429096658586      31
0.7777777777777772     8974.855788970115      32
0.7477777777777773     7548.78832390866      30
0.783333333333333     9169.948910892728      32
0.783333333333333     9444.52314452409      33
0.7933333333333327     9645.705862883086      33
0.7688888888888885     8545.966768389904      31
0.7799999999999998     9176.829874360728      32
0.783333333333333     9566.537762230251      33
0.7099999999999999     6525.547879979913      27
0.7677777777777776     8256.594606756704      31
0.7155555555555552     6794.22258915951      28
0.7511111111111106     8041.965861953095      31
0.772222222222222     8599.695703576052      32
0.7411111111111107     7611.421424012128      30
0.7833333333333328     9599.21929906699      33
0.7833333333333328     9700.778469418594      34
0.7555555555555554     8077.489174198736      31
0.7755555555555551     8720.762652879564      32
0.783333333333333     9828.974330757424      34
0.7555555555555551     8289.620563042801      30
0.7488888888888886     7674.125600106799      30
0.7722222222222218     8727.189411546191      31
0.7411111111111108     7859.487032509002      31
0.7488888888888884     8122.716517881978      30
0.7699999999999997     8560.893689444361      31
0.7399999999999995     7405.03343965431      29
