0.7588888888888882     8721.175331242996      32
0.7522222222222216     8016.03221278271      30
0.7777777777777771     9380.155913474095      33
0.7699999999999995     9033.625895312083      32
0.7799999999999994     9483.581255186      33
0.7988888888888883     12115.857617167527      38
0.7388888888888884     7567.031985080317      29
0.7977777777777771     10375.328152551761      34
0.746666666666666     8249.506424851212      31
0.7444444444444438     7657.82189938695      29
0.796666666666666     11877.307243844865      38
0.7066666666666663     6684.108219731394      27
0.7577777777777773     8324.76271638568      31
0.7322222222222218     7102.232023858828      28
0.7933333333333327     10979.403811797936      37
0.7599999999999991     8990.12390297656      33
0.7311111111111106     8049.964045883845      31
0.7577777777777771     8391.696185493014      31
0.7211111111111108     7070.121405915196      29
0.7577777777777769     8568.969850981628      32
0.7522222222222217     8358.106248994747      31
0.7811111111111104     9696.6826111893      34
0.7344444444444438     8204.323359303076      31
0.7299999999999995     7865.697131828248      30
0.7588888888888882     9065.745371608085      33
0.7611111111111106     9322.071909452005      34
0.7833333333333327     10576.800594151646      36
0.7544444444444438     9225.253647465377      34
0.7699999999999995     9379.104652099444      33
0.7955555555555549     11105.627951835397      36
0.7566666666666657     9628.695265097713      34
0.7855555555555549     10857.99045193404      36
0.7811111111111104     10179.230273085259      35
0.7255555555555551     7405.405816760228      29
0.7044444444444439     6966.937616612168      29
0.723333333333333     7086.461148425524      28
0.7799999999999994     9648.057584941058      34
0.7522222222222216     8281.911379937215      31
