0.7911111111111105     10030.47807918722      34
0.7977777777777773     11891.618528508578      39
0.796666666666666     10089.387965459344      34
0.7588888888888883     7943.176514773964      29
0.797777777777777     11596.083245072128      38
0.7622222222222216     8210.436668841781      30
0.7622222222222217     8524.384851800018      32
0.7644444444444438     8850.093469090765      32
0.7799999999999992     9308.04015519914      33
0.776666666666666     8857.129154471717      32
0.8044444444444441     12685.330247727466      40
0.7899999999999995     9683.857896675196      33
0.7755555555555551     9287.609965487969      32
0.7733333333333328     8956.005414784317      31
0.7744444444444438     9550.446219663858      34
0.7611111111111105     8636.303873224377      32
0.7477777777777772     7245.233135841581      28
0.7711111111111104     9150.846934310912      33
0.7277777777777773     7767.772650093022      30
0.7588888888888882     8333.361702862016      31
0.7288888888888886     7780.364022638395      30
0.7377777777777771     7816.905995280029      30
0.714444444444444     7226.102483650222      29
0.7355555555555547     8132.765132884734      31
0.7255555555555548     7612.404485512355      31
0.7177777777777772     7497.549298311185      30
0.7699999999999992     9855.369298792473      35
0.7822222222222215     10085.831819480314      35
0.7644444444444438     9271.525818335804      33
0.7233333333333328     7900.955518243811      30
0.796666666666666     10417.847636163497      35
0.7988888888888884     12025.975237528586      39
0.7188888888888885     7723.515939516836      30
0.7977777777777773     12329.088339832011      40
0.7677777777777772     9492.728071439087      34
0.756666666666666     8474.317741433832      31
0.7488888888888884     8277.023203649762      31
0.7988888888888884     12801.441028313882      41
0.7622222222222217     9104.827367490092      33
0.7811111111111108     10178.35593559747      36
0.7266666666666665     8054.842778412847      31
0.7611111111111105     8637.842306368393      32
0.8011111111111107     13112.156697307924      41
0.7933333333333329     10233.547580830102      35
0.7677777777777772     10077.187610629231      35
0.7933333333333329     11476.27438311892      38
0.7933333333333329     11878.25712524703      39
