0.7788888888888883     9838.71944200173      34
0.7711111111111105     9349.968675935159      33
0.7522222222222219     8957.092006458251      31
0.7711111111111106     9435.801847858525      32
0.7999999999999993     11252.130637030492      36
0.7677777777777769     9464.887668757006      33
0.7499999999999994     7891.33270456896      29
0.7999999999999993     11754.289364428781      37
0.764444444444444     8988.383304244668      32
0.7088888888888883     7928.305998759472      30
0.7566666666666662     9224.787821901773      32
0.7844444444444438     9886.040379846814      33
0.7388888888888882     8101.161783604675      30
0.7499999999999994     8567.512224994209      31
0.7733333333333323     10055.153547563608      34
0.8011111111111104     11752.622805942552      38
0.7611111111111102     9420.080336195131      32
0.7711111111111105     9707.615986263858      34
0.7511111111111105     9193.96111666446      33
0.796666666666666     11721.356737406948      37
0.8011111111111103     12251.767205092907      38
0.7533333333333327     9254.871778229404      33
0.7677777777777773     9615.59398707174      34
0.7499999999999994     8571.455318057679      31
0.764444444444444     9367.017039313236      33
0.7155555555555552     7972.11464814826      31
0.7388888888888882     8178.664277492624      30
0.7711111111111105     10208.994723152906      34
0.7955555555555548     10901.210064779463      35
0.7777777777777772     10283.820299451392      35
0.7499999999999994     8827.146307069686      32
0.7922222222222215     10411.657167193129      34
0.7422222222222215     9231.4644797927      33
0.7677777777777774     9790.731912753345      34
0.7388888888888882     8462.40517834982      31
0.7577777777777772     9588.432185781534      34
0.7344444444444439     8101.372259284721      30
0.7244444444444439     8136.090843528182      31
