0.7999999999999995     13053.368317312175      41
0.7822222222222217     10878.855068776644      37
0.8177777777777774     15029.35442129097      44
0.7999999999999995     13056.522876750176      41
0.7222222222222218     9248.257586544878      34
0.7622222222222217     10663.146330986332      37
0.8011111111111106     13057.887712019727      41
0.7411111111111106     9793.991949140835      35
0.7544444444444441     9851.08664695214      36
0.759999999999999     10121.211348481218      36
0.757777777777777     9972.010620821977      36
0.8199999999999996     15092.941348152795      44
0.785555555555555     11604.855206498138      38
0.8088888888888884     14041.743351161293      43
0.8077777777777774     14738.640620242575      44
0.8033333333333328     13374.604678619202      42
0.8055555555555551     14388.741037852102      43
0.7777777777777771     10737.193205519266      37
0.7755555555555549     10822.613739938177      37
0.7422222222222218     10047.162481421246      36
0.7988888888888884     12173.661526518332      39
0.7766666666666662     11002.577117107701      38
0.7922222222222215     12093.85917286703      39
0.7611111111111105     10287.661210776872      36
0.7833333333333329     11226.950288200343      38
0.8033333333333329     14065.784792697068      43
0.7622222222222219     10946.820241415297      38
0.7866666666666663     12314.851681544693      40
0.7855555555555549     12186.784422133154      40
0.7566666666666664     10452.82847469188      37
0.795555555555555     12414.23608033752      40
0.7866666666666663     12514.165075633988      41
0.7811111111111106     11373.431459115764      38
0.784444444444444     11748.019396550526      39
0.7588888888888885     10780.528245652094      38
0.7566666666666663     10399.517399298988      37
0.8011111111111106     13106.456292386716      41
0.7988888888888884     12579.035929928652      40
0.7788888888888884     11169.25189545865      38
