0.734444444444444     6439.298973625323      25
0.7511111111111111     7259.425941603776      27
0.7444444444444444     7128.115578418791      27
0.7455555555555554     7447.6592215872415      28
0.7155555555555553     6262.86802496095      25
0.7677777777777769     8681.003831980302      31
0.7888888888888884     10134.647839989824      33
0.7522222222222219     7596.87817938345      27
0.7266666666666667     6710.436520738592      25
0.731111111111111     6878.154332866242      27
0.7455555555555554     7472.265133550606      28
0.7222222222222217     6363.290059691489      26
0.7066666666666664     6265.652916226269      26
0.7644444444444441     8872.24473370851      31
0.7366666666666662     7029.617437155454      27
0.712222222222222     6361.010915950269      26
0.7655555555555554     9338.35323480082      32
0.7099999999999997     6340.475027536842      26
0.7344444444444445     6962.138075255045      27
0.7444444444444444     7657.424183757275      29
0.7066666666666664     6271.756497372769      26
0.7322222222222222     6964.590278530461      27
0.742222222222222     7083.532757669701      26
0.7622222222222219     7741.346952161118      27
0.742222222222222     7600.638700679136      28
0.7444444444444444     8002.579982441044      30
0.7322222222222221     7498.420848231327      29
0.7233333333333332     6473.558546466582      26
0.73     6604.252599884678      26
