0.7955555555555551     10234.911578654812      35
0.7911111111111107     10215.77961853489      35
0.7911111111111104     10454.559809560253      35
0.803333333333333     13186.833043279097      41
0.7299999999999996     8361.957405443854      33
0.7866666666666663     9714.098535500936      34
0.7999999999999996     11687.85924047656      38
0.7699999999999998     9602.688829483752      35
0.7788888888888885     9681.2171330905      34
0.766666666666666     8619.288408873892      32
0.8022222222222218     12207.591257412383      39
0.7899999999999996     10622.515737568738      36
0.8022222222222218     13020.747889798697      41
0.7533333333333329     9043.403194354232      33
0.7266666666666663     8555.513118721148      32
0.7999999999999996     11974.186995549271      39
0.7211111111111106     8600.577573555365      32
0.7944444444444441     11427.301091348205      38
0.7877777777777775     9741.119052631982      34
0.7911111111111107     10700.250201911185      36
0.7611111111111106     9380.06727878663      34
0.7255555555555553     8780.652839583478      33
0.7655555555555549     9397.757627817236      34
0.7999999999999996     12016.600606997292      39
0.7588888888888885     9396.287720570128      34
0.7922222222222218     11095.03631538226      37
0.7988888888888884     11553.496698202634      38
0.7988888888888884     11579.21348312913      38
0.7922222222222218     11464.094242265011      38
0.7544444444444443     9150.056347304655      33
0.7555555555555553     9551.689566271354      34
0.7877777777777775     9744.846150731124      34
0.7566666666666665     10430.346488958323      36
0.7599999999999998     11354.881309646893      38
0.8011111111111107     12540.742207397327      40
0.7488888888888884     8972.20463850636      33
0.7588888888888886     11299.56913528269      38
