0.9355555555555558     8636.00181796721      32
0.9577777777777781     9441.991063535968      33
0.9144444444444447     7011.216052673626      28
0.9300000000000003     8609.266856099755      32
0.8855555555555557     5999.054135369564      26
0.9488888888888891     9044.463775608474      32
0.9711111111111115     15789.17480022745      38
0.9     6541.5859791064095      27
0.9644444444444449     11273.053115787621      37
0.9588888888888892     9991.781790833098      34
0.9522222222222226     9404.35882512833      33
0.8655555555555553     6656.219547838388      30
0.9666666666666671     12043.26559256225      38
0.9466666666666672     11415.627355268925      30
0.9122222222222225     7180.790097323819      30
0.9055555555555558     8360.808382516982      33
0.8522222222222218     6221.329435530399      28
0.9388888888888892     9465.223263590437      34
0.9622222222222226     11194.401144484385      36
0.9677777777777784     12220.701845951115      37
0.965555555555556     12754.189224104872      40
0.9400000000000002     9550.561768227522      34
0.9633333333333339     13165.89647312401      40
0.9622222222222226     11968.811946320255      38
0.9600000000000003     10729.745859536863      36
0.9622222222222228     13027.066303379665      40
0.9577777777777782     10160.617141224058      34
0.9566666666666672     11040.790219584027      35
0.938888888888889     9072.379756762246      33
0.9511111111111116     9636.967644868113      34
0.945555555555556     9862.775710767166      36
0.9355555555555558     9303.41666749562      34
0.938888888888889     9711.397899697444      35
0.9500000000000003     10073.219252283772      34
0.937777777777778     9403.118862447081      33
0.9611111111111114     11404.648153196147      37
0.9355555555555558     9607.091701264679      35
0.9533333333333339     10196.123098780688      35
0.9500000000000003     9911.825034978341      35
0.9322222222222226     8643.997933227898      32
0.9477777777777783     9912.517013360331      35
0.9566666666666672     10710.909868754015      36
0.9511111111111115     10455.000603555252      36
0.955555555555556     11004.09544877203      37
0.9555555555555562     11458.03960400852      38
0.9333333333333338     9343.48833547888      35
0.9477777777777782     10124.522523943722      34
0.9611111111111117     11650.079476206409      37
