0.945555555555556     8887.695642798484      32
0.9511111111111116     10173.141312740478      34
0.8955555555555553     6290.945959660176      27
0.9255555555555558     7805.4217059010925      30
0.925555555555556     7955.703050740784      30
0.8488888888888884     5680.96253322218      26
0.9233333333333336     7945.50706466885      31
0.9011111111111111     7249.911705459871      30
0.9255555555555556     8085.561100266445      30
0.8822222222222221     6570.650791641715      28
0.9433333333333335     8602.015001155141      31
0.8522222222222222     6178.15612615263      27
0.8988888888888888     6748.168094648001      27
0.892222222222222     6873.843213153875      29
0.9155555555555557     7454.641580797371      30
0.8455555555555552     5907.515934235759      27
0.7877777777777774     4957.959138395555      24
0.8477777777777773     6394.340597123436      28
0.9244444444444445     8227.078632886287      31
0.9222222222222225     8172.192625203661      30
0.9055555555555554     7282.252055141501      30
0.9600000000000005     10586.188502926414      33
0.9144444444444443     7758.925038984135      30
0.9644444444444449     11387.102374630209      35
0.882222222222222     6955.1207855617795      29
0.9244444444444447     8166.159020411219      32
0.9066666666666667     7420.66902803319      30
0.9600000000000005     10885.927499779762      34
0.8699999999999997     6538.298142393654      28
0.8466666666666665     6109.108140906302      27
0.9177777777777781     8087.36169059326      31
0.864444444444444     6686.103560233258      29
0.9333333333333337     8870.334804834907      32
0.8344444444444441     5667.992959995737      26
0.9711111111111116     12636.781424011673      37
0.955555555555556     10910.425656443207      35
0.8622222222222219     6405.2836713983215      28
0.9500000000000003     8927.111962261242      31
0.9466666666666671     9507.569345478647      33
0.9     6965.637588991445      28
0.9277777777777779     8743.32063955582      32
0.955555555555556     11120.470642524617      36
0.9177777777777779     7956.095757829387      31
0.928888888888889     8888.01880869633      32
0.9155555555555557     7748.932221972559      31
0.8977777777777779     6982.837262529406      29
0.9388888888888891     9121.361246215027      32
0.9288888888888891     9245.19478900594      31
0.9244444444444446     8996.464427891678      32
0.912222222222222     7810.777753867461      30
