0.8866666666666666     6955.566338932336      30
0.9311111111111111     9098.994204992165      32
0.9244444444444445     8133.346995987313      30
0.9100000000000001     7500.575016626559      29
0.9344444444444444     9210.1276396089      32
0.8833333333333334     6632.110466922761      28
0.9011111111111111     7003.143044341054      28
0.9466666666666671     10379.405269738963      35
0.8622222222222223     5624.976012552373      26
0.9011111111111111     7640.126779598914      30
0.9455555555555559     11308.098451692102      36
0.9277777777777779     8718.178982154479      31
0.88     6727.501900098296      27
0.9000000000000001     7226.9019406567      29
0.9344444444444446     9337.851357684616      32
0.8633333333333335     6527.339624615895      29
0.9344444444444445     9644.24737599065      33
0.8955555555555558     7273.863621829087      29
0.9022222222222224     7827.029052366595      31
0.9433333333333335     10413.450235420822      34
0.8955555555555557     7098.317188028589      28
0.9266666666666669     8962.973354182413      32
0.9400000000000001     9814.917893520964      33
0.8944444444444444     7685.17720791954      31
0.8355555555555556     6164.201250902888      28
0.8422222222222226     6651.138479443103      29
0.8933333333333333     7664.415805007058      31
0.9277777777777781     9090.975299125716      33
0.91     7926.523889144393      30
0.8855555555555557     7399.220096045519      29
0.9344444444444445     9964.816726755036      34
0.9233333333333335     8060.102861954305      30
0.9333333333333335     9848.790149066952      34
0.9322222222222224     10077.561833312613      35
0.9433333333333335     11389.0838396113      37
0.83     5500.549199095893      26
0.897777777777778     7691.429707674618      30
0.8855555555555554     6712.016707013339      28
0.938888888888889     10114.082541997872      34
0.9166666666666669     8426.422336964397      31
0.9322222222222224     13742.819768745998      33
0.9066666666666665     8629.253258824776      33
0.8644444444444445     6686.843185453195      29
0.8877777777777778     7401.576865010331      30
0.9022222222222223     8632.544371139566      33
0.9266666666666671     9330.539350018915      33
0.8988888888888891     11627.584379403637      29
0.937777777777778     10437.452952826869      34
0.9255555555555557     9058.713745998875      32
0.8977777777777779     7905.501423759884      31
