0.8599999999999997     5296.232418501149      24
0.7955555555555551     4174.661099114615      22
0.8344444444444439     4861.9246923684295      24
0.8311111111111105     4887.697604252515      24
0.8511111111111105     5288.958455893455      25
0.8333333333333333     5709.586101491585      23
0.8844444444444441     5983.16289075737      26
0.9044444444444445     6910.979710712709      28
0.9088888888888886     7474.929634605993      29
0.9233333333333336     8085.147173968961      31
0.8944444444444444     6207.69791481635      26
0.8622222222222217     5526.126815252357      25
0.9300000000000005     8107.593674151385      30
0.8888888888888888     6060.140231847101      26
0.9033333333333335     6441.790925967762      27
0.8155555555555551     4505.70294939553      23
0.8599999999999995     5564.810022927593      25
0.8855555555555555     6440.357749343875      27
0.8499999999999992     5527.967286193711      25
0.9044444444444444     7805.062067294244      28
0.8022222222222218     4249.7862480795675      22
0.8777777777777774     5674.021921191888      25
0.9055555555555556     7357.481712409512      29
0.8311111111111104     4575.422558432089      23
0.7955555555555551     4385.045063020562      23
0.917777777777778     7755.266201528839      30
0.8488888888888882     4960.924808474674      24
0.8288888888888887     4824.781581291039      23
0.8144444444444439     4750.4756508589135      24
0.8944444444444444     6701.666363429373      28
0.8211111111111105     4843.206554507503      24
0.8211111111111107     5020.994908611615      24
0.8766666666666664     5664.283608115091      25
0.8811111111111107     6470.47222372855      28
0.8855555555555555     6529.528011987002      27
0.8022222222222218     4455.305338239985      23
0.9011111111111114     7231.9046159256595      29
0.8111111111111108     4555.66010927782      23
0.8344444444444439     5117.647890917907      25
0.8844444444444446     6788.706167156277      28
0.7977777777777774     4922.297192277641      23
0.8977777777777779     7042.43043563103      29
0.8777777777777774     5912.130771375765      26
0.8233333333333328     5011.033032195475      25
0.9011111111111114     7437.010999401544      30
0.8922222222222222     6842.100372629437      29
0.8022222222222218     4671.228996671818      24
0.8533333333333328     5660.211630477504      25
0.8344444444444437     5058.179785490025      25
0.8599999999999997     6023.993426329165      27
