0.8499999999999998     5708.767570355183      26
0.9455555555555559     9927.801206137663      35
0.956666666666667     11275.236021675018      37
0.9511111111111115     10185.509655659253      35
0.8977777777777779     6455.016691728113      27
0.9377777777777779     9012.513555680523      33
0.946666666666667     10012.891863371287      35
0.9300000000000002     8416.962113427822      31
0.9511111111111115     10910.560412954404      37
0.825555555555555     5259.244779853567      25
0.9400000000000003     11722.1251864398      33
0.7666666666666662     4238.609685185345      23
0.7655555555555548     4819.337135187202      24
0.7577777777777772     5131.974058127464      26
0.8633333333333332     6334.068118814065      28
0.957777777777778     11340.512291550887      36
0.8299999999999995     5831.653253142818      27
0.9344444444444449     8840.228186018549      33
0.8955555555555555     6641.791971151586      28
0.946666666666667     10041.153741425225      35
0.9277777777777781     8599.240004581829      32
0.9544444444444449     12917.31144223494      41
0.8633333333333328     6143.478798186199      27
0.9500000000000003     10497.803590425858      36
0.8944444444444445     6629.077205933103      28
0.8844444444444445     6338.801489017979      27
0.9400000000000004     9437.099310078333      34
0.8677777777777774     6718.768688819777      29
0.9533333333333337     11249.633781834653      37
0.946666666666667     10094.575774273299      35
0.9300000000000004     8703.949308373181      33
0.9177777777777779     6901.014532511925      28
0.9433333333333337     9925.818212923296      35
0.9133333333333334     7790.153738642868      30
0.9188888888888889     11675.460147902444      31
0.8599999999999998     6064.910864190332      27
0.9222222222222224     8559.268171264792      33
0.9377777777777784     9225.18017323257      34
0.8722222222222219     6846.981011380842      29
0.9377777777777782     9435.203793612298      34
0.8166666666666662     7015.304965504234      30
0.9533333333333338     11693.919409202888      38
0.9255555555555557     8656.508103798778      33
0.9433333333333337     9934.015668285727      35
0.9522222222222224     11599.584388243557      38
0.9488888888888893     10586.952083549944      36
0.9077777777777779     7362.270486047359      29
0.9177777777777777     7865.165869033813      30
0.946666666666667     10711.778493994281      36
0.9455555555555559     10028.551473442974      35
