0.9511111111111112     22730.20780445606      57
0.9155555555555556     19642.150920998876      53
0.948888888888889     22533.84842293515      57
0.941111111111111     21774.86665519928      56
0.9444444444444445     21806.625941550414      56
0.9311111111111109     20990.098949703344      55
0.9388888888888892     21220.7895867863      55
0.9333333333333335     21059.99037749514      55
0.9444444444444446     21859.46107822671      56
0.921111111111111     20259.275222040553      54
0.9544444444444445     23467.67716368658      58
0.9488888888888889     22696.953666367044      57
0.9455555555555558     22082.114570215297      56
0.9388888888888889     21706.983282820307      56
0.9477777777777779     22586.592289189455      57
0.9299999999999999     20437.298380162203      54
0.9344444444444444     21116.895620980238      55
0.928888888888889     20490.37116029513      54
