0.7877777777777778     12560.952299993342      40
0.7766666666666667     11134.222537498      37
0.7611111111111111     9480.121900586677      34
0.7866666666666667     12613.356830089875      40
0.7111111111111109     9199.301279878002      34
0.7844444444444446     11557.916767312247      38
0.7844444444444445     11981.143592167724      39
0.7833333333333334     11177.780131987909      37
0.7488888888888888     9625.60317059769      35
0.7488888888888888     10387.634717726623      37
0.7733333333333332     10659.300035795912      36
0.7733333333333332     11267.21786234445      38
0.7933333333333334     12801.720794351191      40
0.7366666666666665     9234.546829044119      35
0.7855555555555557     12641.56361405007      40
0.7888888888888886     14109.719525647852      42
0.761111111111111     10571.765182767804      37
0.781111111111111     12137.711084315371      38
0.7477777777777777     10098.824653159152      36
0.7333333333333332     9321.561532774096      35
0.7322222222222219     9367.597569244206      35
0.7566666666666666     10523.718381562598      37
0.7655555555555554     10798.324148956553      37
0.7677777777777777     11221.797640679393      37
0.7711111111111112     11055.648386379304      38
0.7877777777777779     12899.673404862933      41
0.7577777777777777     10895.079234039875      37
0.7411111111111109     9656.21452039355      35
0.7188888888888886     10229.683946865885      36
0.7777777777777777     11502.913089460342      38
0.7811111111111111     11915.939682598213      39
0.7855555555555555     12973.615149056806      40
0.7877777777777778     12994.07450212396      40
0.78     11535.745434242872      38
0.7844444444444444     12583.26121243888      39
0.7777777777777778     11894.95680682312      38
0.7766666666666667     11443.389080470402      38
0.78     11979.89272603822      39
0.7699999999999999     11082.999328178772      38
0.7877777777777778     13724.501011025672      42
0.7833333333333334     11994.038809569209      39
