0.7411111111111108     9788.045296118433      34
0.7377777777777774     9333.396197555341      33
0.7344444444444441     9217.998050012311      33
0.791111111111111     12181.62959629082      38
0.7455555555555555     9837.819273733918      34
0.7366666666666666     9816.761348667822      35
0.7266666666666663     8356.688869538179      32
0.772222222222222     10307.41582892416      35
0.7011111111111109     7550.558112239979      30
0.8077777777777777     14883.443274176678      40
0.7799999999999997     11060.788735617747      36
0.7566666666666665     10046.92727520972      35
0.7377777777777774     9933.159448313983      34
0.7944444444444444     12686.680281972942      38
0.7788888888888886     10735.167580891295      35
0.7788888888888886     11104.670596101238      36
0.7366666666666664     9314.955669180052      33
0.7844444444444442     11572.477710554758      37
0.7833333333333332     11310.297586720024      36
0.7366666666666664     9893.449862805097      35
0.7044444444444443     8613.908977859372      33
0.7266666666666662     8823.51357732521      33
0.742222222222222     10036.339879181845      35
0.7188888888888885     8678.140775499836      33
0.771111111111111     10347.367949683488      35
0.7355555555555554     9370.905659608141      34
0.7588888888888886     10341.04066355374      35
0.7588888888888886     10483.403372335604      36
0.7777777777777776     10792.918783308054      35
0.7788888888888886     11232.249931602368      36
0.7844444444444444     11700.18226637862      37
0.7344444444444441     9369.385552437889      34
0.7888888888888888     12326.351048950759      38
0.7444444444444442     10212.505143222937      35
0.7211111111111107     8860.816571157022      33
0.7711111111111109     10857.004967762086      36
0.7355555555555552     9544.858536754384      34
0.7888888888888888     12879.220399528574      39
0.7177777777777776     8791.177823258784      33
0.7455555555555553     10436.351468684457      35
0.7499999999999998     10477.122008470835      35
0.722222222222222     9125.326735455807      33
