0.7233333333333327     8219.813207292951      32
0.7622222222222221     9174.218618631532      33
0.7455555555555551     8856.249531199957      33
0.7711111111111112     10452.85598808363      36
0.7399999999999998     8547.378827568347      32
0.7633333333333333     9484.40011087718      34
0.7466666666666663     9164.820909313985      34
0.7011111111111107     8070.962136520967      31
0.7700000000000001     10531.090614185827      36
0.7244444444444439     8409.583714602852      32
0.7577777777777776     9387.54632027666      34
0.7233333333333327     8574.070459261255      33
0.7455555555555554     9018.29878734924      33
0.7633333333333333     9531.817658769876      34
0.722222222222222     8087.2808136636595      32
0.7099999999999997     7690.204616768797      32
0.7522222222222221     9443.78220717917      35
0.7766666666666668     10602.588012368753      36
0.7733333333333333     11222.496934647777      37
0.7455555555555553     8934.64292370658      33
0.7677777777777779     9655.752238106897      34
0.7577777777777776     9713.532645898333      35
0.7399999999999998     8877.493652148229      33
0.7633333333333333     9851.754522894355      35
0.7466666666666665     9413.702436915402      34
0.7455555555555554     9328.249997793351      34
0.7455555555555557     9525.915047610759      34
0.768888888888889     9975.421625285031      35
0.768888888888889     10557.449878047531      36
0.714444444444444     8243.422991166937      33
0.7088888888888883     8180.189328761616      32
0.7077777777777773     8234.898669880524      33
0.7677777777777778     10158.151965052051      35
0.7522222222222222     9964.536879110567      36
0.7533333333333333     10265.360434731332      36
0.7222222222222217     8248.97327361385      32
0.7466666666666663     9499.040538771927      35
0.705555555555555     8399.850146508892      33
0.7522222222222219     9652.173163306348      35
0.7711111111111112     10850.364394084361      37
0.7288888888888885     8664.111711227468      33
0.7399999999999993     8736.292375858018      33
