0.25333333333333324     7709.054121970671      35
0.24111111111111097     6935.599495797271      33
0.24888888888888874     6909.3800052231045      33
0.25333333333333313     7291.492464293531      34
0.25333333333333324     6596.948654494887      33
0.2444444444444443     6522.452442032768      33
0.2588888888888888     7163.8302359788695      34
0.21111111111111094     4682.833316294478      29
0.26444444444444437     7185.608419797192      33
0.2422222222222221     6772.387406091117      34
0.2155555555555554     5474.528109901455      28
0.2444444444444443     6960.5536547647525      34
0.25333333333333324     9023.708962041523      37
0.24888888888888872     7045.254447909177      34
0.26444444444444437     8164.508880380739      37
0.2577777777777777     7005.992779985673      33
0.23999999999999985     5263.262471562626      29
0.24111111111111097     7256.476165127489      34
0.24888888888888874     7711.552029091447      35
0.2588888888888888     6789.043594175648      33
0.2399999999999998     5406.874961180466      28
0.21666666666666645     4981.563193889881      29
0.2766666666666666     10657.123382747237      42
0.2444444444444443     7681.058223957518      33
0.21111111111111086     7318.927691341442      33
0.26444444444444437     7836.544035876576      35
0.23999999999999985     5779.760771675576      30
0.21111111111111086     4637.0618883047655      28
0.27555555555555555     10597.669269720942      42
0.2433333333333332     6112.8338189015185      32
0.21444444444444424     4746.090106479325      28
0.26111111111111096     8985.85091409789      38
0.27     8894.859023776044      37
0.21999999999999983     5657.065826076877      32
0.24888888888888874     6009.317574912929      31
0.2499999999999998     8450.743372799654      37
0.27     8102.05874436979      36
0.2711111111111111     10764.101438356613      41
0.23444444444444426     4915.9341273216505      28
0.22111111111111093     5224.317880597337      30
0.2766666666666666     11087.210489589987      43
0.16999999999999987     6385.93525211721      29
0.25111111111111095     9130.269765647916      38
0.2533333333333332     10123.493836419993      40
0.2666666666666666     11377.069678354534      42
0.2055555555555553     4333.401324378557      27
0.27777777777777773     13072.396345856238      45
0.19333333333333322     4698.792131014118      26
0.17444444444444432     4633.877797114042      25
0.27888888888888885     13253.483104436167      46
