0.22999999999999982     4450.992512844391      28
0.23999999999999988     4985.997122130631      28
0.2599999999999999     6600.21637785666      33
0.2544444444444443     6155.629229167587      32
0.2733333333333333     8434.270528103832      37
0.26444444444444437     6954.197006251617      34
0.27444444444444444     9837.376440041222      40
0.23666666666666653     4488.687420587338      28
0.21222222222222217     4904.862346400893      29
0.2055555555555555     4044.631113247709      27
0.24888888888888872     5575.206650637965      30
0.2533333333333332     6397.475850677641      32
0.24555555555555542     5918.541901784967      32
0.2544444444444443     6628.932163947587      33
0.2522222222222221     6614.888203952501      33
0.24444444444444433     5600.358337563155      31
0.25777777777777766     7328.49894762005      35
0.26666666666666666     8731.477160058419      36
0.26444444444444437     8078.903420689295      37
0.252222222222222     6869.883676413866      34
0.2733333333333333     8804.376112898599      38
0.251111111111111     6482.626686183697      32
0.24999999999999992     6942.87459843952      33
0.24999999999999983     6517.171454171301      33
0.25999999999999984     7865.018813261384      36
0.24999999999999992     7552.5312469594965      34
0.2433333333333332     4988.819591605282      29
0.23111111111111096     6232.53803981158      33
0.2566666666666665     7816.526233589206      36
0.21333333333333326     5580.4340358270065      31
0.24999999999999983     6918.163760420163      34
0.21444444444444433     5593.102567989758      31
0.17555555555555544     3421.7405854175117      25
0.2722222222222222     9740.662886397758      40
0.2544444444444443     9211.92302681404      40
0.2588888888888888     9958.82278292509      41
0.20444444444444435     5220.379129687853      30
0.24777777777777762     6919.106007406702      33
0.18777777777777763     4605.92142450805      29
0.23999999999999988     6251.630799486402      32
0.24888888888888872     7052.411928327775      34
0.25666666666666654     9668.465210552764      40
0.18222222222222198     3525.1218149518095      25
0.2377777777777776     8234.586529244489      37
0.20999999999999994     5226.37825825646      30
0.21444444444444422     7534.954554880755      36
0.22999999999999982     8286.779579094824      37
