0.25666666666666654     6500.350074586774      32
0.27555555555555555     9517.727286955618      39
0.26888888888888884     8296.525582758324      36
0.2411111111111109     5300.559619404872      29
0.2722222222222222     9274.407453435566      39
0.27777777777777773     9956.662793193485      40
0.26222222222222213     6601.831867165951      32
0.2088888888888888     4039.265396534845      26
0.27999999999999997     15721.332714160319      49
0.2533333333333332     6302.423962451665      32
0.23666666666666658     5169.795773012041      29
0.27999999999999997     16671.541418568726      51
0.2533333333333332     6411.301418647479      32
0.2688888888888889     8458.717575720922      37
0.27999999999999997     18929.488435560528      55
0.26888888888888884     8604.285476351002      37
0.26222222222222213     6952.192508147565      33
0.22999999999999993     4215.387526455936      26
0.2722222222222222     9350.237853459399      39
0.27888888888888885     10900.78967839084      42
0.2677777777777777     7841.876874513453      34
0.25222222222222207     5462.126621068643      29
0.2722222222222222     9644.33495868909      39
0.2666666666666666     9145.18000517689      39
0.26444444444444437     8944.45066029235      38
0.23777777777777767     5674.67137613507      30
0.26888888888888884     9292.015722656022      38
0.28111111111111103     18732.528087402825      56
0.24222222222222203     6092.608416518424      30
0.2555555555555554     6580.487281758063      31
0.22111111111111087     5303.096252276434      29
0.2599999999999999     6840.629524868682      33
0.2277777777777776     5512.26279731688      30
0.24999999999999983     6195.564045930186      32
0.26222222222222213     7817.7557560870955      36
0.25666666666666654     7134.1262409861065      33
0.25777777777777766     7627.222792566918      35
0.26999999999999996     9500.317436689387      38
0.2411111111111109     5705.17551888155      30
0.23111111111111088     6009.587308033213      31
0.21222222222222215     5165.818574363801      29
0.24444444444444427     6507.934874277039      32
0.26999999999999996     9705.419050385257      40
0.20666666666666655     3249.026458126496      24
0.25777777777777766     11588.952879540211      43
0.1566666666666666     3721.4839869244893      24
0.2555555555555554     7377.413164651638      35
