0.24555555555555544     4890.70515146538      29
0.2522222222222221     5621.902081406672      31
0.2677777777777777     7074.498834143708      34
0.24222222222222206     4788.0388472674795      28
0.2733333333333333     7947.932131902872      36
0.23333333333333323     5433.494003572478      30
0.2733333333333333     8806.128015426591      37
0.2211111111111109     3886.1956747124523      26
0.27555555555555555     9234.056883869825      38
0.1244444444444443     3322.8981303182013      24
0.18111111111111095     3580.4741438507763      25
0.20888888888888882     4459.45070477278      28
0.1666666666666665     3509.136560507361      25
0.261111111111111     7508.2585363392955      35
0.20555555555555535     4002.560371646802      27
0.26999999999999996     7598.632422958459      35
0.16999999999999987     4540.359107135237      27
0.20999999999999983     4652.2772911452585      28
0.21444444444444424     4552.618406435582      29
0.1299999999999999     3784.3741999356      26
0.26999999999999996     8321.27337380809      37
0.20444444444444437     4713.1309861904565      29
0.2622222222222221     8225.762907057071      37
0.27888888888888885     10323.952138004575      40
0.21222222222222195     4745.468348056211      29
0.23222222222222208     5418.154791586053      31
0.2566666666666666     6137.3174035340035      31
0.22666666666666643     5121.945196724603      30
0.18111111111111095     5049.095734933817      30
0.261111111111111     8007.976015422359      36
0.2677777777777778     8830.943265454634      37
0.2444444444444443     5526.59901482675      30
0.2666666666666666     8953.558260895259      37
0.2566666666666666     7888.0492397610615      36
0.22555555555555543     6199.32425786689      31
0.22888888888888875     5925.448361600591      32
0.25333333333333324     6353.85814556488      33
0.2644444444444444     8572.785357245852      38
0.24222222222222206     6561.63039654519      33
0.22555555555555548     6108.266302258879      32
0.26999999999999996     10491.560668856193      42
0.16888888888888876     5391.773787168936      27
0.16666666666666652     4646.541340635475      27
0.1244444444444443     3774.518182362079      25
0.21111111111111094     5778.966430503672      31
0.25666666666666654     6591.379000671259      33
0.2044444444444443     5105.920136746744      30
0.20555555555555538     6843.766565543369      33
