0.6866666666666666     28759.34635447695      70
0.7388888888888887     32883.97444961736      74
0.7244444444444443     32835.35970182421      73
0.731111111111111     49296.976859225884      75
0.7255555555555553     33444.28618512775      75
0.718888888888889     29894.534240936868      71
0.7400000000000001     35421.252103594255      77
0.7255555555555552     32201.964929385813      74
0.7188888888888887     37514.175925270174      79
0.7177777777777776     30297.706368265317      72
0.7355555555555554     38274.36466735835      80
0.6166666666666667     31908.26550985886      74
0.7088888888888888     36265.11204863204      78
0.6188888888888885     35775.420645326645      80
0.6844444444444443     36720.1506474364      79
