0.7133333333333334     25706.39161694938      65
0.7466666666666667     33329.94426459307      75
0.7422222222222221     28789.79254485611      69
0.7444444444444444     31814.391432304834      73
0.7433333333333333     30236.796819236617      71
0.7399999999999999     30895.193150963805      71
0.7355555555555554     26331.40544762457      66
0.721111111111111     27968.79297027861      68
0.7433333333333332     31086.72840740571      72
0.7422222222222221     32662.965416710973      74
0.7088888888888887     27005.716781599407      67
0.74     33471.62742512822      75
0.7388888888888888     31012.840163699482      72
0.7066666666666666     26501.720358344584      66
0.7377777777777778     28589.695182032963      69
0.7288888888888889     29868.023268218356      71
0.7288888888888888     29000.69872883766      70
