0.7533333333333332     29340.150019291996      69
0.7533333333333332     31593.700437948984      72
0.7533333333333332     32062.210685484646      73
0.7522222222222221     25734.276179167868      64
0.732222222222222     27393.179290656157      67
0.7522222222222221     28426.28605806024      68
0.7444444444444445     28938.06739859117      69
0.7522222222222221     32285.77982609744      72
0.7322222222222221     28088.4145865087      68
0.7466666666666668     29943.340194579814      70
0.7377777777777778     32913.67728513588      73
