0.7400000000000001     35939.53331065411      78
0.6844444444444445     29053.36782215567      70
0.7377777777777776     36330.0930252623      79
0.7355555555555556     35254.850044793566      77
0.7200000000000001     34295.165270418365      76
0.7399999999999998     53586.682714266906      80
0.7211111111111108     34313.218696958524      77
0.7266666666666663     47902.748491872706      74
0.7133333333333329     29758.115987696085      71
0.7333333333333333     52599.602120046446      80
0.7100000000000002     49433.93015489314      75
0.7311111111111109     37831.130739281514      80
0.7033333333333335     32809.04965014299      73
0.6899999999999997     35871.919107687914      78
0.6755555555555557     26980.92143011478      67
