0.7958333333333325     842.8168103269071      15
0.8291666666666657     1133.8872290122422      17
0.7333333333333328     689.1795642084646      14
0.7916666666666659     912.2205799888728      16
0.779166666666666     713.3891394387066      14
0.695833333333333     580.6444379720838      13
0.8416666666666657     1531.1107599282047      20
0.7166666666666662     680.5728038874756      14
0.8083333333333325     912.7637349163341      15
0.7833333333333327     857.1241311511477      15
0.8249999999999992     1046.4996607696892      17
0.7999999999999993     913.6644087484229      16
0.7708333333333327     951.3036955019062      16
0.8416666666666658     1616.88519900758      21
0.8333333333333324     1288.0943995162318      18
0.7583333333333327     725.1642989882961      14
0.8333333333333325     1478.9871178343938      20
0.6708333333333332     582.2438065076007      13
0.6708333333333331     524.2929926009352      12
0.837499999999999     1577.3105793512393      20
0.7166666666666661     607.8959340415188      13
0.7624999999999994     818.2959748584956      15
0.8374999999999991     1579.611603602413      20
0.8291666666666658     1703.5760901557155      21
0.7416666666666661     699.0788810379782      14
0.8249999999999992     1316.6188963628365      19
0.7499999999999994     783.367877557604      15
0.7499999999999994     806.3800933855699      15
0.7208333333333329     703.3689487151472      14
0.8083333333333325     1028.0471774507291      16
0.7833333333333325     1012.5512915722318      17
0.8166666666666659     1234.4962131869108      18
0.7041666666666663     598.9587590820876      13
0.7208333333333328     804.7678494364385      15
0.7916666666666659     1140.5856230886236      18
0.8166666666666658     1387.2567825034023      19
0.7999999999999992     1523.883282780626      20
0.7541666666666661     915.8614688878324      15
0.8208333333333325     1737.0722796388852      22
0.766666666666666     1056.0608467314091      17
0.7708333333333327     1150.8328938167385      18
0.516666666666667     607.6591103939287      13
0.8416666666666657     1832.1003348593076      22
0.7708333333333327     1323.2816993279198      19
0.7666666666666659     1103.530137340859      17
