0.7083333333333329     499.3109109869058      12
0.7333333333333328     513.6422627634743      12
0.8333333333333325     1305.0472036779988      19
0.8083333333333326     1052.3930816458271      17
0.7416666666666663     520.9231933100997      12
0.7124999999999996     562.928261553663      12
0.7958333333333326     894.7892749679667      16
0.779166666666666     616.1403083416108      13
0.7458333333333328     603.0494706636223      13
0.8416666666666658     1597.8241216553402      21
0.7583333333333326     699.8634102447302      14
0.8374999999999991     1587.5807224313382      21
0.7374999999999994     714.1392777326885      14
0.8291666666666658     1277.119407086241      19
0.791666666666666     811.5708384711015      15
0.8208333333333325     1170.313105038828      18
0.8041666666666659     923.8983572854761      16
0.8249999999999992     1256.1007661628112      18
0.7874999999999993     718.3218283339215      14
0.7041666666666663     492.37767078558335      12
0.7249999999999995     626.9997100892588      13
0.837499999999999     1525.8806395631775      20
0.8208333333333325     1426.9386792878906      20
0.7458333333333328     822.0005682548111      15
0.6916666666666663     485.53109807814815      12
0.8166666666666658     1179.9950955031134      18
0.8208333333333324     1186.3277310444853      18
0.7583333333333327     929.236043836206      16
0.6624999999999998     546.7273231239504      12
0.6083333333333332     358.2387851546588      10
0.7499999999999993     933.63628171975      16
0.7291666666666662     693.0183962380532      14
0.8499999999999991     2578.9621227463495      27
0.8083333333333326     1226.0727340245203      18
0.8124999999999992     1561.0036386727807      21
0.8041666666666659     1538.70036707352      21
0.7083333333333329     800.7797083678608      15
0.8458333333333324     1626.6592832818137      21
0.6874999999999997     563.3202075152328      13
0.8166666666666659     1638.9425333507602      21
0.5875     339.621061335644      10
0.7999999999999993     1019.3120263288978      17
0.754166666666666     1151.5147542699262      18
