0.7874999999999993     1053.7267951517163      17
0.766666666666666     722.2142174794587      14
0.7291666666666661     726.8694341839746      14
0.791666666666666     1055.428200776375      17
0.7874999999999993     1046.1491626030372      17
0.7124999999999996     541.537444998712      12
0.7791666666666661     736.5900113929495      14
0.779166666666666     820.2465051971144      15
0.8166666666666659     1051.0638856816267      17
0.7708333333333327     734.3898985996545      14
0.8374999999999991     1575.3637120244414      20
0.766666666666666     817.5053356850011      15
0.791666666666666     1026.3583941860597      17
0.7749999999999994     942.7352211437036      16
0.791666666666666     1248.3750588362466      18
0.7124999999999996     720.7430786438558      14
0.8249999999999992     1218.3704749053265      18
0.791666666666666     919.5669414376226      15
0.7541666666666661     688.6242968374598      14
0.791666666666666     851.9634831834393      15
0.7583333333333327     705.9896498091621      14
0.7291666666666661     547.6034400023245      12
0.7416666666666661     638.7092076902827      13
0.7291666666666662     618.8611393991895      13
0.8166666666666659     1045.494001841933      17
0.7874999999999993     1053.8991225565953      17
0.7083333333333329     537.314893742885      12
0.7833333333333327     835.3088036581781      15
0.766666666666666     633.9061709849104      13
0.7458333333333328     849.6754066537251      15
0.7458333333333328     681.6099487272426      14
0.7083333333333328     749.2082546479318      14
0.8166666666666658     1602.2046874389505      21
0.7249999999999995     622.1293399678636      13
0.7833333333333327     972.7599340100237      16
0.8333333333333325     1360.061090469044      19
0.7958333333333326     939.6793481225566      16
0.8124999999999992     1077.875513892664      17
0.8374999999999991     1373.9405686783248      19
0.8416666666666658     1547.846527568502      20
0.8333333333333325     1278.440882107799      18
0.766666666666666     1208.722477484527      18
0.8249999999999992     1475.1908219323384      20
0.8374999999999991     1961.1113205985812      23
0.8249999999999992     1655.9129024588033      21
0.6666666666666664     533.7061632949727      12
0.7083333333333328     449.77570611067557      11
0.8458333333333324     1837.9973915046553      22
0.8458333333333324     2032.3152873462855      23
0.5333333333333335     415.7160491335509      11
