0.8255555555555554     20082.60420778526      54
0.8322222222222221     20568.903241390057      55
0.831111111111111     21176.01322212424      56
0.8288888888888887     21265.732176243688      56
0.8288888888888887     21896.677656953194      57
0.8322222222222221     22071.06149429984      57
0.8322222222222221     22649.333755064723      58
0.8322222222222221     23323.736001207806      59
0.8322222222222221     24139.217443069076      60
0.8322222222222221     25015.75991921024      61
0.8344444444444443     25311.316912381706      62
0.8322222222222221     25706.473538469436      62
