0.8600000000000001     8853.980352914587      34
0.7999999999999996     6823.754542471985      30
0.7511111111111107     6264.656693843611      29
0.8477777777777775     7975.380312132505      32
0.7977777777777777     6841.054728833794      30
0.8011111111111111     6933.198455568654      30
0.8244444444444444     7298.348491166358      30
0.7488888888888885     6084.03438676402      28
0.8455555555555553     7935.024814721683      32
0.8322222222222222     7579.685958611622      31
0.8200000000000001     7589.611625960663      32
0.7377777777777775     6274.7444579662415      29
0.8188888888888888     7632.24943863276      31
0.8388888888888892     7938.458507229034      32
0.8255555555555554     7888.407424159969      32
0.857777777777778     8487.532212930762      33
0.8244444444444444     7743.266738092163      32
0.7877777777777775     6709.915622549437      30
0.7522222222222218     6326.475788196794      29
0.8277777777777775     8080.456457461417      33
0.758888888888889     6909.171084408016      28
0.8033333333333328     7215.357119318994      31
0.8744444444444446     9379.162108230468      35
0.7899999999999996     6908.625772401587      30
0.88     9832.936633427837      36
0.8011111111111108     7180.758055714354      31
0.8633333333333335     9746.98935329511      36
0.8177777777777777     8009.286172033326      33
0.8266666666666663     8171.746940159745      33
0.8455555555555557     8250.360267899498      33
0.8599999999999999     8501.330719441828      33
0.857777777777778     8786.416209364725      34
0.7722222222222219     6493.706676362368      29
0.7711111111111112     6675.0892630227445      30
0.8244444444444444     8067.014842020377      33
0.8522222222222221     9302.237535943796      34
0.8288888888888888     8173.121551646468      33
0.7999999999999997     7119.954060015708      31
0.8144444444444442     7355.990945713009      31
0.8400000000000001     8280.545968821621      33
0.7866666666666663     6806.235789942483      30
0.7477777777777777     6309.534546141987      28
0.8700000000000003     9788.90223003662      36
0.8011111111111109     7497.302963585586      32
0.7711111111111109     6494.857956983444      29
0.8366666666666667     8310.396330416625      33
0.8322222222222225     8226.591696788004      33
0.7144444444444441     6525.866906388951      29
0.8144444444444444     7968.862248226811      33
0.8644444444444446     10348.559283326684      37
