0.9144444444444445     19278.128456020582      57
0.9177777777777779     20146.178357284505      58
0.9188888888888891     20879.076074986788      59
0.9200000000000002     21497.372721372678      60
0.918888888888889     20740.146316029404      59
0.92     21384.606781861647      60
0.9166666666666667     19900.08466489797      58
0.9200000000000002     21524.15936447998      60
0.918888888888889     21256.606948235323      60
0.9166666666666669     20611.431386674773      59
0.9155555555555557     19863.348182085283      58
