0.9200000000000002     16525.964195694905      52
0.9233333333333335     18017.273582048358      54
0.918888888888889     16465.47413924561      52
0.9155555555555557     15811.721961926805      51
0.9233333333333333     18024.169730004483      54
0.9177777777777779     16227.001319382274      51
0.9044444444444445     15688.223955072866      51
0.9200000000000002     17252.047613003408      53
0.9233333333333333     18081.15949563338      54
0.9222222222222224     17872.9027261657      54
0.9244444444444445     18336.284186850313      55
0.9222222222222223     18213.04371990606      54
0.9255555555555557     18821.202237330344      55
0.9266666666666667     20715.695122119367      58
0.9255555555555557     19354.03828796035      56
0.9255555555555557     19947.428744146895      57
0.9266666666666667     21309.35052704452      59
