0.9044444444444447     18935.174445594163      56
0.9022222222222225     18889.369990544896      56
0.9100000000000003     19851.244251667435      57
0.9100000000000003     20186.820798852965      58
0.9055555555555557     19604.302275093505      57
0.908888888888889     19835.02224733847      57
0.9088888888888892     20122.255372297615      58
0.9066666666666668     20148.154820245807      58
0.9000000000000001     18374.019932240102      55
0.9033333333333335     19115.32510728556      56
0.8933333333333336     18940.119961771907      56
0.9133333333333336     20475.903989335002      58
0.9055555555555557     19727.84366049734      57
0.9111111111111113     20226.722319786684      58
0.9133333333333336     21045.05661951325      59
0.9133333333333337     22176.393034200468      61
0.9111111111111114     20262.77203674392      58
0.917777777777778     25030.56472058772      65
0.9155555555555558     22439.71172996648      61
0.9166666666666671     25130.394671682385      65
0.9188888888888893     26033.96031127465      66
0.9200000000000003     27405.251143846857      68
0.9200000000000004     28123.827385911747      69
0.9211111111111112     28273.263015641976      69
0.9211111111111114     28415.658685273753      69
0.9222222222222224     29799.18452226828      71
