0.6422222222222222     8254.066803709024      35
0.6144444444444442     7285.132436346768      35
0.6444444444444443     8272.774550765584      36
0.6433333333333333     8322.86476497653      36
0.6644444444444444     8773.72302596387      37
0.6488888888888888     8450.084177302642      36
0.6555555555555559     9108.749683510117      36
0.6288888888888886     7746.781433800345      35
0.6033333333333333     6971.130932106646      34
0.6544444444444442     8721.37323283619      37
0.6166666666666666     7361.864402971444      34
0.6055555555555556     7439.693432337019      33
0.6511111111111111     8686.786403619972      37
0.5933333333333329     7068.059904549497      33
0.6066666666666664     7337.212706603093      34
0.6055555555555553     7315.0459950566665      34
0.7044444444444445     10339.473213138363      40
0.6644444444444442     8923.760300340267      38
0.5999999999999998     7277.612623886682      33
0.6788888888888887     8989.885176987202      37
0.6422222222222221     8224.42432153656      36
0.5988888888888887     7112.419435274601      33
0.7000000000000001     10198.087104532171      40
0.62     7665.06431726516      35
0.674444444444444     11846.525659159039      43
0.6122222222222222     7472.101807087942      35
0.5888888888888888     6923.640344552338      33
0.5622222222222222     7243.170120931817      35
0.6566666666666663     10235.810775862587      40
0.698888888888889     12024.223621125147      42
0.6388888888888886     7866.176226634058      35
0.6655555555555558     10350.0863525435      39
0.6066666666666665     7649.644712995252      35
0.6222222222222221     7726.802113976258      35
0.6499999999999999     8651.658293447059      36
0.6455555555555555     9187.74856256588      38
0.5833333333333333     7288.914729458556      35
0.5955555555555553     7855.671273830456      35
0.6577777777777778     10517.996787711087      40
0.6266666666666669     8607.868182010172      35
0.6299999999999999     8515.755055368194      37
0.6166666666666667     9139.422260514984      37
