0.6599999999999998     8382.84047471384      36
0.6722222222222224     9760.386924268743      38
0.6333333333333335     8341.624197248471      34
0.6933333333333335     12026.263131060778      42
0.6833333333333331     10050.519939795784      39
0.6844444444444444     9727.94217119329      39
0.6777777777777779     9349.190840011179      37
0.668888888888889     9176.082510411803      37
0.6911111111111109     9783.50795802389      39
0.6755555555555556     9449.18841554489      38
0.6777777777777778     9462.827336179875      36
0.6733333333333335     9255.198131798941      37
0.678888888888889     9637.089991288818      38
0.65     8435.955092132155      34
0.6922222222222221     9907.796905874506      39
0.6988888888888888     11149.990359784424      42
0.66     8550.56862236996      36
0.6022222222222218     6902.724765562827      34
0.6655555555555556     8793.486007760672      37
0.6222222222222225     7263.847062651978      33
0.6877777777777775     9745.568631441754      39
0.6711111111111112     9189.509444565778      37
0.6633333333333336     8353.06548240307      36
0.6033333333333334     6530.589946603092      31
0.6388888888888891     7383.383531552251      34
0.6366666666666667     8318.722163942573      36
0.681111111111111     10648.354654003468      41
0.667777777777778     8718.986331550346      35
0.6244444444444445     7273.108291670257      33
0.6866666666666668     11555.507329801696      41
0.6333333333333334     7434.954015939232      33
0.6988888888888891     10986.54801554706      40
0.6511111111111112     9640.54679473818      38
0.6599999999999997     10026.711131056078      39
0.5855555555555555     6750.25023249381      33
0.6911111111111112     11228.092158448617      42
0.7022222222222221     10791.116274647004      41
0.6811111111111111     10073.833800064825      38
0.64     7662.841434143792      35
0.5933333333333333     6952.493845811828      34
0.6133333333333332     7019.693236624516      31
0.6300000000000003     9061.229465374903      37
0.6955555555555553     10542.439193218868      40
0.6466666666666668     8243.900963139555      35
0.7000000000000002     12030.017721275553      42
0.7033333333333335     11985.299482457758      43
0.611111111111111     6304.197992981284      32
0.7088888888888891     12934.350427121772      44
0.7177777777777781     12966.267667555621      44
0.4977777777777775     6866.386811795262      30
