0.8333333333333331     17733.373255296818      51
0.832222222222222     17324.66959775058      51
0.8355555555555554     18295.64713028269      52
0.8366666666666666     18593.199259469526      53
0.8366666666666666     19186.769910970685      54
0.8344444444444443     17788.002638729464      52
0.8366666666666664     19250.036963854076      53
0.8377777777777776     19829.62353506255      54
0.8366666666666666     19440.498020883664      54
0.8366666666666666     19761.669203920275      55
0.8388888888888887     19989.31953316555      55
0.8388888888888888     23665.62114463225      59
