0.847777777777778     19731.11706102265      55
0.8455555555555557     19720.241179462097      55
0.8533333333333335     19993.156806820945      55
0.8655555555555557     21511.640688518793      57
0.8444444444444444     20633.118748786477      55
0.8444444444444444     20247.17040894338      56
0.8211111111111112     18750.772048063893      54
0.8388888888888889     19162.610325399746      54
0.8355555555555556     18894.31311855555      54
0.8422222222222221     19966.82154005564      55
0.868888888888889     22459.10813692107      59
0.8611111111111113     21067.708542620647      57
0.8577777777777779     20901.296984335182      57
0.8711111111111112     22657.564871249197      59
0.8688888888888889     21882.425341510774      58
0.865555555555556     22171.4729437277      58
0.867777777777778     22261.527570123526      58
0.8722222222222225     22840.784307407954      59
0.88     23421.217185103662      59
0.8844444444444447     24431.244790350767      61
0.8833333333333336     24579.89670027237      61
0.8822222222222224     24536.43527554735      61
0.8866666666666668     26853.027454634175      64
0.8811111111111114     23776.53959062504      60
0.8844444444444447     26761.512981662796      64
0.8922222222222225     27859.474786951017      65
