0.8677777777777779     24437.93588590312      62
0.8800000000000003     25338.972056480132      63
0.8633333333333336     23393.73082386136      60
0.8822222222222225     25480.567177917706      63
0.8833333333333336     25916.52818568661      63
0.8877777777777782     26469.283371469264      64
0.8900000000000002     27329.489489837542      65
0.8833333333333337     26493.68167208582      64
0.8755555555555559     24757.65219363725      62
0.8666666666666667     25136.21272520908      62
0.877777777777778     25546.404451473434      63
0.8900000000000002     28429.785555251776      66
0.886666666666667     26822.61826330247      64
