0.8088888888888889     20976.893153301295      54
0.81     22288.293334341884      56
0.8088888888888889     21580.013066097483      55
0.8055555555555556     20048.933369662413      53
0.8033333333333335     20106.08150622534      53
0.8055555555555557     20855.501564303377      54
0.8055555555555556     20603.617756064217      54
0.8088888888888889     22191.10080108443      56
0.8044444444444445     20701.0763025048      54
0.8066666666666668     21643.961299260707      55
0.8044444444444445     21337.10425430098      55
0.8055555555555557     21417.228927966313      55
0.8044444444444445     21798.01871646834      56
0.8066666666666666     22699.691372388734      57
0.81     24363.5729751214      59
0.8033333333333335     20660.33833014184      54
0.8055555555555556     22498.790900067455      57
