0.8177777777777778     22893.332924797178      55
0.8177777777777777     22723.080179557346      55
0.8222222222222223     28376.574381031005      62
0.8188888888888889     23819.969537004665      56
0.8144444444444443     22024.907047515095      54
0.8122222222222222     22136.826310266606      54
0.8166666666666665     22335.8177950599      54
0.81     20715.576511106417      52
0.8188888888888889     24408.79485860885      57
0.8211111111111111     24529.671184514504      57
0.8211111111111111     25392.587902511816      59
0.8188888888888888     23278.921000745446      56
0.8177777777777777     22755.91154668301      55
0.8188888888888889     25861.264272295983      59
0.8166666666666668     24324.360752468936      57
0.81     21291.078970323746      53
0.8188888888888888     24619.411877002665      58
0.8133333333333332     22257.44678500382      54
