0.8055555555555556     20399.968746854247      54
0.8033333333333332     19886.943526808376      53
0.8111111111111111     21789.800312074192      56
0.81     20647.03413157937      54
0.8055555555555557     20420.861461377677      54
0.8022222222222222     20162.808986126693      54
0.7922222222222222     17947.035564445785      51
0.7999999999999999     19096.57717036201      52
0.8066666666666666     20484.921229507632      54
0.7955555555555553     19294.15008828722      53
0.8066666666666666     21544.546602969556      56
0.8011111111111112     20057.69509740756      54
0.7988888888888889     19672.69863898267      53
0.81     21956.91369230842      56
0.8011111111111112     20137.839291101063      54
0.8055555555555557     20952.435249583625      55
0.7988888888888889     20424.1524397002      54
0.7922222222222222     18449.931960425416      52
0.8011111111111112     20734.93750575488      55
