0.8211111111111112     27599.621154299522      61
0.8188888888888889     26034.113655356057      59
0.8222222222222223     28172.168820423398      62
0.8122222222222223     24942.697872401306      58
0.8222222222222223     28206.354947759253      62
0.8200000000000001     26612.583802158035      60
0.8166666666666668     26420.16185517047      60
0.8166666666666668     27116.34775113202      61
0.8211111111111111     27277.850032293412      61
0.8155555555555555     26931.076271842663      61
0.8144444444444445     25194.26217731605      58
