0.7344444444444446     16207.858525301097      54
0.7344444444444446     16620.70728540854      55
0.72     14677.160113920469      52
0.7277777777777779     15544.93813803119      53
0.7377777777777779     17197.855106493837      56
0.7244444444444444     15344.627401859567      53
0.7255555555555556     15413.80449431984      53
0.7377777777777778     16868.770776374662      55
0.7366666666666667     17281.134751949412      56
0.7211111111111111     14839.537351452589      52
0.7122222222222222     14472.625772760175      52
0.7322222222222222     16114.703603430662      54
0.7400000000000002     17749.92055077464      57
0.7333333333333334     16193.216465713598      54
0.7255555555555555     15631.164539956102      53
0.7377777777777778     17340.375406215877      56
0.73     15644.428074650445      53
0.7277777777777779     15980.828158610699      54
0.7100000000000001     13978.239719038247      51
0.7255555555555556     15813.520139333768      54
0.7188888888888889     14849.810929683124      52
0.7400000000000001     17855.49138853345      57
0.7077777777777778     14422.059418055122      51
0.7344444444444446     16692.505253608553      55
0.7233333333333333     14875.462485276412      52
0.7200000000000002     14898.352820974533      52
0.7055555555555555     14411.04500810786      52
0.7400000000000001     19071.87925389009      60
0.7344444444444446     17522.603784397063      57
0.7211111111111111     14931.111316045804      52
0.7188888888888889     14882.581526351576      52
0.7400000000000002     19300.03589493292      60
0.7344444444444445     16485.672290913815      55
0.7188888888888888     14758.872954277038      52
0.7111111111111111     14527.099138312353      52
0.7311111111111112     16323.524182232171      54
0.7088888888888889     14498.48770412701      52
0.7077777777777777     14647.87712453284      52
0.7211111111111111     15199.441283570355      53
0.708888888888889     14856.604007288177      53
0.7322222222222222     16961.991944990885      56
0.7255555555555555     16171.74477988802      55
0.7077777777777777     14664.81168164598      52
0.7233333333333333     15223.721085910005      53
0.7166666666666667     15012.429778550233      53
0.7233333333333333     15643.624199858816      54
0.72     15217.717323157583      53
0.73     16438.852052030274      55
0.7055555555555554     14021.377395403464      51
0.7333333333333335     17031.288085216504      56
