0.7133333333333334     14067.051473871148      51
0.7255555555555557     15217.754332517583      53
0.7055555555555556     12862.431456454811      49
0.7344444444444446     17806.145109717105      58
0.7311111111111113     16650.70876222154      55
0.7122222222222224     13494.381437865799      50
0.7355555555555557     18371.02611046602      59
0.731111111111111     17793.508881570622      58
0.7188888888888891     14561.735904207233      52
0.7300000000000002     15313.854633824018      53
0.73     17293.929615253517      57
0.7233333333333334     14775.813278034386      52
0.7177777777777778     14563.41307357096      52
0.7166666666666667     14890.350364802516      53
0.7111111111111111     14124.78505890569      51
0.7133333333333334     14322.147352596403      52
0.7288888888888889     16227.667409891808      55
0.7211111111111114     15065.702908859834      53
0.7288888888888889     16348.323855658786      55
0.7233333333333334     15180.941475690359      53
0.7211111111111114     15608.250099665318      54
0.7188888888888889     14954.612200558058      53
0.7111111111111111     14267.152366150132      52
0.7277777777777779     16788.803169283354      56
0.7177777777777776     14901.514386625246      53
0.7155555555555557     14358.713836698516      52
0.7266666666666666     15785.85887240142      54
0.708888888888889     13592.534557951189      50
0.7033333333333334     14125.631092565802      52
0.7255555555555557     16084.752945403774      55
