0.862499999999999     3278.161605703934      29
0.849999999999999     2788.5654926628754      27
0.862499999999999     3489.0485839176736      30
0.8499999999999991     2794.0491122920826      27
0.8541666666666657     2826.458822482472      27
0.8416666666666658     2391.8601975493857      25
0.8458333333333324     2593.9974498736237      26
0.8458333333333324     2614.4645949630003      26
0.8458333333333324     2787.9447098863216      27
0.8583333333333324     3042.6307266063595      28
0.8458333333333323     2580.1485566158453      26
0.8541666666666657     3015.996588207064      28
0.8541666666666656     2840.0270844338243      27
0.8499999999999991     2809.3421156426134      27
0.8416666666666657     2597.773541172251      26
0.8583333333333324     3063.876694653843      28
