0.8666666666666657     2658.681177247533      27
0.8499999999999991     2269.1093672360917      25
0.849999999999999     2117.6551519005334      24
0.8416666666666658     2089.3849056625027      24
0.8291666666666658     1908.0571611583553      23
0.862499999999999     2667.201229286195      27
0.8583333333333324     2665.3640346316824      27
0.8583333333333323     2288.2325148996265      25
0.8583333333333323     2486.2671349426005      26
0.8541666666666656     2473.058610811794      26
0.8458333333333324     2114.726930915468      24
0.8291666666666658     1920.8911816757643      23
0.8416666666666658     2448.8418923270647      26
0.8374999999999991     2096.7441000211697      24
