0.4077777777777777     31213.88433261154      73
0.44666666666666666     32835.158971854646      73
0.47555555555555545     33827.76120057575      74
0.4655555555555555     33964.686072574426      75
0.461111111111111     32876.63857398947      73
0.4422222222222222     31724.305354527653      71
0.44333333333333325     32660.909268573094      72
0.4322222222222221     31974.09138430039      73
0.41777777777777775     32208.92256992713      72
0.4566666666666668     33197.37828601428      75
0.4577777777777778     35128.1727814694      75
0.4422222222222221     32951.518748398106      73
0.4200000000000001     32537.092638924027      72
0.4133333333333333     33313.187159888206      73
0.44333333333333325     34993.85350115357      75
0.47555555555555556     35510.70500187461      75
0.39666666666666667     31328.493174810093      71
0.43666666666666654     33170.92769499478      75
0.441111111111111     33805.49219522513      74
