0.5800000000000002     38945.38705560515      90
0.5377777777777778     27995.351504282236      77
0.5044444444444444     25984.973005974854      74
0.5177777777777779     30923.880460404034      81
0.5377777777777778     30976.168461147663      81
0.5477777777777777     33035.30873007858      83
0.5133333333333334     27627.252627474652      75
0.4299999999999998     21329.889744391316      67
0.4955555555555555     24762.806392432733      72
0.558888888888889     33611.64686578641      84
0.498888888888889     30312.592164166337      80
0.4422222222222223     27383.45818249877      76
0.5277777777777779     30977.60139292426      81
0.5011111111111112     34759.61904484506      86
0.4844444444444444     29303.84782854789      78
0.45999999999999996     27569.152993335356      76
0.4466666666666666     30591.65353436236      81
0.47666666666666674     31930.193916126296      81
