0.5255555555555556     28978.649610699955      78
0.5766666666666668     32077.31022706387      82
0.5177777777777778     29036.215680542482      79
0.5133333333333333     26405.646234198215      74
0.4444444444444443     27168.299004079185      75
0.5344444444444443     30244.295946796712      79
0.5244444444444446     30883.13517072932      80
0.5144444444444445     30862.628667500878      80
0.45999999999999996     28585.62881578501      78
0.5244444444444444     30741.791884029295      81
0.5722222222222223     35855.62795834244      87
0.5511111111111111     34607.86978769284      86
0.5033333333333333     29421.45878366674      78
