0.1744444444444443     21731.192674638787      69
0.2144444444444443     22633.670542999447      71
0.2233333333333332     28674.577160927292      80
0.21999999999999983     25915.41352135163      76
0.1377777777777776     19215.936037897714      66
0.20777777777777762     25921.128376294793      76
0.19333333333333316     23022.47441616068      72
0.20666666666666653     28154.51791557755      79
0.20444444444444437     24109.93858418602      73
0.18666666666666645     21833.386163141968      70
0.20444444444444426     26688.163805354056      77
