0.17222222222222214     20015.57409350431      67
0.19333333333333313     23758.253261259368      73
0.1599999999999999     20639.554131497334      68
0.20777777777777767     24045.590538394532      73
0.1911111111111109     22584.573021988872      71
0.2099999999999999     25442.68478841348      75
0.19555555555555537     24104.208777589512      74
0.16555555555555537     25502.45900624501      75
0.1588888888888887     21674.916208261904      70
0.16333333333333325     26599.985568351916      77
0.12444444444444429     23398.090439491596      71
