0.7599999999999999     4972.276639250184      26
0.8144444444444443     7330.9252945507205      31
0.8166666666666665     8840.689273271966      35
0.7377777777777774     4855.745431128829      26
0.7455555555555554     4871.366081460078      26
0.7755555555555554     5455.548895463821      27
0.8122222222222222     7241.182241183603      31
0.7866666666666664     5933.042605463135      28
0.7999999999999998     6397.579160085312      29
0.7611111111111108     5353.02035832946      27
0.7299999999999998     4873.941210396691      26
0.8044444444444444     7171.9742066177705      31
0.7299999999999998     5111.125956280454      27
0.7277777777777777     4827.670356446242      26
0.7866666666666664     5944.29236811807      28
0.8155555555555555     8344.73662922743      34
0.8122222222222222     7291.010835629586      31
0.723333333333333     5166.0504127183885      27
0.7444444444444442     5210.10619349124      27
0.7955555555555553     6542.272086252842      30
0.7677777777777777     5456.253535575281      27
0.7999999999999998     6699.029435380792      30
0.7755555555555554     5741.19507332549      28
0.7744444444444442     5456.867021534014      27
0.8144444444444444     9173.699413924676      36
0.8144444444444443     7629.500679733715      32
0.7599999999999999     5254.7904173590305      27
0.8022222222222222     6757.878034969765      30
0.7866666666666664     6210.470860514709      29
0.8144444444444443     8054.521694735909      33
0.8122222222222222     7582.106760140582      32
0.7755555555555554     5774.731686503341      28
0.7911111111111111     6674.59619196635      30
0.7955555555555555     6856.269105796505      31
0.7888888888888886     6592.709828670221      30
0.79     6847.431034801166      31
0.791111111111111     6881.001691961723      31
0.8044444444444444     7471.5482842058345      32
0.81     7648.682081350451      32
0.788888888888889     6859.6425871750025      31
0.7755555555555554     6045.631046787341      29
0.7755555555555554     6358.9721982146575      30
