0.7833333333333331     5507.7515949919725      26
0.7699999999999998     5563.881322455002      27
0.8133333333333334     8153.576808517324      33
0.7866666666666665     5674.081422693921      27
0.821111111111111     8277.625314026674      33
0.7655555555555553     5064.773613482719      25
0.8022222222222221     7251.155338603301      31
0.8066666666666665     7294.970375524029      31
0.7488888888888886     4995.106223540983      25
0.7866666666666665     5694.495938207336      27
0.7099999999999995     4131.8080766910625      23
0.724444444444444     4799.331234726338      25
0.762222222222222     5109.162430867257      26
0.7311111111111109     5004.017994471897      25
0.7955555555555555     5846.734117637414      27
0.7955555555555556     6631.230906273008      29
0.7599999999999998     5163.720575631929      25
0.8111111111111112     7590.857485132058      31
0.8133333333333334     8479.813921707138      34
0.7688888888888886     5209.1832806632965      26
0.7677777777777777     5479.751336833686      27
0.742222222222222     5193.667788600408      26
0.7933333333333332     6164.372196553042      28
0.7422222222222221     5263.910982575641      26
0.7333333333333331     5109.824484672509      26
0.7777777777777777     5732.198150698255      27
0.791111111111111     6365.012106722027      29
0.7611111111111108     5330.470302571431      26
0.7755555555555553     5606.73610842561      27
0.8022222222222221     7254.276698200802      31
0.7866666666666665     5957.8455420425935      28
0.7755555555555554     6051.057890290591      28
0.7955555555555553     6466.984549623927      29
0.8066666666666665     7636.68227289487      32
0.7833333333333331     6339.158149998853      29
