0.7766666666666667     5077.145079486782      25
0.7811111111111112     5643.700457624538      27
0.8044444444444444     6989.191747784113      30
0.8000000000000002     7112.206505087636      31
0.7766666666666666     5014.182125666257      25
0.7933333333333332     6527.642920754392      29
0.78     5410.758975679863      26
0.7611111111111111     4870.41780702329      25
0.7355555555555555     4798.821054363021      24
0.7266666666666662     4798.658127454499      25
0.797777777777778     6659.365729438558      30
0.7766666666666667     5091.241325064943      25
0.7811111111111112     5654.370046206095      27
0.7544444444444444     4820.834217274452      25
0.7922222222222224     5965.537392478098      28
0.7822222222222223     5951.0625797031835      28
0.7611111111111111     4885.25203619516      25
0.7922222222222224     6302.361590108152      29
0.7677777777777777     4892.489236358173      25
0.7355555555555554     4923.332555987322      25
0.7488888888888889     4970.1964139222355      25
0.7066666666666666     4684.079099877926      25
0.761111111111111     5109.749581365591      25
0.7866666666666667     6035.139698039052      28
0.7866666666666667     6091.307136181471      28
0.7911111111111111     6152.455617324102      28
0.7811111111111112     5658.3392965407      27
0.7177777777777774     4912.7092321717555      26
0.7644444444444444     5106.006431173318      26
0.7811111111111112     5922.309194919559      28
0.7922222222222222     6379.489664482817      29
0.7588888888888887     5081.289697567323      26
0.7588888888888887     5280.807091750208      26
0.77     5307.635316129954      26
0.7766666666666667     5317.8175767502025      26
0.7766666666666667     5321.250669581891      26
0.7766666666666667     5567.941202826831      27
0.7766666666666667     5572.944388597155      27
0.778888888888889     6223.648288940541      29
0.7766666666666667     5862.267070448148      28
0.7766666666666667     5876.655816771581      28
