0.8166666666666659     872.9876815791825      15
0.7958333333333326     647.7648328694343      13
0.7999999999999993     761.124338573345      14
0.8374999999999991     1226.7657810818234      18
0.8416666666666658     1257.1713996891617      18
0.779166666666666     561.6927920158249      12
0.7541666666666661     458.3009597719948      11
0.8124999999999992     849.9318351669268      15
0.8249999999999991     907.1984091774572      15
0.8333333333333325     1091.546616840865      17
0.8083333333333325     771.2468253366552      14
0.8291666666666658     984.8597614698868      16
0.8124999999999992     883.4748761974408      15
0.8166666666666658     891.4822962552416      15
0.7499999999999994     533.1482379995825      12
0.8249999999999992     999.9149619225491      16
0.7458333333333328     439.02513274118974      11
0.8333333333333325     1247.7356673584786      18
0.7708333333333327     533.2945228197235      12
0.8249999999999991     978.0242607776814      16
0.7833333333333327     617.8927756099813      13
0.8208333333333324     991.986125003399      16
0.8124999999999991     776.7430378412291      14
0.7958333333333325     665.1055037411046      13
0.7749999999999994     552.5079995509161      12
0.7999999999999992     686.8118470535486      13
0.8249999999999992     1108.8301668474435      17
0.8458333333333324     1363.887768672968      19
