0.8499999999999991     1384.0927035769369      19
0.8333333333333325     1247.3454791357005      18
0.8416666666666658     1280.661400286395      18
0.8083333333333326     976.7644306523162      16
0.8208333333333325     1000.9238202548762      16
0.8541666666666657     1397.606902365409      19
0.8208333333333325     1122.0457942964824      17
0.791666666666666     914.8570966254072      15
0.8291666666666658     1228.5118306553932      18
0.8333333333333325     1252.9108768595593      18
0.7999999999999992     959.7597638030293      16
0.8583333333333324     2039.1691689248223      23
0.7291666666666661     974.8016638328629      16
0.8416666666666658     1414.9413636432148      19
0.8499999999999991     1456.9296672019968      19
0.8541666666666657     1684.2331177959406      21
0.8083333333333326     982.1738030312166      16
0.8416666666666658     1430.9471331233658      19
0.8291666666666657     1139.3238582893168      17
0.8333333333333324     1279.8793158187925      18
0.8499999999999991     1602.6200200451997      20
0.8416666666666658     1541.9955436840453      20
0.8124999999999992     1229.894742126367      18
0.8208333333333324     1256.4962041721249      18
0.849999999999999     1557.4721161183452      20
0.8416666666666657     1281.8584795810175      18
0.8333333333333324     1404.5664234811682      19
0.791666666666666     1138.8596684646793      17
0.7874999999999993     1145.6740071559464      17
0.8499999999999991     1615.140930148423      20
