0.7749999999999994     707.0322855432645      14
0.7958333333333326     866.0731484028377      15
0.7791666666666661     808.771490539112      15
0.7791666666666661     828.4914789921186      15
0.708333333333333     426.43418283155      11
0.7958333333333327     917.8906687227052      16
0.8208333333333325     1055.2625601056245      17
0.8458333333333324     1495.2977308490022      20
0.8333333333333325     1534.6587269465413      20
0.779166666666666     841.3727211750034      15
0.8249999999999992     1243.67492686497      18
0.7708333333333328     705.0924240124984      14
0.7958333333333327     931.444658906317      16
0.7416666666666663     532.0207636665111      12
0.7416666666666663     622.4867691122591      13
0.779166666666666     868.3452909673607      15
0.7833333333333327     926.5555168801787      16
0.7374999999999995     647.9992629560187      13
0.8208333333333325     1095.7862736297063      17
0.7291666666666663     594.5697877080071      13
0.7708333333333328     713.1213711264853      14
0.7874999999999993     956.5275230104713      16
0.791666666666666     964.2063062470381      16
0.7291666666666663     597.2249424756011      13
0.733333333333333     602.7690025311248      13
0.7249999999999996     514.7239786221915      12
0.7374999999999996     690.935492596767      14
0.8124999999999992     1079.9685679149377      17
0.8083333333333326     1096.1945108406203      17
0.7708333333333328     797.4963953938936      15
0.7999999999999993     1221.4503636739116      18
0.8041666666666659     1268.214544709044      18
0.7874999999999993     957.4531234707489      16
0.7708333333333327     817.4498466579095      15
0.7708333333333327     946.7882641102253      16
0.7583333333333327     713.666010465323      14
0.766666666666666     963.9911049294392      16
0.7624999999999995     799.4067629244048      15
0.7583333333333327     869.9695836493256      15
