0.7833333333333327     711.8791541494631      14
0.8416666666666658     1353.677638005771      19
0.7541666666666661     591.2313697971191      13
0.7624999999999994     603.8115412100252      13
0.7958333333333326     739.2936244111652      14
0.7541666666666661     599.6828502320894      13
0.791666666666666     814.0308475655041      15
0.7249999999999994     504.83622759845554      12
0.7874999999999993     820.8847453575279      15
0.7041666666666663     341.0560502540947      10
0.7874999999999993     821.7994328993202      15
0.7833333333333327     808.0969393328553      15
0.7833333333333327     809.1237429439898      15
0.7416666666666661     505.6088400734748      12
0.7458333333333327     515.9621520046668      12
0.7749999999999994     607.9180209350137      13
0.7291666666666662     515.0529761078836      12
0.7749999999999994     698.8077602849373      14
0.7874999999999993     823.707221982482      15
0.8166666666666659     840.2805316247054      15
0.766666666666666     608.8133237812798      13
0.7749999999999994     706.9071009209861      14
0.7124999999999995     415.0639010480563      11
0.8166666666666659     961.4545131946898      16
0.7208333333333329     504.73526853586065      12
0.7833333333333327     819.7213180424799      15
0.7416666666666661     590.3562131422644      13
0.7541666666666661     717.8210925022977      14
0.8083333333333326     825.9375360160823      15
0.7166666666666661     709.6466065293578      14
