0.886666666666667     15336.228213349139      41
0.876666666666667     12986.326629267809      37
0.8688888888888892     12038.012287733574      35
0.8777777777777782     13500.591279737833      38
0.8822222222222226     14411.5046818422      39
0.8855555555555559     14645.837507069906      40
0.8666666666666669     12112.476478113469      38
0.8933333333333336     15716.18718621278      42
0.8411111111111113     10331.2305687036      35
0.8666666666666669     12393.411400055526      37
0.8411111111111114     10532.823490724997      33
0.8833333333333339     15332.275966385569      41
0.8833333333333336     15127.752967481028      41
0.876666666666667     13001.632506852644      37
0.8622222222222227     11781.187926029323      35
0.8888888888888893     16181.379437273288      42
0.8733333333333336     12918.377059109662      37
0.886666666666667     15766.806248889221      42
0.8822222222222224     13649.743261031063      38
0.8566666666666669     10860.634157214108      35
0.8733333333333335     13011.106821209689      37
0.8655555555555557     12190.441568515487      36
0.8577777777777782     11309.507252173406      34
0.8633333333333337     11785.65459912625      35
0.8311111111111109     10366.047642063319      35
0.876666666666667     14221.197306766006      40
0.8800000000000004     14484.170956540793      40
0.8744444444444448     13253.970846035761      38
0.838888888888889     10712.243746141281      36
0.824444444444444     10707.18413291786      34
0.8700000000000003     13118.034155384164      37
0.8855555555555559     18089.917484619786      45
0.8566666666666669     10924.583356397274      35
0.8644444444444447     12193.520941684803      36
0.8800000000000002     14977.854739589955      40
0.8344444444444445     10883.937269893568      35
0.8633333333333336     12252.426160127718      38
0.8822222222222225     15169.219810572762      40
0.8688888888888892     12446.407552793344      36
0.8744444444444447     13150.70393994067      37
0.8755555555555558     13845.723433125851      38
