0.8988888888888892     17185.855329257316      44
0.8444444444444444     10447.089910509669      35
0.8800000000000001     12022.58290044385      36
0.8766666666666668     12259.666816022489      37
0.8455555555555554     11374.684274232088      37
0.9000000000000002     18737.90392822763      46
0.8833333333333336     12369.46341526931      38
0.8944444444444448     14470.235255472791      38
0.877777777777778     12273.89464277379      37
0.8611111111111109     12625.517919242568      38
0.8888888888888892     14667.235566395675      41
0.8733333333333336     13024.537916788828      39
0.8833333333333336     14353.464657581151      40
0.8566666666666666     13135.67544321615      39
0.8933333333333336     15535.272880877537      42
0.8822222222222225     13581.370152199243      39
0.8755555555555559     13271.160886643256      39
0.8966666666666671     15670.459182652043      41
0.8522222222222224     13396.028704685816      39
0.8988888888888892     17652.327746487346      45
0.8655555555555556     14120.917679367838      39
0.8988888888888892     17792.90291780539      45
0.8955555555555559     16239.682514359052      42
0.8700000000000002     13635.022950576145      40
0.886666666666667     14672.427411409148      41
0.8800000000000001     14884.212220879186      40
0.8911111111111114     15000.660030351177      40
0.8788888888888892     13809.717386586846      40
0.8822222222222225     14470.447401733218      41
0.8844444444444448     14846.979428808869      41
0.8911111111111114     15407.844182157569      41
0.8944444444444448     15782.951585391018      41
0.8944444444444448     16595.34618157881      43
0.8833333333333335     14788.391999841217      42
0.8822222222222225     14928.187157054232      42
0.8788888888888892     14218.516591110558      41
0.8866666666666668     15508.343717462601      43
0.8911111111111114     15867.647805261313      42
0.8844444444444448     15292.423688686371      42
0.8955555555555559     16627.758752596084      42
