0.4666666666666668     29658.95387911408      71
0.4799999999999999     37445.69586120516      79
0.3966666666666665     21578.9023896573      61
0.4699999999999999     36332.55652105161      76
0.4788888888888888     35885.6665380109      78
0.43444444444444447     35240.45163005607      75
0.44111111111111123     35123.08484899876      77
0.4266666666666666     34968.00913037424      77
0.4055555555555555     29074.117349476106      70
0.4088888888888889     32196.256764337402      71
0.5066666666666667     40564.35904403535      81
0.45555555555555544     37373.25355272075      78
0.4366666666666667     40006.533547003484      80
0.42333333333333323     31105.209483071023      72
0.4044444444444444     33885.91357637709      75
0.4355555555555556     35818.745660239765      76
0.32222222222222213     28410.890433849352      67
0.38111111111111096     29664.707533676657      69
0.3822222222222222     32641.021268841803      72
0.47888888888888875     41482.26096936188      82
0.35666666666666663     28752.755822806394      69
0.4199999999999999     34785.62810922458      76
0.44777777777777766     39362.777469758556      81
0.3088888888888889     27470.369297362467      68
0.38555555555555543     35431.89702976639      77
0.40777777777777774     38348.40247161498      80
