0.43777777777777777     30986.984323648594      72
0.33333333333333326     26396.898036847157      66
0.5033333333333334     36853.30064983061      77
0.3555555555555554     29030.631354311008      70
0.3922222222222222     31783.71027820322      73
0.45999999999999996     32246.9889613543      74
0.40999999999999986     32367.149176583163      74
0.3677777777777776     31754.227016801542      71
0.4322222222222221     39523.45046531376      79
0.37333333333333324     30249.864897456733      72
0.43     34318.0283766469      74
0.322222222222222     28143.0543020127      67
0.39222222222222214     30928.6109907328      72
0.3366666666666665     31629.44617094946      71
0.40111111111111103     36642.73190420257      76
0.35333333333333333     34282.1627432992      73
0.41999999999999993     36736.73967244295      78
