0.8422222222222221     20048.292773878355      54
0.8299999999999996     16642.828097353482      50
0.8422222222222221     20594.69389376975      55
0.8344444444444442     17616.535551193483      51
0.8388888888888887     18307.01911161666      52
0.8411111111111109     19012.724232558587      53
0.8433333333333333     21065.55176808889      55
0.8399999999999997     19337.182711425477      53
0.8388888888888887     18340.114793392244      52
0.8366666666666664     17643.962251131135      51
0.8377777777777776     19218.16623719432      53
0.832222222222222     17293.5185942544      51
0.8344444444444442     17988.65679266287      52
0.832222222222222     17837.96716400537      52
0.8411111111111109     19577.551741863124      54
0.832222222222222     18328.392027540416      52
