0.831111111111111     19677.295578532543      54
0.8177777777777777     18220.44998578221      54
0.8166666666666665     17016.228452528052      52
0.8344444444444443     20314.02847433042      55
0.8122222222222221     17206.74166567431      52
0.8344444444444443     20970.488585351417      56
0.8333333333333333     21044.710998178907      56
0.8166666666666665     17580.189271808074      53
0.8166666666666665     18215.14762139929      54
0.8344444444444443     21137.648092336276      56
0.8333333333333333     21082.43671955985      56
0.8322222222222221     19694.84261751795      54
0.8177777777777777     18264.899222372616      54
0.8155555555555555     18932.074429852786      55
