0.6044444444444442     24249.2771144426      75
0.5877777777777777     24205.26178732422      75
0.5922222222222222     24454.519756109003      75
0.6488888888888885     25687.35501769708      75
0.5955555555555554     24618.113029292726      75
0.6444444444444443     25764.397623204844      75
0.6477777777777778     25838.1056591031      75
0.6366666666666665     24791.980620713875      75
0.582222222222222     23484.604451926225      73
0.57     24296.8600343173      74
0.6377777777777773     25754.069949723515      75
0.5799999999999997     24526.47572087042      75
0.5088888888888886     23477.147896418915      73
0.6299999999999998     24627.876201196454      75
0.5866666666666667     24872.75743982639      75
0.5533333333333336     24910.189267475318      75
0.6299999999999998     25852.336949011937      75
0.5955555555555554     25735.170750438978      75
0.7022222222222222     26020.48531104871      75
