0.11111111111111105     16200.332492870446      57
0.10777777777777774     14549.636753199225      54
0.08444444444444443     13458.40721971291      52
0.09666666666666664     13572.239721116603      52
0.09555555555555552     14600.688359209526      54
0.10777777777777774     15133.515176438159      55
0.10777777777777774     16869.528497533367      58
0.09666666666666664     15721.34701063864      56
0.08444444444444443     13856.49570754967      53
0.08444444444444443     14155.974239334448      53
0.06555555555555556     14200.10794465042      53
0.08444444444444443     15390.234875699161      55
