0.7958333333333326     2715.9970010792667      27
0.8041666666666658     2936.644069297951      28
0.8124999999999992     3170.176553340621      29
0.8041666666666659     2943.483221125526      28
0.7874999999999992     2547.662919699878      26
0.8083333333333326     3165.7776482713234      29
0.8041666666666658     2937.541028532671      28
0.7958333333333325     2762.4227063785843      27
0.8083333333333325     2988.8377340498987      28
0.7999999999999993     2767.2097498260305      27
0.8124999999999992     3171.0482845816073      29
0.8166666666666659     3402.771461860954      30
0.8083333333333326     3173.867859299621      29
0.8124999999999992     3372.7142279521427      30
0.8166666666666659     3427.4882888717225      30
0.8166666666666659     3454.5923178083126      30
