0.7958333333333326     2693.003679498514      27
0.7874999999999993     2476.102971035567      26
0.8041666666666659     3149.1067565167364      29
0.791666666666666     2678.4326363520486      27
0.7999999999999992     2698.937930544523      27
0.7958333333333326     2702.7307124012095      27
0.8041666666666658     2910.480856752503      28
0.7999999999999992     2889.7863868876816      28
0.8041666666666658     3127.8323653638918      29
0.7999999999999992     2920.828635604504      28
0.7999999999999992     2927.7003228800477      28
0.8041666666666658     3133.317304231557      29
0.8083333333333325     3153.7595957430167      29
0.8041666666666658     3166.316389320751      29
0.8166666666666659     3712.0581316999146      31
0.8083333333333325     3365.4098862997052      30
0.8124999999999992     3403.331827064503      30
0.8166666666666659     4709.47561398359      35
0.8166666666666659     4925.334752958038      36
0.8166666666666659     4972.25192933444      36
0.8208333333333325     5418.758161497888      37
0.8166666666666659     5241.0504344475185      37
0.8166666666666659     5380.494906680734      37
0.8208333333333325     6505.9484373276355      41
0.8208333333333325     8124.8759386565935      45
