0.8083333333333325     2937.9970194751227      27
0.8041666666666659     2869.18254310655      27
0.8041666666666659     2911.3866590723424      27
0.7999999999999993     2703.749161550978      26
0.8166666666666659     2970.4383550633625      28
0.8166666666666659     3049.3141637299186      28
0.8166666666666659     3161.2308047267006      28
0.8124999999999992     3073.9192198892483      28
0.8166666666666659     3321.7103056900046      29
0.8166666666666659     3527.349187575829      30
0.8208333333333325     3565.6750083085117      30
0.8208333333333325     4198.115296047389      33
0.8208333333333325     4616.347362705332      34
0.8208333333333325     4746.495237283594      35
0.8208333333333325     5182.206071845188      36
0.8208333333333325     6460.0224350864055      40
0.8208333333333325     8002.047223654444      45
