0.7999999999999993     2407.215378881513      25
0.7958333333333326     2373.0621938433114      25
0.8041666666666659     2581.2749191823814      26
0.8124999999999992     2786.173991028693      27
0.8083333333333326     2591.65288365338      26
0.8083333333333326     2602.5657765497426      26
0.8083333333333326     2612.218806598525      26
0.8041666666666659     2590.496196867821      26
0.8208333333333325     3043.249758273824      28
0.8166666666666659     2808.806575675268      27
0.8208333333333325     3075.627158344849      28
0.8208333333333325     3763.5275027217417      31
0.8208333333333325     4999.77110167349      35
0.8208333333333325     6713.498175993012      41
0.8208333333333325     7103.342328166401      42
0.8208333333333325     7799.27521896102      44
0.8208333333333325     7799.282101128563      44
0.8208333333333325     7800.697594078685      44
0.8208333333333325     7952.21648874878      45
0.8208333333333325     8005.2759781573395      45
0.8208333333333325     8066.283806068479      45
0.8208333333333325     8094.341244412737      45
