0.7124999999999995     5143.306223663691      37
0.7124999999999995     5895.389546749679      39
0.7083333333333329     5831.879976056974      39
0.7083333333333328     5204.98554208235      37
0.7083333333333328     6372.828451198408      41
0.7124999999999995     6708.429583692925      42
0.7124999999999995     7338.340620460099      44
0.7124999999999995     7349.882260442964      44
0.7124999999999995     7439.989530194998      44
0.7124999999999995     7652.201227103273      45
0.7124999999999995     7690.320077972567      45
0.7124999999999995     8094.037788284482      46
0.7124999999999995     8098.4477178109955      46
0.7124999999999995     8105.6874746047415      46
0.7124999999999995     8112.259489346226      46
