0.8544444444444448     17543.812600761463      50
0.8633333333333336     20424.93155223876      53
0.8633333333333336     21121.5886164886      54
0.8633333333333336     21128.62237698052      54
0.8577777777777781     18174.88100243179      50
0.856666666666667     18122.314410271014      51
0.856666666666667     18261.039655749508      51
0.8622222222222226     18983.73387420382      51
0.8633333333333336     21189.301045109936      54
0.8611111111111114     18261.468584708262      50
0.8622222222222226     19678.073005713723      52
0.8622222222222226     21740.870993067314      55
