0.7533333333333331     6646.117556258509      28
0.744444444444444     6746.882868755334      29
0.784444444444444     9715.29434539089      35
0.7833333333333327     9656.905885306207      35
0.7899999999999999     10146.705462836579      36
0.7822222222222217     8264.529844808721      31
0.7866666666666661     10079.871234143204      36
0.7399999999999998     6740.116575878538      29
0.7355555555555551     6138.6949862333895      27
0.7044444444444442     5800.220914124956      27
0.7911111111111108     10584.922766982929      36
0.7366666666666665     6778.1706667360995      29
0.7188888888888884     6153.630725714186      27
0.7666666666666663     7813.859407222017      31
0.7655555555555551     7122.172419385114      29
0.7322222222222221     6722.295683103059      29
0.7811111111111105     8805.560206014632      33
0.7033333333333329     6071.330116027008      28
0.7022222222222217     5880.981775837602      27
0.7677777777777772     7883.458543460068      31
0.761111111111111     7224.67549273315      29
0.784444444444444     10187.195558160976      36
0.7799999999999997     8599.129871873522      32
0.7177777777777778     6173.977435504574      27
0.7655555555555551     7410.130295357731      30
0.7199999999999998     6702.948320139485      29
0.7333333333333328     6815.311434937579      29
0.7655555555555551     7415.117251629647      30
0.7888888888888884     10592.895313089657      37
0.7022222222222219     6545.497805080085      29
0.7777777777777772     8022.819200944308      31
0.7777777777777772     8438.179779097269      32
0.7533333333333331     6945.980645010863      29
0.7566666666666662     7264.27254911227      30
0.7688888888888885     7920.629280837386      31
0.7799999999999997     8995.79393492572      33
0.7555555555555552     7283.335157636839      30
