0.11999999999999988     9930.410014850888      47
0.11222222222222213     9969.09235046283      47
0.11222222222222211     9728.75555082405      47
0.11444444444444433     10262.795699345434      48
0.10999999999999989     10361.961513799626      48
0.1133333333333332     11625.285552824602      51
0.10999999999999989     10435.356760798959      48
0.1288888888888888     11813.766117093059      51
0.11222222222222211     10647.126305735044      49
0.10999999999999988     11169.931332465469      50
