0.9788888888888894     18783.157482297185      50
0.9811111111111116     19513.345465185976      51
0.9800000000000004     19420.919322665788      51
0.9855555555555561     19516.471888238302      51
0.9877777777777783     20323.564738939815      52
0.9888888888888894     20990.164632858392      53
0.9866666666666672     20266.176753966276      52
0.9900000000000005     21766.68796005305      54
0.9888888888888895     21083.97853342828      53
0.9866666666666671     20172.978258020605      52
0.9866666666666671     20226.586558106857      52
