0.392222222222222     8684.61611803008      44
0.5077777777777778     10029.409631969304      47
0.39666666666666645     9044.619137958745      45
0.5077777777777778     10419.91429355856      48
0.4855555555555554     9564.424000576153      46
0.48444444444444423     9899.024972545456      47
0.5055555555555554     10886.085465991831      49
0.4122222222222218     9156.313869039273      45
0.4033333333333331     9824.51943503669      47
0.37999999999999967     9711.287452977329      47
0.4544444444444442     9877.27943170396      47
0.4855555555555554     9969.153877410841      47
