0.9177777777777781     11741.900845693572      39
0.9144444444444444     11775.132509297178      39
0.9177777777777778     12180.612559708712      40
0.9188888888888891     13005.194837580451      38
0.9144444444444446     12461.143277434569      39
0.895555555555556     11700.051163922677      38
0.8788888888888888     8911.363724852954      33
0.8966666666666667     9792.126473530469      35
0.8822222222222226     9785.0106512838      36
0.8755555555555554     9768.508531895928      35
0.8799999999999997     9675.502745485768      35
0.8766666666666668     9922.339990953249      36
0.928888888888889     12110.094839617657      39
0.9188888888888891     12561.254202529315      37
0.8722222222222221     8714.581716807783      33
0.8544444444444445     8224.875351411578      33
0.8888888888888893     9595.249791102367      35
0.8577777777777776     8405.304605568572      33
0.873333333333333     9260.38450982174      35
0.8588888888888886     8511.66127719896      33
0.9022222222222221     10821.227804741851      37
0.9000000000000002     10373.774067600785      36
0.8677777777777776     9060.208916145448      34
0.9044444444444446     11673.41808195041      38
0.8633333333333333     9000.758200270875      34
0.905555555555556     11677.109450541344      39
0.8444444444444444     9033.616292651075      34
0.8933333333333336     9951.1451479265      36
0.9055555555555557     9634.808447474903      34
0.9177777777777784     11919.409562900277      40
0.8444444444444443     7906.643254271534      32
0.9155555555555557     12346.530291043115      40
0.8877777777777779     9516.626917424346      35
0.8544444444444443     8126.416274203608      32
0.8866666666666666     10913.63910262564      38
0.8844444444444446     8760.471931655986      33
0.8577777777777778     10560.709860386634      37
0.9188888888888889     13202.389487164994      38
0.8700000000000001     9385.79992283179      35
0.906666666666667     10257.377201976302      36
0.8199999999999998     7532.332627255352      32
0.9322222222222227     12305.634281283323      39
0.9200000000000004     12871.597300560641      41
0.9277777777777781     13083.065689033876      41
0.9222222222222224     11940.25911359372      39
0.9133333333333333     10995.306388592775      37
0.9166666666666667     11188.434622631901      38
0.8388888888888885     8925.819876482876      34
0.8199999999999996     7540.513560093842      32
0.827777777777778     9800.326334395844      36
