0.9055555555555559     10556.422085493225      37
0.9300000000000002     12673.997013497248      40
0.9077777777777778     11064.1309608961      37
0.9033333333333337     10990.065247733646      38
0.8733333333333334     8871.53919890346      33
0.9111111111111112     11637.733203625165      39
0.9288888888888892     11804.007703814264      39
0.8366666666666668     7876.179461494489      32
0.9177777777777781     12273.813063359052      39
0.9022222222222226     10633.954563976975      35
0.877777777777778     8912.196715334809      34
0.9099999999999999     11066.439437408148      38
0.7988888888888882     7824.156639064838      31
0.9344444444444445     12861.192297888      41
0.9322222222222225     12749.84667381438      40
0.9188888888888892     12296.600686374873      38
0.9277777777777779     13425.852892645538      41
0.7988888888888881     8145.9135212498      33
0.9200000000000003     12524.241936998425      40
0.7611111111111106     6974.892246017476      31
0.7933333333333331     7602.23030216864      32
0.9288888888888889     14604.880979419891      44
0.8822222222222224     8968.810630544716      33
0.9033333333333333     11691.831004748772      39
0.8788888888888889     9277.053320631418      33
0.9022222222222224     11000.74411038667      37
0.9111111111111113     11623.194645959828      40
0.7655555555555554     7260.716077419449      30
0.9288888888888889     16271.722220678179      47
0.8699999999999998     8182.393793131231      32
0.9111111111111114     12741.074590474285      41
0.8199999999999998     8239.43964476066      32
0.8288888888888889     8455.167971869356      34
0.9100000000000001     11705.649493860978      39
0.8955555555555559     9257.233688563696      34
0.842222222222222     8810.10111324257      35
0.917777777777778     14403.924334598174      40
0.8866666666666666     10056.526599894758      36
0.9277777777777783     13457.623538750686      41
0.8877777777777779     12361.07345145051      40
0.8311111111111109     8707.412284945742      34
0.9233333333333338     13277.206502903773      41
0.8677777777777782     10381.401762347004      36
0.8811111111111113     11815.642276891824      40
0.8999999999999999     14348.307338232253      41
