0.92     11541.33941038625      37
0.9277777777777779     12328.46319518532      38
0.9266666666666671     11886.273932861757      37
0.891111111111111     9165.54385684086      34
0.9200000000000003     11857.87676772055      37
0.8922222222222224     9719.086908554655      34
0.9244444444444446     12318.655195296738      39
0.8588888888888891     8646.98724156047      34
0.8755555555555559     8940.920522359253      34
0.9088888888888892     10407.61658590603      35
0.8733333333333334     8786.62755541175      34
0.9055555555555557     10779.389722166456      35
0.9366666666666671     14236.93451116588      42
0.871111111111111     9762.945408215408      36
0.9244444444444447     12418.325201441665      39
0.9200000000000002     11835.492213912694      38
0.9199999999999999     12183.884670918187      40
0.9255555555555557     13039.534922738587      36
0.8933333333333334     9827.635090043885      36
0.9455555555555559     17091.131232416017      44
0.934444444444445     12563.162868021318      38
0.8966666666666671     10344.533442259368      35
0.9211111111111112     14020.807791682671      38
0.8722222222222223     9956.38869255143      36
0.9266666666666671     13134.784790702712      40
0.9055555555555558     10513.838462486678      37
0.8955555555555559     10269.829362999664      35
0.8588888888888889     8752.488278317802      34
0.9200000000000004     13001.59270134339      41
0.9033333333333333     10424.389687985773      35
0.8944444444444446     10424.016395135353      37
0.9344444444444446     13285.52971778993      42
0.9377777777777783     15919.408825608793      45
0.8911111111111113     10297.853000969784      37
0.9088888888888889     10682.320704907928      37
0.9177777777777781     10957.215496494096      35
0.907777777777778     12134.245799315451      40
0.8688888888888889     9674.146988270719      36
0.8588888888888889     10098.36452334096      38
0.8999999999999999     11275.019471520052      37
0.8577777777777778     7665.005182633937      31
0.8577777777777781     9675.86356469815      36
0.936666666666667     13351.811441126967      40
0.8833333333333335     10371.326095943743      35
0.8977777777777781     11098.085060857957      37
0.908888888888889     12350.017538811657      39
0.9388888888888892     425284.53114589833      44
0.9333333333333335     14772.042368111745      39
0.8444444444444443     8352.861030996906      33
