0.708333333333333     4475.239934180971      36
0.7124999999999997     4653.507460425994      37
0.7124999999999997     4912.3299592726235      38
0.7124999999999997     4937.65594306795      38
0.7124999999999997     5174.8481882510005      39
0.7124999999999997     5468.755720770181      40
0.7124999999999997     5545.274423521004      40
0.7124999999999997     5743.63158441897      41
0.7124999999999997     5762.365998785807      41
0.7124999999999997     5782.063932808168      41
0.7124999999999997     6043.871773160865      42
0.7124999999999997     6337.3246886828565      43
0.7124999999999997     6341.512946776634      43
0.7124999999999997     6408.393874693133      43
