0.7124999999999997     5482.123581587171      40
0.7124999999999997     5510.867846496766      40
0.7124999999999997     6039.897938674026      42
0.708333333333333     5739.043264138931      41
0.7124999999999997     6065.24192402633      42
0.7041666666666665     5781.114750734004      41
0.708333333333333     5829.385621808558      41
0.7124999999999997     6073.488489267586      42
0.7124999999999997     6621.268721581468      44
0.7124999999999997     6675.702370197671      44
0.7124999999999997     6952.256390737142      45
