0.708333333333333     3717.086244749501      33
0.7124999999999997     4203.665945652848      35
0.7124999999999997     4726.16036808895      37
0.7124999999999997     4729.020965651622      37
0.708333333333333     4459.820757802571      36
0.7124999999999997     4929.86755321648      38
0.7124999999999997     5254.198270333271      39
0.7124999999999997     5265.039413069158      39
0.7124999999999997     5553.132031673749      40
0.7124999999999997     5762.196532090078      41
0.7124999999999997     5763.529333645065      41
0.7124999999999997     5774.440519335229      41
0.7124999999999997     5809.111769328854      41
0.7124999999999997     5847.967920589677      41
0.7124999999999997     6336.311557188261      43
0.7124999999999997     6389.34029237972      43
0.7124999999999997     6654.980218643986      44
0.7124999999999997     6675.409466669305      44
0.7124999999999997     6729.027743811761      44
0.7124999999999997     6964.749337580604      45
0.7124999999999997     6990.476685195369      45
0.7124999999999997     6997.15580287538      45
0.7124999999999997     6997.607753746044      45
0.7124999999999997     6998.052565593938      45
0.7124999999999997     6998.446982197248      45
0.7124999999999997     6999.4086779165855      45
0.7124999999999997     6999.980171583841      45
0.7124999999999997     7000.180392800806      45
0.7124999999999997     7001.529607181063      45
