0.9711111111111116     17199.04227764691      48
0.9744444444444449     17945.72978323127      49
0.9788888888888893     19132.372905866323      50
0.9722222222222225     17289.64916726993      48
0.9733333333333337     17709.616199985758      48
0.9644444444444448     15965.440246262779      46
0.9733333333333338     17757.756428055847      48
0.9711111111111115     17107.919660046486      47
0.975555555555556     18369.808352455297      49
0.9744444444444448     17847.715044110886      48
0.976666666666667     18459.130377165584      49
0.9700000000000004     17335.08381400165      48
0.9766666666666671     18510.602188351444      49
0.9677777777777781     16689.35858250051      47
