0.9855555555555561     26370.752221675324      61
0.9822222222222226     24748.572194041546      60
0.9833333333333336     25232.531998279122      60
0.9788888888888891     24057.1087954949      59
0.9866666666666671     26653.01664677805      61
0.9822222222222226     25003.53968323195      60
0.9877777777777783     26947.795598761368      62
0.985555555555556     25705.49621966319      61
0.9877777777777783     27366.051566487644      62
0.9844444444444449     25668.210439850336      60
0.9888888888888895     28776.401592436745      63
