0.1755555555555554     22186.437032780865      68
0.15222222222222218     21376.281857075548      68
0.1822222222222221     26037.481099224817      73
0.1822222222222221     27934.647246857185      76
0.1744444444444444     25084.906345208077      72
0.17666666666666658     26572.206643912763      74
0.1655555555555555     27448.047580758113      75
0.16111111111111107     26447.722316705003      74
0.17666666666666656     27707.18872498688      75
0.2077777777777777     29821.785373052844      79
0.20666666666666655     27971.731804860898      76
0.1533333333333333     25590.737692982366      72
0.16444444444444434     28883.379662831296      77
0.14111111111111108     28296.743860358078      75
