0.20111111111111105     25519.321593592907      73
0.1544444444444444     20976.02761530674      66
0.21555555555555547     27427.510018539328      76
0.16888888888888878     21995.325403195904      68
0.20888888888888882     25632.51862746604      72
0.18666666666666656     24345.861824432774      71
0.19222222222222207     24942.582501384582      72
0.21111111111111105     28105.48637120013      76
0.2133333333333333     30099.114237965852      79
0.2055555555555555     28374.81147036565      76
0.17444444444444437     23705.87071332583      70
0.19999999999999993     29085.533383507387      78
