0.191111111111111     24135.884017565404      71
0.19333333333333322     25259.668434420684      73
0.21888888888888886     28083.228076585616      77
0.15999999999999992     21592.804856382587      66
0.18111111111111097     26465.330683393076      74
0.21111111111111105     26774.22699846451      75
0.19333333333333322     28924.604565857993      77
0.1899999999999999     30801.504977502595      79
0.1666666666666666     26150.679859016127      74
0.1888888888888888     26489.261228191364      74
0.16777777777777772     31230.90257070316      80
0.14444444444444438     22898.51612835553      69
0.16666666666666657     30671.231644459454      79
