0.816666666666666     2286.985697928461      25
0.816666666666666     2449.9678004871535      26
0.7958333333333327     2085.0311532358232      24
0.8124999999999992     2253.1936735221016      25
0.7999999999999993     2096.7198907812167      24
0.8208333333333326     2450.1638160514044      26
0.8208333333333326     2476.7940279903805      26
0.8208333333333326     2646.1650640322123      27
0.8249999999999993     2646.4477251566313      27
0.8208333333333326     2663.437182056098      27
0.8249999999999993     3139.1102482869337      29
0.8249999999999993     4839.934664570453      36
0.8249999999999993     5985.517668401017      40
0.8249999999999993     7113.245320964979      43
0.8249999999999993     7792.650698138578      45
0.8249999999999993     7794.062314485162      45
0.8249999999999993     7822.558000785484      45
