0.9244444444444447     26472.737235576584      59
0.9288888888888893     26848.45561590353      59
0.9266666666666671     27486.382307425083      60
0.9177777777777781     24794.364689612918      57
0.9088888888888892     23545.36962260076      56
0.9244444444444448     26510.39568063598      59
0.9288888888888892     27970.91064224301      61
0.925555555555556     27369.291309438457      60
0.9233333333333339     26076.37105097592      59
0.935555555555556     29637.60279903842      62
0.935555555555556     31901.926821640267      65
0.9200000000000005     26371.566025090422      59
0.9277777777777783     28193.958162653944      61
0.925555555555556     27966.735293632155      61
0.9244444444444448     28198.86129632363      61
0.9233333333333338     27292.35971946549      60
0.9211111111111115     27499.178939798647      61
0.9211111111111115     28036.914606771483      61
0.9322222222222227     28430.284157220452      61
0.9200000000000005     26828.624135869984      60
0.9300000000000005     28816.151060252207      62
