0.9266666666666672     25047.171125043384      58
0.9255555555555559     24418.698837476968      57
0.9211111111111115     24082.22044851969      57
0.9177777777777781     23349.117958296356      56
0.9233333333333338     24428.95417470141      57
0.9255555555555559     25072.08579101957      58
0.9188888888888893     24078.695074308685      57
0.9222222222222226     24105.94098974888      57
0.9300000000000004     25088.8580796443      58
0.9222222222222227     24174.73639836176      57
0.917777777777778     23370.039368235528      56
0.9211111111111114     24195.43246122377      57
0.9322222222222227     25356.755923530312      58
0.9277777777777783     26221.495273764016      59
0.9255555555555559     25257.275906987536      58
0.9266666666666672     27446.97224928232      61
0.9255555555555559     25647.362114089214      59
