0.8744444444444446     19622.5937181132      51
0.8966666666666667     22159.871416180846      54
0.8711111111111113     19959.978494904906      52
0.888888888888889     21120.526157871063      53
0.8966666666666667     23471.192343166993      56
0.8222222222222221     18292.226147592424      50
0.8922222222222222     21837.295209541404      54
0.8777777777777777     20369.056877221035      52
0.8533333333333334     19571.137537857892      52
0.8877777777777779     22851.562042349462      55
0.8977777777777779     23730.66800053072      56
0.8711111111111113     20569.692174122298      53
