0.9233333333333337     24999.263987846083      57
0.925555555555556     27093.872236998715      60
0.9100000000000001     21220.153452984465      54
0.9155555555555557     22557.62869833584      55
0.9211111111111115     25423.918827246336      58
0.9188888888888893     23515.300562044526      56
0.8922222222222222     17688.97010225288      49
0.8877777777777779     18768.446735161924      51
0.9111111111111115     21411.11010111677      53
0.9188888888888893     23691.269742979413      56
0.8966666666666668     19375.519040164356      52
0.9011111111111115     20810.48710200849      53
0.9088888888888891     22979.355297005837      56
0.8811111111111113     17831.53606733916      50
0.9055555555555557     21321.5728468433      54
0.8922222222222222     19409.24865646808      52
0.9088888888888891     24474.901373412      58
0.9022222222222224     21150.261822457393      54
0.9077777777777779     21882.26366537276      55
0.9011111111111111     20485.076544828582      53
0.9022222222222224     21625.308218330018      54
0.8944444444444445     20173.569800919275      53
