0.7122222222222225     5240.739107383681      33
0.716666666666667     5779.838600363749      35
0.7211111111111114     6435.7322559408885      37
0.7122222222222225     5496.188486709862      34
0.7022222222222224     5434.019531261957      34
0.716666666666667     5830.665350228699      35
0.7122222222222225     5501.017723924094      34
0.7122222222222225     5735.27031487838      35
0.7133333333333336     5857.244295550061      35
0.716666666666667     6050.470637626206      36
0.7111111111111114     5473.673781916285      34
0.7     5478.051551407644      34
0.7200000000000003     6160.062989109726      36
0.7200000000000003     6413.769177459476      37
0.716666666666667     6055.15444422449      36
0.716666666666667     6061.432613220827      36
0.7166666666666669     6594.304195338093      38
0.716666666666667     6936.62070524551      39
0.7122222222222225     5741.324628058818      35
0.716666666666667     7213.95516159569      40
0.7144444444444448     6937.5093275943145      39
0.7133333333333334     7067.352444927745      39
0.7122222222222225     6013.830023933931      36
0.7122222222222225     6289.625455691697      37
