0.7155555555555557     5349.200942021348      33
0.7122222222222225     5255.912189554347      33
0.7122222222222225     5576.192069338572      34
0.7055555555555559     5137.221845793359      33
0.7244444444444444     6295.284390317034      36
0.7100000000000003     5228.860308732313      33
0.7222222222222223     5909.382000026493      35
0.7144444444444445     5810.677111620275      35
0.7077777777777778     5390.220972851872      34
0.7055555555555559     5394.403795352053      34
0.7222222222222223     5946.334991078932      35
0.7011111111111114     5101.237215777998      33
0.7122222222222223     5480.1926116804225      34
0.7011111111111109     5019.025834804652      32
0.7155555555555557     6107.347353268363      36
0.7055555555555558     5183.081909121375      33
0.7055555555555559     5672.594353611812      35
0.711111111111111     6104.631745538286      36
0.7077777777777776     6058.80953066183      36
0.7011111111111114     5399.986663113912      34
0.7055555555555558     5455.448972849136      34
0.7011111111111114     5624.852870559506      35
0.7055555555555558     5956.279865260103      36
