0.3633333333333334     7968.129718294553      44
0.34777777777777763     7992.160827416278      44
0.3288888888888888     7989.5966071899165      44
0.33333333333333315     8051.882606990866      44
0.33222222222222203     8014.77024597334      44
0.2833333333333332     7634.972119612121      43
0.3977777777777778     8917.058768959503      46
0.3866666666666667     8797.952470407445      46
0.3588888888888887     9216.33875465764      47
0.34777777777777763     8420.355434854588      45
0.3522222222222221     8505.121068306998      45
