0.6666666666666664     8101.216910445924      41
0.6333333333333332     5787.634841951546      39
0.6499999999999997     6162.4524883732      40
0.6583333333333331     8449.40282133703      42
0.6499999999999998     7321.3537978467775      38
0.6708333333333331     8194.715520870799      46
0.6791666666666664     8439.72722978152      47
0.6333333333333332     8021.852157747077      45
0.6874999999999997     10126.223284958658      51
0.6291666666666665     4579.100347908653      34
0.6624999999999998     9238.005148959903      44
0.6583333333333331     8238.63949242013      46
0.6624999999999998     8363.26709418428      47
0.6333333333333331     7254.192886730444      37
0.6291666666666665     6348.829421227785      41
0.683333333333333     9634.280364457909      45
