0.6749999999999997     8840.702179829508      43
0.6749999999999997     9718.675815720839      46
0.6708333333333331     7002.006258277435      43
0.575     6263.2802887570015      40
0.658333333333333     7846.866008444727      45
0.6874999999999997     10197.609384036792      46
0.6749999999999997     10559.427950516598      48
0.6624999999999996     8024.835223857536      46
0.5958333333333333     6381.691317342582      41
0.6541666666666663     6447.947739132425      41
0.6249999999999999     7966.568547144754      45
0.6124999999999998     9321.893442116556      44
0.645833333333333     9666.068178725804      45
