0.6     6309.45548708167      41
0.6749999999999997     9245.491050573732      44
0.6874999999999997     9945.754563387207      46
0.6708333333333331     6575.147615280199      42
0.6708333333333331     6604.626605895154      42
0.6624999999999998     8126.866689216861      40
0.5958333333333333     7793.770641154346      40
0.6874999999999997     9016.04615442789      48
0.6291666666666665     6646.970857680633      42
0.6458333333333331     7297.983506731335      43
0.6166666666666666     6414.458404834643      41
0.6749999999999997     7906.329723612069      46
0.6541666666666665     7967.083827233277      40
0.6374999999999998     6946.479460277569      42
0.6666666666666664     7538.956550828715      44
0.6291666666666667     8138.153430372667      41
0.6166666666666666     7839.067528440211      45
