0.6416666666666665     6343.606209569328      41
0.6874999999999997     8030.897798946344      46
0.6124999999999999     8074.382179251665      40
0.6     7318.557487294765      37
0.6874999999999997     10463.886705182202      46
0.6791666666666664     8457.625106406622      47
0.6708333333333331     6380.986332357599      41
0.6708333333333331     10676.394768466298      48
0.6333333333333331     9219.928702130926      44
0.6     7062.242739796094      43
0.6499999999999998     7819.5431622814685      45
0.6208333333333331     8862.265182142297      48
0.5875     8233.056872573572      41
0.6166666666666666     10258.071049209604      47
0.658333333333333     10398.623907076233      47
