0.6874999999999997     8093.9219009091885      47
0.6541666666666665     5697.429085001485      38
0.6458333333333331     6167.914514807649      40
0.6791666666666664     8572.284861348911      47
0.6416666666666665     6103.110082191634      40
0.6624999999999998     6471.841425642513      41
0.6416666666666665     8032.023411362327      40
0.6874999999999997     10438.709179303263      47
0.6416666666666664     8845.33436053907      42
0.5416666666666669     6315.323007081843      40
0.6041666666666666     6781.999413489056      42
0.6874999999999997     11074.18089211103      49
0.6874999999999997     9424.568979870239      50
0.6416666666666665     7294.607129939986      44
0.6874999999999997     11174.259732228242      49
0.6749999999999997     7544.607018280225      44
0.6374999999999998     6932.800762758276      43
