0.8611111111111112     10280.640481180355      40
0.8222222222222222     7811.753664258937      35
0.8555555555555557     10105.953838799162      39
0.8577777777777781     10112.425044596244      40
0.8744444444444445     11020.034420601243      41
0.8077777777777778     7428.472325472916      35
0.8122222222222222     7498.708774787281      35
0.8166666666666668     7804.104757366051      35
0.8755555555555556     11785.21206851003      43
0.8566666666666669     10255.295038914519      39
0.8744444444444442     11782.866664147456      43
0.8877777777777779     12996.009884936602      46
0.8333333333333335     8009.328323871264      35
0.8655555555555555     10288.660491663244      40
0.89     13224.768438259545      45
0.8411111111111111     8299.173391949207      35
0.827777777777778     8222.834742887917      36
0.8855555555555555     14490.626498686373      48
0.8444444444444447     8368.839925837465      36
0.7999999999999998     7604.412433312516      35
0.8622222222222222     10616.097725612537      41
0.8444444444444447     8692.339050486748      37
0.8844444444444447     11995.896960675496      43
0.8822222222222222     14693.101511560952      47
0.858888888888889     11100.362663839529      42
0.8722222222222223     12774.423981676999      46
0.8566666666666669     10622.423854174443      40
0.8544444444444447     9353.692325549038      38
0.8444444444444448     9594.126306951155      39
0.8688888888888888     11151.186107147607      42
0.8522222222222222     13118.397620749874      46
0.8266666666666663     8166.487931787991      35
0.8666666666666668     13438.879675231154      47
0.8433333333333334     8417.066916459846      35
0.7888888888888886     7315.63185461088      34
0.8755555555555556     14548.740249049428      48
0.8500000000000002     10868.115221020047      42
0.83     8587.834022784558      37
0.7744444444444445     7412.576686877059      35
0.846666666666667     10367.881047387196      40
0.8611111111111114     14673.427273579033      49
0.8255555555555556     8190.947048215872      36
