0.8124999999999993     1750.8046128822332      22
0.7541666666666661     829.3259594721359      15
0.7166666666666663     706.0478841846997      14
0.8083333333333327     1689.1684139406293      21
0.7999999999999993     1299.9949957377012      19
0.779166666666666     980.5896952249899      16
0.816666666666666     1767.1410721944553      22
0.7958333333333327     1288.4636269953737      19
0.7124999999999997     598.7110682300752      13
0.7749999999999994     844.5232190560874      15
0.8124999999999992     1747.7163696785133      22
0.804166666666666     1421.7590138219157      20
0.6583333333333331     592.3860030105157      13
0.658333333333333     533.4808543748924      12
0.8124999999999993     1937.048823750352      23
0.8041666666666659     1335.150022258472      19
0.7333333333333328     707.5991728700006      14
0.7958333333333326     1172.091813882384      18
0.6499999999999998     513.3962061897794      12
0.7958333333333327     1443.0458580057416      20
0.6666666666666664     596.7807788157156      13
0.8124999999999993     2037.2910689631146      24
0.5708333333333333     432.1874554665368      11
0.6166666666666666     518.2821298062166      12
0.7416666666666663     831.0977056560654      15
0.7083333333333329     782.7722602802994      15
0.6874999999999997     797.0104433462614      15
0.8083333333333326     1467.3249775466275      20
0.8083333333333326     1598.4259200423173      21
0.6916666666666663     803.4680448411787      15
0.8083333333333326     1935.4145089375677      23
0.7833333333333327     1305.870097136803      19
0.8083333333333327     2035.9249302754401      23
0.6833333333333331     769.5438347347688      15
0.7583333333333327     845.371650939829      15
0.7874999999999994     1579.6050377478318      21
0.5625000000000001     439.241055190616      11
0.7791666666666661     1286.1787052567242      18
0.5583333333333333     583.0978794125019      13
0.8124999999999992     2330.5788047654123      25
0.7333333333333327     951.7284470632376      16
0.7208333333333329     821.4946663149314      15
0.7749999999999994     966.8717105635516      16
0.8124999999999992     2479.127596222624      26
0.7749999999999994     1437.3803451836338      19
0.5708333333333333     747.0024312983072      14
0.7208333333333329     836.0550734634155      15
0.7708333333333326     1364.256536069471      19
0.7333333333333328     1093.8239698241766      17
0.7166666666666662     1058.7309463138945      17
