0.7874999999999994     1116.2784474918133      17
0.7999999999999993     1366.824699080311      19
0.6624999999999996     544.2493772554517      12
0.6749999999999996     575.1460342549251      13
0.816666666666666     1895.8298676720551      23
0.7416666666666661     799.6372084302159      15
0.6999999999999996     611.7637003454062      13
0.6166666666666667     444.95969522605697      11
0.6874999999999997     631.3441312950796      13
0.779166666666666     1050.8039142168943      17
0.7374999999999994     690.6703442987395      14
0.7124999999999996     702.0117818813214      14
0.7041666666666663     698.7620696288975      14
0.804166666666666     1423.55542964809      20
0.7291666666666663     720.4206025373265      14
0.7208333333333328     793.2041571711752      15
0.8083333333333327     1888.8761437076116      23
0.5375000000000003     495.67508533717944      12
0.7833333333333328     1062.0479873392478      17
0.7499999999999994     802.6070430234678      15
0.6374999999999998     576.8073099762087      13
0.7624999999999993     892.8064522125469      16
0.7999999999999993     1426.1076211095856      20
0.7999999999999993     1555.910649831064      20
0.49166666666666703     367.2015085189872      10
0.7374999999999996     850.6945752992657      15
0.6333333333333332     586.7423793791385      13
0.7958333333333327     1506.5384766391664      20
0.7249999999999994     810.6443435703878      15
0.7958333333333326     1175.976780965478      18
0.6708333333333331     634.5527436889138      13
0.791666666666666     1546.255795595381      20
0.4125000000000001     481.2141180169172      12
0.7708333333333327     915.3561760588713      16
0.804166666666666     1570.825087609956      21
0.7291666666666661     1026.758454653151      17
0.779166666666666     1419.9859589949183      20
0.6999999999999996     644.120419924433      13
0.7416666666666661     1056.0152823116657      17
0.7166666666666662     1026.7454543031179      17
