0.8922222222222224     25373.869886390545      62
0.9033333333333335     28186.512878082773      65
0.8955555555555557     26046.348820951644      63
0.9033333333333337     28408.62534491013      65
0.9022222222222224     28194.100151403767      65
0.8988888888888892     27149.400624931      64
0.8955555555555558     26244.803355541953      63
0.9011111111111113     27842.090964295952      65
0.9000000000000002     27490.6606388515      64
0.8966666666666668     26603.657740154937      63
0.9000000000000001     27289.019101950696      64
0.9055555555555558     29114.19811150976      66
0.8988888888888891     26927.77316753855      64
