0.645833333333333     595.7301446732135      13
0.6     440.143001679432      11
0.6499999999999998     671.2438177489918      13
0.5833333333333334     365.3264103556794      10
0.5958333333333333     438.07849781665874      11
0.5791666666666667     421.5110718476185      11
0.6041666666666666     443.37748252366737      11
0.6458333333333331     626.320936498066      13
0.6416666666666665     695.674204473424      14
0.6041666666666666     458.8034494682401      11
0.5416666666666667     337.73748175552976      10
0.6624999999999998     1052.7768220244595      17
0.5500000000000002     342.77425757100855      10
0.6374999999999997     510.90319758584275      12
0.4250000000000002     331.07394816081387      10
0.6708333333333331     1081.0830377520272      17
0.6791666666666664     1689.2589534209847      21
0.6624999999999998     1137.4951996351995      16
0.6749999999999997     1492.6626084938914      20
0.4541666666666667     358.0877315004288      10
0.6791666666666664     1810.8392271154955      22
0.42500000000000016     276.1442284617119      9
0.5958333333333332     438.1026001452115      11
0.5958333333333334     480.6163399991176      11
0.5666666666666667     373.7347063757869      10
0.4458333333333336     346.5944289999537      10
0.6374999999999998     702.5262641531336      14
0.6791666666666664     2472.1394910987483      25
0.6333333333333332     651.8859269698715      13
0.6291666666666665     699.1255106483502      14
0.645833333333333     710.7938223478038      14
0.6208333333333332     519.9872707749355      12
0.6708333333333331     1197.3517558714225      18
0.6583333333333331     716.6868256910477      14
0.6208333333333332     700.3528706173363      14
0.645833333333333     797.4979222522675      15
0.4625000000000001     358.71946551832207      10
0.5791666666666667     423.6810984249539      11
0.5750000000000001     635.1074854328251      13
0.6624999999999998     1316.343020523408      19
0.6749999999999997     1654.411905087278      21
0.6541666666666665     893.6855567027109      15
0.6541666666666665     897.9791472776124      16
0.5208333333333335     464.83954759937694      11
0.645833333333333     799.4372579277231      15
0.6499999999999998     1051.5855318366089      17
0.6124999999999999     670.640990310844      13
0.6708333333333331     1355.7439596191416      19
0.6249999999999999     745.2297766058853      14
