0.6374999999999998     756.8406578903465      14
0.6333333333333332     724.4853945313862      14
0.6583333333333331     939.7691561001443      16
0.6749999999999997     2032.704911870285      23
0.6666666666666664     1082.7949600774432      17
0.6291666666666665     630.2034761613298      13
0.6666666666666664     1424.1186928408856      19
0.6541666666666665     796.8207656179092      15
0.6499999999999998     842.8672208639966      15
0.6166666666666666     466.52407376688524      11
0.6166666666666666     536.50548768201      12
0.6166666666666666     670.4900849966979      13
0.5625000000000001     322.41221378907727      9
0.6291666666666665     749.6256134163698      14
0.6041666666666666     635.6614476603825      13
0.6791666666666664     2373.9339877297148      25
0.6458333333333331     853.5701049451544      15
0.6749999999999997     2164.3981447857027      24
0.6583333333333331     1063.3450821827576      17
0.6333333333333332     761.1149966880101      14
0.6249999999999999     770.393599768127      14
0.6     652.751452409222      13
0.5958333333333333     596.9868887836008      13
0.6166666666666666     681.5429279488625      13
0.6624999999999998     1080.2023746416348      17
0.6624999999999998     1325.9922590783713      19
0.6166666666666666     751.3893702806499      14
0.5541666666666668     206.087220982008      7
0.6416666666666665     804.2816754266216      15
0.6791666666666664     2557.9527528326785      26
0.6374999999999998     797.8675447797424      15
0.6708333333333331     1540.7825878190183      20
0.5916666666666667     520.01055728095      12
0.6749999999999997     2305.8776453295877      24
0.5583333333333335     549.7577959583745      12
0.6624999999999998     1591.452754676167      21
0.6749999999999997     2529.1953383062228      26
0.6708333333333331     1825.384063787504      22
0.6624999999999996     1571.6115082933811      21
0.6291666666666665     820.834525759982      15
0.6541666666666665     916.1774062431435      16
0.6208333333333332     1062.6776776810782      17
0.6374999999999998     2404.677469322059      25
