0.6458333333333331     671.4762544464573      13
0.6541666666666665     800.8175364738896      14
0.6708333333333331     1158.3720315277208      17
0.6749999999999997     1421.7447025510576      19
0.6374999999999998     665.8701660762842      13
0.6624999999999998     907.0303607894288      15
0.6749999999999997     1599.7170184188635      20
0.6791666666666664     1885.3020084519237      22
0.6291666666666665     603.0886574519322      12
0.6249999999999999     512.2291099332748      11
0.6208333333333332     388.7019669849024      10
0.5333333333333334     466.3084568007488      11
0.6333333333333332     680.435470376507      13
0.6708333333333331     1412.3833315681527      19
0.6708333333333331     1538.6606730216495      20
0.6208333333333333     505.5175228919868      11
0.6791666666666664     2172.090635382162      24
0.6416666666666665     744.088854567263      14
0.6708333333333331     1575.8998954833246      20
0.5291666666666669     378.8648772458494      10
0.6666666666666664     996.1790680290841      16
0.5999999999999999     560.7776557963807      12
0.6791666666666664     2704.783488203092      26
0.6666666666666664     1280.205851197072      18
0.6583333333333331     870.5742376397809      15
0.5791666666666666     472.5790096905329      11
0.6499999999999998     754.8236572407433      14
0.6624999999999998     1217.8529934042824      18
0.6749999999999997     1742.3519765394192      21
0.6624999999999998     1299.8595061555825      18
0.6458333333333331     1137.3368910444885      17
0.6749999999999997     2253.2763808318327      24
0.6291666666666665     607.0756476434119      12
0.6416666666666664     1120.256228650603      17
0.6333333333333332     781.8044658012697      14
0.6291666666666665     686.9247828305523      13
0.6333333333333332     1347.4630609744145      18
0.6708333333333331     2001.9913472562716      23
0.6374999999999998     1365.4192637264875      19
0.6     772.7513186393215      14
0.6249999999999999     983.3622028117718      16
0.6208333333333332     1301.874628921005      18
0.6624999999999998     1405.461700757981      19
