0.8866666666666669     8250.416294801274      32
0.847777777777778     6872.002222684978      29
0.8455555555555555     6879.096878726628      29
0.877777777777778     7875.7169300893775      31
0.8544444444444448     6936.9036780993265      29
0.9077777777777782     9271.615200592645      34
0.9177777777777777     9836.018820936555      35
0.8200000000000001     6243.2508550342      28
0.8755555555555559     7476.907612903609      30
0.8988888888888892     9158.590571197114      34
0.7922222222222222     5444.582843825533      26
0.8777777777777781     8118.767682871656      32
0.9199999999999999     10823.87239743864      37
0.9300000000000002     11302.503591593146      38
0.9011111111111115     10169.408400211572      33
0.9199999999999999     11164.442930706395      38
0.8900000000000003     8277.497601690331      32
0.8688888888888889     8172.91356019745      32
0.855555555555556     6980.365736746066      29
0.9055555555555557     9590.932740693213      35
0.8611111111111112     7624.514129463756      31
0.8966666666666667     8749.180488921567      33
0.9155555555555556     9756.789870683551      35
0.8900000000000003     8328.518443874262      32
0.877777777777778     9365.620872152176      31
0.8944444444444446     9098.891449133458      34
0.877777777777778     9830.935002038077      31
0.936666666666667     14163.046252923461      40
0.8922222222222226     8657.735958678564      33
0.7199999999999995     5557.353619401847      27
0.906666666666667     11145.625190169962      35
0.896666666666667     10138.642384620838      33
0.8600000000000003     8827.45601708387      30
0.9111111111111114     10255.23923540257      36
0.8922222222222224     8392.437497535793      32
0.8633333333333336     8139.211396796309      32
0.9044444444444446     9245.89205517449      34
0.8900000000000003     9767.490012037646      32
0.913333333333334     12540.379264147294      36
0.8844444444444446     8482.96497394888      32
0.9011111111111113     10532.47491703561      34
0.8588888888888891     7702.671899728552      31
0.8644444444444448     8829.003261245542      30
0.9133333333333332     12090.695897934176      37
0.9044444444444446     10736.076645677305      34
0.9244444444444445     12526.548898237315      37
0.9211111111111112     12140.356683174756      37
0.8277777777777778     6364.476332474886      28
0.8922222222222226     9454.716357922382      35
0.877777777777778     8176.38228756226      32
