0.8733333333333334     8209.137151425952      30
0.8811111111111112     8246.012347880369      30
0.9366666666666671     16240.240448945608      40
0.9233333333333336     11722.991539859337      34
0.8700000000000001     7786.756255221841      29
0.812222222222222     6153.263510044493      28
0.8244444444444443     6802.747598306388      28
0.8288888888888887     6733.687667221699      29
0.8322222222222221     7832.893888693475      28
0.705555555555555     5167.235011785458      26
0.9188888888888891     10591.704917178391      35
0.8188888888888887     7783.169243625032      28
0.918888888888889     10952.750690758388      36
0.8211111111111108     6619.329560225466      29
0.795555555555555     6129.389520135416      28
0.7955555555555555     6196.346229006347      28
0.9022222222222224     9121.888125921516      32
0.8266666666666663     7327.935288595264      31
0.763333333333333     5719.537395918537      27
0.8666666666666665     8068.652118893093      32
0.8188888888888888     7518.972476198195      29
0.9155555555555558     11254.094628656829      33
0.8744444444444445     8463.911009796764      33
0.8455555555555553     7350.029506104658      31
0.9055555555555554     9213.970221353293      32
0.9144444444444447     9703.109414853274      33
0.8133333333333331     6326.401629981304      28
0.8600000000000002     7634.696166408108      29
0.9111111111111112     9729.516454773324      33
0.9166666666666667     10218.256628223233      34
0.9155555555555559     10121.886167107665      34
0.8533333333333333     8076.252292121469      30
0.7822222222222218     6558.196252487877      29
0.8688888888888888     8285.326327319717      31
0.9011111111111113     8464.715271260293      30
0.8211111111111109     7576.049021084552      29
0.9022222222222226     9268.047371489965      32
0.8866666666666669     8603.131402262014      31
0.888888888888889     8950.73003533784      32
0.9011111111111113     9145.254620071795      32
0.9033333333333335     9963.48265539508      34
0.8944444444444447     9079.846351850496      32
0.8522222222222223     8410.940263829247      31
0.9111111111111114     10175.759175465277      34
0.8955555555555557     8702.96967636812      33
0.906666666666667     11380.498255366812      33
0.8033333333333329     7733.104399943449      28
0.9033333333333334     10699.452140797985      32
0.8111111111111112     7012.851629511999      30
0.7933333333333332     6934.036561808365      30
