0.7888888888888889     6898.182912389172      31
0.9222222222222224     12890.62119425241      42
0.9066666666666668     9393.740101874668      34
0.8633333333333334     7914.5588074891      32
0.9222222222222225     12964.900744496654      42
0.9133333333333337     11640.762686135202      39
0.9144444444444445     11607.474840871115      40
0.9211111111111113     12225.655105481908      40
0.861111111111111     7742.861701746438      31
0.7766666666666663     6306.744772039293      30
0.8322222222222222     7329.793906728893      32
0.9233333333333335     12990.514804545348      41
0.9222222222222225     13194.502881936833      42
0.8211111111111111     7025.671646862697      30
0.8977777777777778     9272.198539976402      34
0.9200000000000003     11644.538210296494      39
0.8233333333333334     7446.219134763171      31
0.7588888888888885     6354.224494316611      30
0.8766666666666666     8483.420885729904      33
0.8855555555555553     8873.687633896545      33
0.9122222222222225     10241.031345217649      36
0.7288888888888886     6073.291976743192      29
0.8822222222222224     9185.168449571718      34
0.8177777777777777     6903.221923140262      29
0.9211111111111112     11878.16537020524      39
0.9111111111111112     12910.475634294631      42
0.8455555555555556     7902.7772896423085      32
0.6033333333333329     5657.580024261556      29
0.9277777777777781     13390.576682945823      42
0.9355555555555557     13536.25429757823      42
0.8555555555555555     8471.830994573194      33
0.8611111111111109     8626.774657711165      34
0.9222222222222224     13304.891380417434      43
0.8711111111111111     9147.089601500802      34
0.9244444444444445     14296.288795318289      44
0.7866666666666664     6511.9331869462685      30
0.7066666666666662     5915.174003650177      29
0.8699999999999999     9089.880260099504      34
0.8455555555555553     7665.99434448496      31
0.9100000000000001     10226.152333640723      36
0.9122222222222224     14295.439789131371      44
0.8022222222222223     9790.311625477856      37
0.8944444444444443     10290.037243191768      37
