0.9244444444444444     16135.459140535539      47
0.9111111111111113     15310.975624858764      46
0.9244444444444444     16627.547719570666      48
0.908888888888889     15279.00345868834      46
0.9222222222222223     16019.225164827758      47
0.8888888888888892     14429.53468705448      45
0.9055555555555558     14663.78350277391      45
0.9100000000000004     15289.612149284654      46
0.9188888888888889     15375.256305351179      46
0.9311111111111113     17445.96308860166      49
0.9188888888888889     15856.222383517466      47
0.9155555555555558     16153.995509233182      46
0.9277777777777778     16788.659124243517      48
0.9244444444444444     16719.79917450999      48
0.9400000000000001     18749.104901819144      51
0.938888888888889     18985.97114641438      51
0.9411111111111113     19647.65472815974      52
0.9400000000000001     19723.655499890545      52
0.7633333333333333     421754.00797561725      42
0.9455555555555557     21190.690058350887      54
