0.9588888888888895     21296.564953565306      53
0.9600000000000005     22134.353245637292      54
0.9500000000000004     22403.966074162516      53
0.9600000000000005     22715.1948464673      55
0.9611111111111117     23647.120949162014      56
0.9611111111111117     24183.688194261736      57
0.9588888888888895     21867.93326969392      54
0.9611111111111117     24451.032213307346      55
0.9600000000000006     23602.324129775126      54
0.9600000000000005     23375.471107235084      56
0.9122222222222223     429750.9349097065      53
0.9611111111111117     25040.73254824922      56
0.9622222222222229     26504.652283513093      58
0.9611111111111117     25136.1643648321      56
0.908888888888889     429964.495278267      52
0.8755555555555553     429265.1258305305      51
0.9022222222222221     428274.02261717955      52
0.9611111111111117     26493.986851340476      58
0.9600000000000006     24258.320954501334      55
0.8833333333333333     429816.61511960754      52
0.9233333333333333     430537.7031706998      53
0.8544444444444445     429184.2123376237      51
0.9266666666666667     430759.12277307856      53
0.9188888888888889     430646.85296347307      53
0.9288888888888892     430772.1340313985      53
