0.6755555555555555     8686.748590147467      38
0.6377777777777773     6173.8282410892525      32
0.5822222222222215     5414.383026827759      30
0.6399999999999997     6185.467382774013      32
0.5911111111111107     6089.769642162229      32
0.5644444444444441     5306.8258093783825      30
0.5799999999999995     4641.221429572469      28
0.6399999999999998     6612.438420800703      33
0.5344444444444441     4668.708092477975      28
0.5922222222222218     6108.852083172611      32
0.6088888888888884     6373.937212473759      33
0.6444444444444442     6067.481391753352      32
0.6344444444444441     6445.679000061439      33
0.6188888888888885     6094.531923745158      32
0.6599999999999998     6144.640421743388      32
0.5811111111111109     5868.397712881058      29
0.5644444444444444     5255.554979252958      30
0.5799999999999997     4142.9030073529075      26
0.6033333333333328     5952.524518704179      32
0.6755555555555552     6369.481469391077      32
0.6255555555555552     5084.346938866232      29
0.5799999999999997     4991.483524544693      29
0.6422222222222219     6504.302093545461      33
0.4255555555555553     3004.1937565545486      23
0.6388888888888886     5450.275965133335      30
0.552222222222222     4227.598810527893      26
0.6066666666666662     5793.995508029196      31
0.5799999999999997     5693.8878308587555      31
0.552222222222222     5046.1932337929475      28
0.6711111111111109     7482.626158825071      35
0.6755555555555555     9665.893580712103      40
0.6799999999999999     8622.78345467737      38
0.42888888888888854     3101.9449414605083      23
0.5322222222222218     5406.165332817995      30
0.5855555555555554     4761.007817567266      28
0.6699999999999997     7732.583212833626      36
0.4466666666666663     3606.52093252391      25
0.6733333333333329     7741.350060897315      36
0.6788888888888887     7425.829670538207      35
0.6877777777777774     8750.130634384086      38
0.7066666666666664     9649.575943773663      40
0.4788888888888884     3629.6785700769337      25
0.5388888888888886     5996.141514298574      32
0.681111111111111     9184.501106976617      39
0.5199999999999996     3972.824487495814      26
0.5777777777777775     6789.363770979713      33
0.42888888888888854     3697.066861084368      25
0.46222222222222165     5148.547920586028      30
0.6999999999999998     9121.385941776278      39
0.49111111111111083     3692.569829062639      25
