0.6966666666666663     8634.453913615822      38
0.6499999999999996     4841.092230276672      28
0.6077777777777775     4735.444067989541      28
0.6966666666666663     9023.566099082951      39
0.644444444444444     5064.665580372887      29
0.513333333333333     3705.235963147128      25
0.6966666666666663     9269.184814989145      40
0.4355555555555553     3095.609169864361      23
0.6733333333333331     6240.804020074066      32
0.39777777777777756     2776.645268386527      22
0.7055555555555554     9312.518620462215      39
0.6955555555555551     6280.476554888518      32
0.6677777777777776     7255.723831574059      35
0.4899999999999996     3623.3349378658672      25
0.40666666666666657     3232.0943092455564      24
0.39777777777777756     3575.3330654564693      25
0.6288888888888885     5045.529038913013      28
0.6744444444444443     7375.769709299727      35
0.6955555555555551     7777.929782630718      36
0.6677777777777776     8026.645635610812      37
0.4899999999999996     3894.2162390069752      26
0.6499999999999996     5178.583767073795      29
0.4544444444444442     3801.594628521171      26
0.6411111111111109     6908.550115130712      34
0.6388888888888885     5470.46989523365      30
0.6333333333333329     7256.019051660416      35
0.6399999999999997     8262.34174081206      37
0.46222222222222176     4053.1363142740256      26
0.6399999999999996     9059.834587674846      39
0.631111111111111     5449.162223719543      30
0.6833333333333332     9256.397196718031      39
0.4355555555555553     3602.5818611125305      25
0.6188888888888885     5054.212261325002      29
0.6211111111111111     7763.401711277565      36
0.6166666666666661     4800.227362656521      28
0.6199999999999996     7164.12146060906      35
0.6644444444444443     9066.112888615391      39
0.6311111111111108     8681.344747674179      38
0.6955555555555551     9537.745338862424      40
0.604444444444444     5824.19174509491      31
0.5966666666666661     4107.132728485634      26
0.6311111111111108     9215.751107499045      39
0.5888888888888888     6092.65143078676      32
