0.45999999999999996     4557.980297143167      31
0.4633333333333333     5541.67293953659      34
0.5033333333333333     6540.804001302516      37
0.4233333333333332     3445.534247351697      27
0.45666666666666655     3545.439927083861      27
0.45888888888888885     3623.783528446187      27
0.45888888888888885     4365.986178110935      30
0.45666666666666655     4201.57327483528      30
0.5022222222222222     5103.235688336751      32
0.4633333333333333     4615.497054769558      30
0.461111111111111     4729.009560686686      32
0.44999999999999996     4127.785832134849      29
0.39777777777777745     3366.1199204363306      27
0.5077777777777778     7559.9346110459255      40
0.4866666666666667     4961.304084173098      32
0.3644444444444443     3195.3833859398615      27
0.3633333333333331     3245.648931575674      27
0.4477777777777777     3531.6518485926895      27
0.498888888888889     5131.027061107066      32
0.498888888888889     5008.348675454391      32
0.3733333333333331     3245.573371279605      26
0.4222222222222222     4153.799954421345      30
0.4533333333333333     4968.084891114131      33
0.53     7685.263099580496      40
0.42444444444444435     4313.447016901373      29
0.5066666666666666     5532.326977312438      33
0.37777777777777755     3147.7473691818273      26
0.4677777777777778     4784.160075448173      31
0.37222222222222195     3075.4945227182006      26
0.44666666666666666     4050.5648234820437      29
0.5077777777777778     5665.891171303409      34
0.5044444444444445     7409.488291960999      39
0.3966666666666665     3327.178264953523      27
0.51     5636.819327416389      34
0.41777777777777764     3401.3702876641323      27
0.3799999999999998     3283.9345294892114      27
0.42888888888888865     3489.3898114803364      27
0.46444444444444444     3876.3205133815623      28
0.48555555555555574     4921.615587698145      31
0.4955555555555556     4990.017126872508      31
0.44333333333333325     4552.0139148237895      31
0.5     6472.885443166751      37
0.5222222222222223     7752.224990449256      40
0.45999999999999996     5297.053491168502      34
0.47777777777777775     4350.17695696328      30
0.5277777777777778     6551.874020615989      37
0.4033333333333331     3695.8855779463097      28
0.53     7248.562176545007      39
0.5344444444444445     9300.30397367853      44
0.5244444444444445     9018.510646759929      44
