0.5044444444444445     4814.094901754009      31
0.48111111111111104     4304.907877637464      30
0.52     6910.546804219094      38
0.508888888888889     5582.453932968344      34
0.5311111111111112     9088.334132508062      44
0.4933333333333333     4501.2314929699305      30
0.42     3184.9357384869186      25
0.5055555555555556     5905.158130608483      35
0.41888888888888887     3424.1976682582845      27
0.4633333333333333     3508.152158249123      27
0.4699999999999999     3873.8944444841854      28
0.4677777777777777     3706.38750087569      28
0.4044444444444444     3081.8822227223955      25
0.5266666666666666     7226.748721761115      39
0.5155555555555555     6292.411590256368      36
0.52     7539.286106795195      40
0.5166666666666667     8058.622491867679      41
0.5222222222222223     8059.40713071556      41
0.5000000000000002     4506.300257433913      30
0.48555555555555546     4754.5607679917175      31
0.4855555555555555     4826.390326363603      31
0.4955555555555555     5244.853022225191      33
0.5211111111111112     10082.06936300944      47
0.5333333333333333     10354.63084362697      47
0.5033333333333334     5419.3084698038565      33
0.5177777777777778     8504.61064784959      43
0.5155555555555555     7640.720291248713      40
0.47888888888888875     4654.978881289291      31
0.49     5296.386184742707      33
0.508888888888889     6827.908768131001      38
0.45222222222222225     3526.297159344972      26
0.4855555555555555     5755.575506569571      35
0.4733333333333333     4062.4136075349384      28
0.5177777777777778     9205.60307180004      44
0.47111111111111104     5455.996207127406      34
0.4666666666666666     4500.847968241144      31
0.4222222222222222     4131.324320056903      29
0.5066666666666666     7565.661927857985      39
0.4044444444444444     3308.898530745475      26
0.4544444444444445     4706.554932004722      31
0.5333333333333333     11221.185976626472      49
0.4611111111111111     4795.470706834766      32
0.5155555555555555     7850.471861518873      41
0.4433333333333332     4048.6123248432796      30
0.5055555555555556     6104.226086972021      36
0.4355555555555554     4764.163598279861      32
