0.3566666666666667     17927.89328372211      51
0.31777777777777777     16449.823485242785      48
0.35222222222222227     18371.943927633954      51
0.3433333333333334     17777.562600784844      50
0.36222222222222206     20250.821142906705      54
0.3477777777777778     17819.049169364833      50
0.3488888888888889     17947.72977652177      50
0.35333333333333333     18544.39495374004      51
0.3488888888888889     19053.524164277158      52
0.35333333333333333     19098.201226672747      52
