0.7566666666666668     5891.9521287095495      28
0.7955555555555556     7057.277143688664      29
0.8     7803.135469550584      31
0.7922222222222224     7912.514800312767      32
0.778888888888889     7481.798110496119      32
0.7822222222222222     8155.829722775528      33
0.7255555555555552     5545.24722346477      28
0.7611111111111113     5969.842253626393      28
0.7588888888888891     6246.913207926641      29
0.7488888888888889     5911.377856693151      28
0.7611111111111113     6289.101224088212      29
0.7622222222222224     6681.896657893553      30
0.7277777777777774     5768.863390983633      29
0.7777777777777778     7355.27879924843      32
0.7344444444444441     5888.02696188345      28
0.7722222222222223     7154.628912223246      30
0.7900000000000001     8507.498288690942      34
0.7877777777777777     8258.670534039442      33
0.768888888888889     7436.883440023712      32
0.724444444444444     5819.880257946621      28
0.7266666666666665     5894.303506019645      28
0.7611111111111113     6289.824681430026      29
0.7344444444444441     6159.726268102359      29
0.7322222222222219     6139.978628712254      29
0.7777777777777778     7708.790426603812      33
0.7244444444444443     5907.333557301741      28
0.7566666666666668     6186.715705216578      29
0.7355555555555553     6196.952974000958      29
0.7233333333333329     5324.525293308766      26
0.7622222222222224     6744.910044230528      30
0.7233333333333329     5576.382391220151      27
0.7877777777777777     9708.565853011318      36
0.7611111111111113     6293.494263392428      29
0.7611111111111113     6618.760127204334      30
0.7255555555555552     6149.5247797630145      30
