0.871111111111111     8363.943507248108      33
0.8655555555555555     8233.769873022153      31
0.8699999999999997     10903.100267102036      30
0.8555555555555556     7232.812698937081      31
0.9055555555555557     11695.431585426939      31
0.8177777777777769     6342.039396935521      28
0.8855555555555555     11129.257966214629      31
0.9188888888888892     10369.06771442244      36
0.9044444444444448     9957.721775101101      36
0.8955555555555554     9019.699021222781      34
0.8699999999999997     8265.326756768454      31
0.827777777777778     7365.752717722623      30
0.8699999999999999     10670.36391228355      31
0.925555555555556     11124.340688650393      37
0.9255555555555559     14783.302082034223      38
0.8933333333333332     9210.445802989765      35
0.8988888888888887     11323.20339855742      33
0.8433333333333334     7585.186266893746      30
0.8499999999999996     9745.526347495957      27
0.7622222222222217     6301.213842457428      29
0.9133333333333337     10203.383679280674      36
0.8822222222222221     8400.75942070937      32
0.9311111111111113     14805.022311895875      37
0.7599999999999993     5706.399398910227      27
0.7922222222222222     6322.542104511523      28
0.9099999999999999     13915.289795019688      36
0.9444444444444449     16086.314715303604      40
0.7699999999999998     6595.322395587955      31
0.8677777777777774     11139.471868187702      32
0.9077777777777779     11898.91203352034      32
0.7622222222222217     6632.693384208546      30
0.8933333333333333     11038.77745825104      37
0.8811111111111108     11647.323692289247      33
0.8299999999999996     7723.441029055141      30
0.8266666666666662     8452.56047081597      34
0.8433333333333334     8555.042614657277      33
0.8644444444444441     11807.545657139079      33
0.9211111111111115     11068.78837721934      37
0.8177777777777769     6663.789976050166      29
0.8511111111111107     9451.13117398116      36
0.7077777777777773     5529.894712892213      27
0.861111111111111     10576.217240316337      29
0.8688888888888889     10566.969566454483      37
0.9133333333333334     16467.501589955704      41
0.8888888888888888     16210.788514675087      41
0.8222222222222217     7576.351180394988      32
0.8422222222222217     8713.540907262646      35
0.862222222222222     10728.223019685898      29
0.7533333333333329     5720.050537365435      27
