0.7777777777777777     6210.67078530421      28
0.8055555555555555     6964.446684146333      30
0.8211111111111111     7546.343556054344      31
0.7233333333333328     5463.782333916329      27
0.8166666666666667     7787.136574196886      32
0.7522222222222217     5661.463253603316      27
0.7577777777777777     5897.3292029706045      28
0.8077777777777777     7422.261022047405      31
0.754444444444444     6121.434554916395      28
0.8055555555555555     7297.382394588151      31
0.7866666666666664     6795.557286106638      30
0.8200000000000001     7868.311105641726      31
0.7599999999999999     6372.672207036812      29
0.8211111111111111     7889.5395026135475      32
0.7477777777777774     5863.004629777843      28
0.7211111111111106     5487.9838069044545      27
0.7855555555555555     6856.0664278958075      30
0.8200000000000001     8182.847051962681      33
0.7411111111111104     5695.37241370798      27
0.7511111111111108     6429.555837477528      29
0.8033333333333332     7198.746470644192      31
0.7499999999999996     5928.501319456032      28
0.7788888888888885     6787.643555532816      30
0.8211111111111111     8261.690404434565      33
0.8155555555555555     7429.6681522047475      31
0.7777777777777777     6473.455845955558      29
0.7955555555555553     7339.0197020078695      31
0.8077777777777777     7438.462883929992      31
