0.4666666666666666     21734.482177610145      70
0.59     24689.92396601512      75
0.6211111111111111     25126.934716140157      75
0.5377777777777778     24279.94594100129      75
0.5166666666666667     24522.405438883277      75
0.43555555555555536     24467.113685043514      75
0.6033333333333333     25167.183337701907      75
0.49666666666666653     24473.9535279063      75
0.5866666666666666     24818.863926337224      75
0.5066666666666665     24607.293452755035      75
0.4722222222222221     24543.197817776476      75
0.5555555555555555     24617.157830814023      75
0.5300000000000001     24716.483146960432      75
0.5911111111111111     24840.68045409219      75
