0.5555555555555554     24416.998276786413      74
0.5100000000000001     23840.048266936003      73
0.6111111111111113     24866.309688885252      75
0.5433333333333333     24292.26524932678      74
0.5777777777777777     24772.57070674013      75
0.5944444444444443     25179.97964431819      75
0.5933333333333334     24831.952148609587      75
0.5244444444444443     24368.009796607505      75
0.5688888888888889     24962.17193542073      75
0.5266666666666666     24602.684205579644      75
0.5633333333333334     24606.17712662645      75
0.5688888888888888     24821.010739503705      75
0.5044444444444445     24392.860223652227      75
0.6077777777777778     25248.77253575641      75
0.5455555555555553     24717.279107898954      75
0.5777777777777776     25322.947686510157      75
0.5322222222222219     24850.86840109781      75
0.5344444444444445     25441.78317225183      75
