0.8177777777777777     7491.203379989105      30
0.8077777777777774     7472.979041087718      30
0.8055555555555554     7403.800543971792      29
0.8255555555555553     8147.272270348077      31
0.8700000000000001     9849.988732686765      34
0.7699999999999996     8031.267121553113      32
0.8044444444444443     7010.467220022281      29
0.8100000000000002     8596.650847540164      33
0.864444444444444     9149.894875282924      32
0.8255555555555553     8842.827535135408      33
0.871111111111111     11021.365536092104      37
0.8411111111111113     9465.849153622998      31
0.8077777777777778     9268.5017523173      31
0.8388888888888887     8511.330993101712      32
0.8777777777777779     10502.51732059128      34
0.8466666666666668     9686.67091490172      31
0.8377777777777778     8633.526536296096      31
0.8366666666666666     8168.051702840081      31
0.8355555555555549     9211.029555940326      34
0.8577777777777778     9459.019797163957      34
0.812222222222222     8861.870472445553      31
0.8166666666666668     9007.469064789133      32
0.8244444444444442     8955.075665451595      34
0.7555555555555555     6916.113421572583      30
0.8622222222222222     10678.040957920382      33
0.8411111111111113     9856.691235605007      32
0.8177777777777779     7525.172840654759      30
0.8022222222222225     7451.8259009364565      30
0.8055555555555555     8985.701388719875      33
0.8511111111111112     10873.645345129777      37
0.8466666666666666     8601.502423391543      32
0.7688888888888885     7194.977077404184      30
0.8766666666666665     10292.919606479838      34
0.8366666666666664     10527.846027145935      36
0.8466666666666668     9663.255753708241      31
0.7155555555555555     6972.92153990627      31
0.8266666666666665     10898.595768216232      36
0.8577777777777778     9254.561792288163      33
0.7499999999999998     7474.189491291922      32
0.8188888888888884     9197.024357104323      34
0.8433333333333329     10671.906869984821      37
0.8677777777777778     9799.403746900309      34
0.7899999999999999     8433.041445441308      32
0.8811111111111115     11825.882734187076      35
0.8822222222222222     10311.91903561725      35
0.7866666666666664     7357.742551330826      30
0.8288888888888888     9140.934386898774      30
0.7588888888888884     7990.32441592651      33
0.8711111111111113     11135.04394580629      37
0.8800000000000001     11543.217069040327      38
