0.8400000000000001     8233.159476989127      31
0.8800000000000001     9477.054112442744      33
0.812222222222222     7359.426165086893      30
0.8800000000000001     10150.579227063268      35
0.8400000000000003     8425.022739335638      31
0.811111111111111     7321.215518500964      29
0.8599999999999999     9008.608087869052      32
0.8677777777777778     9087.522947250724      32
0.8388888888888888     8220.977471607968      31
0.7811111111111109     6589.494399127028      29
0.8322222222222224     7506.318075677822      29
0.8766666666666667     9182.933098066113      32
0.7766666666666664     6609.632600397746      28
0.8566666666666667     8940.042923506664      32
0.8566666666666669     9490.762654528386      34
0.8055555555555555     7056.7792669704795      30
0.7933333333333331     6832.363111954504      29
0.8322222222222224     8471.185105110244      32
0.85     8891.953065892973      33
0.8455555555555554     8726.690100417067      31
0.8644444444444445     9510.252294211792      33
0.8233333333333331     16633.733596289778      29
0.7633333333333336     6599.784506915298      28
0.6755555555555551     6242.847222300072      28
0.8822222222222221     10433.502263713164      35
0.8788888888888888     19234.42867298586      34
0.7422222222222222     7145.3589211759745      30
0.7344444444444441     6876.966185898513      29
0.7044444444444443     15484.31555690332      28
0.8800000000000001     22808.525294667354      39
0.8244444444444442     8363.229337268856      32
0.8711111111111111     11641.958595826409      39
0.702222222222222     6775.468164007027      30
0.8166666666666667     8343.780369490234      31
0.8144444444444441     7979.916638404589      31
0.804444444444444     8493.649458189748      32
0.7366666666666667     7318.985630145695      29
0.7199999999999998     6949.51518339457      31
0.7877777777777772     8000.466526840859      32
0.7844444444444443     7646.967247882628      31
0.762222222222222     7938.019505526056      32
0.6822222222222222     16129.87242964561      29
0.8400000000000003     9114.26876547512      33
0.7588888888888887     9159.269167781067      34
0.8622222222222223     9522.917593912705      33
0.8022222222222223     9648.914402073084      34
0.7422222222222219     7243.823849769981      31
