0.87     10219.056283405975      35
0.8700000000000001     11152.005954612017      33
0.8666666666666666     10528.129914564373      36
0.8699999999999999     11141.504417880813      34
0.7666666666666664     7123.735239665331      30
0.8699999999999999     10838.494179895337      33
0.8433333333333334     10532.995978541654      32
0.7688888888888885     7354.132571948074      31
0.8600000000000001     9776.589504656702      34
0.8666666666666665     9881.640069615622      34
0.8722222222222223     12117.470255690245      36
0.8433333333333336     10118.581977506215      32
0.8677777777777775     10473.937597624752      34
0.8533333333333332     9551.036320351594      34
0.8588888888888888     9646.571479372806      34
0.8500000000000001     9793.191113751229      31
0.8333333333333337     12129.29140236454      38
0.8066666666666669     7690.059178462497      30
0.8555555555555556     9763.057871351455      34
0.8088888888888888     9119.665207537213      34
0.7755555555555554     8110.989701680297      31
0.8066666666666665     8262.153520150227      32
0.851111111111111     9396.668802315526      34
0.7744444444444438     7143.597986227864      30
0.8622222222222224     10590.739043777643      33
0.8366666666666664     8199.970660017474      31
0.7911111111111109     7938.690507829521      31
0.79     10835.310179351294      37
0.8244444444444444     8498.447128503185      30
0.7955555555555555     7397.052278578285      30
0.8122222222222223     8518.28868206863      32
0.8411111111111111     8666.03569269208      32
0.8500000000000004     12035.622798470196      38
0.8722222222222222     10219.214257834674      35
0.8722222222222221     11247.842224658963      34
0.8011111111111109     7439.475117086385      30
0.8533333333333329     8603.65967043243      32
0.8588888888888889     10252.058893609612      33
0.8655555555555555     9792.176540827008      34
0.8755555555555556     10483.327151210162      36
0.831111111111111     12197.338430704864      37
0.8444444444444443     8472.656870468489      31
0.7688888888888888     8379.02727567965      32
0.82     7788.47611030981      30
0.8188888888888889     9856.642933628498      33
0.7666666666666662     7108.948183599845      30
0.7844444444444445     10189.082481965359      37
0.8300000000000001     9158.84214609585      34
0.8700000000000001     12449.545780051418      38
0.7788888888888887     8999.705893326822      31
