0.4588888888888888     4243.37340846245      30
0.488888888888889     4639.291355178479      31
0.4777777777777778     4616.66612735342      31
0.5066666666666667     5699.286115411595      35
0.4922222222222223     5423.211201926263      34
0.45222222222222214     3743.2600753876673      28
0.49222222222222217     5080.107979063601      33
0.47888888888888886     4852.0645713718395      32
0.4544444444444443     4148.942012728444      30
0.4988888888888889     5679.231454191984      35
0.44111111111111095     3439.471863377173      27
0.5077777777777778     5828.993090402405      35
0.47222222222222215     4725.246269517916      32
0.45999999999999996     4264.242898906206      30
0.4822222222222223     5413.165757787301      34
0.49555555555555564     6047.784392819173      36
0.44888888888888884     3929.996287014563      29
0.487777777777778     5843.070818120402      35
0.5133333333333334     6680.274976942574      38
0.5122222222222222     6102.980562181443      36
0.5133333333333334     6978.088033670191      39
0.5122222222222221     7184.116861103116      39
0.45555555555555555     4930.46994672141      33
0.45555555555555544     5124.643298002947      33
0.5     6473.767657043337      37
0.43777777777777765     4276.148425315475      31
0.4088888888888888     2984.922915661477      25
0.411111111111111     4182.320914975234      30
0.40555555555555534     4014.7434672829377      30
0.3688888888888887     2924.489239833352      25
0.37555555555555536     3800.928535623222      30
0.4233333333333331     4673.562339082097      32
0.37555555555555553     4246.833289551454      30
0.498888888888889     7056.604787488561      39
0.4711111111111111     5125.870383625515      33
0.4099999999999999     4496.262780299175      32
0.36555555555555547     3614.1997599865495      28
0.5177777777777778     8043.189042549933      42
0.4944444444444446     7791.535191430174      41
0.47888888888888886     5381.271367368651      34
0.363333333333333     3748.2779250628714      29
0.3755555555555552     4478.778323013355      32
0.45000000000000007     4890.587586078479      32
