0.9477777777777779     23525.21213078128      58
0.9400000000000002     21858.971920082353      56
0.9244444444444446     19488.985626521295      53
0.9433333333333335     22453.076901744997      57
0.9500000000000004     23694.02106799584      58
0.92     20406.087930595746      54
0.9455555555555558     22868.855976980158      57
0.9388888888888888     21698.05542839739      56
0.9355555555555557     21028.396384747568      55
0.9388888888888891     22069.618991505267      56
0.9366666666666665     21296.037890491043      55
0.9377777777777777     21868.80194262155      56
0.9455555555555556     22608.890145959962      57
0.9500000000000004     24242.939522812965      59
0.9566666666666671     25751.633183883674      61
0.9544444444444445     28352.834274507244      60
0.9533333333333339     25095.419913410868      60
0.9622222222222226     26027.151452783648      61
0.9477777777777783     25832.887233728572      56
0.9655555555555559     39079.85024109001      72
0.9633333333333336     36586.690718640835      69
0.9633333333333338     34648.99004111605      71
