0.5122222222222222     5920.566324232659      35
0.5088888888888888     5906.432897705506      35
0.4699999999999998     5016.102596416516      33
0.4688888888888888     4991.7278391661175      32
0.4477777777777778     4465.9893124706205      31
0.518888888888889     6755.3944182596615      37
0.4755555555555557     5162.289728944921      33
0.5188888888888888     6339.559123531886      37
0.42666666666666664     3982.395987418901      29
0.4055555555555554     3159.594238790888      25
0.45666666666666667     4725.634691949599      32
0.4788888888888888     5196.473842197653      33
0.5055555555555555     5567.222335761472      34
0.4955555555555555     5228.708091636517      33
0.49999999999999994     5413.425847247994      34
0.42     3576.265895633309      27
0.5122222222222222     6201.782658483952      36
0.49999999999999994     5695.517488717914      35
0.5077777777777778     5830.056961533797      35
0.4322222222222221     4020.0963900781353      29
0.46222222222222215     4780.373116363377      32
0.3855555555555553     2948.2321260660474      25
0.44555555555555554     4222.0191489499975      30
0.4155555555555555     3550.1134372612123      27
0.5233333333333333     6669.51791837569      38
0.4122222222222221     3213.78123466273      26
0.41444444444444434     3656.3406846344888      28
0.5111111111111111     6904.045893615375      38
0.44333333333333336     4980.368733942639      32
0.4799999999999999     5809.586948799647      35
0.35111111111111093     2798.7051676047317      25
0.5144444444444444     7957.664114026509      41
0.45444444444444443     5050.212648502495      33
0.4677777777777778     5050.340935628671      32
0.4433333333333333     5210.133348081764      33
0.38222222222222213     3342.7691396223304      26
0.3466666666666664     3300.904771319145      27
0.43777777777777777     4954.56423982284      32
0.41444444444444434     4503.454874769824      31
0.3755555555555554     3871.479798168057      29
0.421111111111111     4772.231751587915      32
0.4944444444444445     6021.671876474523      36
0.3688888888888887     3869.478531195345      29
0.4422222222222222     5270.971252133016      34
0.5133333333333333     7753.929578192193      40
0.33555555555555533     3321.5685651051836      27
0.4444444444444444     5769.802903144127      35
0.5233333333333334     9148.765348660741      44
0.49666666666666676     7999.657664887533      41
0.45333333333333337     6593.732063416783      38
