0.5077777777777778     5663.883779635384      34
0.49111111111111116     5226.7202718563185      33
0.4866666666666667     5239.872998150877      34
0.4977777777777778     5649.602299609459      34
0.4855555555555556     5218.632073139178      34
0.4811111111111109     5165.565511459246      33
0.46111111111111114     4691.140641146842      32
0.46555555555555544     4698.58903966501      32
0.491111111111111     5274.96678764855      33
0.5044444444444444     5661.760849188608      34
0.43777777777777754     4011.665601127747      29
0.4344444444444443     4000.7847039341473      29
0.45333333333333325     4675.277826240604      32
0.5188888888888888     7178.148678871561      39
0.4677777777777777     4257.810925707495      30
0.49666666666666676     5478.94342518496      34
0.43111111111111083     3321.7385019025915      26
0.4988888888888888     6204.777551759136      35
0.47555555555555556     5079.104548187004      32
0.49666666666666665     5624.2959034340565      34
0.47333333333333333     4999.134023065204      32
0.4655555555555556     4978.234827165845      32
0.44333333333333325     4648.885867044075      32
0.4488888888888887     4264.859474552013      30
0.5155555555555555     6257.014019514579      35
0.5177777777777778     5803.3234582513405      34
0.5077777777777778     5624.60415468174      35
0.4866666666666667     4506.720898840782      31
0.48666666666666686     5150.371099269438      33
0.5188888888888888     6544.587300247686      37
0.4855555555555556     5135.509278436267      32
0.4822222222222221     6166.436408498689      35
0.4599999999999999     4101.650711202053      29
0.4611111111111111     5677.128292972758      35
0.44111111111111106     4085.5502935697846      29
0.4811111111111109     4438.24689578739      30
0.4599999999999999     4380.095687134882      30
0.5077777777777778     6547.840349518535      37
0.45666666666666667     5481.065449811196      34
0.4266666666666664     4520.448065941326      31
0.51     5802.70239988196      34
0.4922222222222221     6397.91162045061      37
0.4777777777777778     5286.106855238648      33
0.4577777777777778     4736.200758086703      32
0.5188888888888888     7119.897886745472      38
0.25999999999999984     4092.89370761218      31
0.5177777777777778     6434.715795264179      36
0.5211111111111111     8412.443398314255      42
0.4077777777777777     3905.0007919482728      29
0.52     7304.979603727116      39
