0.19444444444444425     33106.39775860352      69
0.27444444444444427     35764.96697040096      75
0.26333333333333314     34534.01889265846      75
0.24222222222222198     36082.12972026631      75
0.23777777777777762     35772.39431435419      75
0.26444444444444426     36760.74215874756      75
0.21888888888888883     36324.24184412459      75
0.25444444444444425     36513.65484614064      75
0.20999999999999977     35594.07385499501      75
0.19444444444444425     35870.295676940244      72
0.19555555555555548     35203.6155500736      75
0.19999999999999982     36973.94404395102      75
0.25222222222222207     37017.346449126744      75
