0.7422222222222221     12456.645918526443      40
0.7233333333333332     10437.131149956314      37
0.7388888888888888     11241.52975410967      39
0.7377777777777778     12916.476787617208      37
0.74     11362.239696798379      39
0.7499999999999999     13179.177135110387      38
0.7388888888888888     12550.415606945055      42
0.7155555555555556     14750.219439266884      35
0.7522222222222221     13853.431654511445      44
0.7322222222222222     12973.597404149818      37
0.7522222222222221     13961.909490675513      39
0.7366666666666667     12072.67720738861      41
0.7655555555555554     16803.40769189042      44
0.7499999999999998     14580.28114025449      40
0.7488888888888888     13920.173164999798      44
0.7477777777777775     14591.733298856907      41
0.7022222222222222     12055.918878297154      35
0.7611111111111111     15386.014223448048      42
0.7588888888888886     16676.00811505726      44
0.7244444444444442     12325.436088057602      36
0.7666666666666666     19762.044062001914      49
0.7300000000000001     12859.451857189124      37
0.75     14806.95631401465      45
0.7499999999999998     14876.51897483635      41
0.7422222222222221     12883.747608240446      41
0.7577777777777776     15254.874838266358      41
0.7577777777777776     16533.323974572344      44
0.7599999999999998     17293.734433312093      45
0.7277777777777779     12356.520197346896      36
0.7288888888888888     10638.261330380934      37
0.7288888888888887     10867.206348931639      38
0.7399999999999999     13027.153299906615      37
0.7455555555555554     13575.915844153446      38
0.7422222222222221     13179.103776490925      42
0.761111111111111     17650.303789966827      46
0.7488888888888889     14671.463240537767      40
0.7377777777777778     12988.614380741095      37
0.7633333333333332     19617.849412530148      49
0.7566666666666667     16198.552496978553      43
0.7344444444444443     11588.214302711272      39
0.7499999999999998     15455.718335230911      42
0.7366666666666665     12191.40409249115      40
0.7499999999999998     14065.312396402456      43
