0.7455555555555554     10609.647130162748      37
0.7477777777777778     11460.568990133106      39
0.7522222222222221     11967.609721941602      40
0.7211111111111109     9227.217563244238      35
0.7444444444444444     11504.442591749195      39
0.7299999999999998     9424.13485402802      35
0.7144444444444442     9274.715721964865      35
0.7233333333333332     9329.870312971998      35
0.7344444444444443     9504.380790457235      35
0.713333333333333     9230.93643074153      35
0.7355555555555554     10060.979269489015      36
0.7088888888888886     8661.508518733302      34
0.7422222222222221     11043.636174771616      38
0.7322222222222221     9964.36925366504      36
0.7311111111111109     9978.15897331142      36
0.7488888888888888     12876.45257321603      42
0.7088888888888886     9115.864573500645      35
0.7355555555555556     11497.273258409901      39
0.704444444444444     9201.393520203888      34
0.7411111111111109     16701.717114831245      46
0.7277777777777776     9457.781105827573      35
0.7155555555555553     9662.160464542709      36
0.7255555555555552     10051.282632202541      36
0.731111111111111     10282.389475954486      37
0.7355555555555554     10442.509395867206      37
0.7322222222222221     10748.517289838373      38
0.7077777777777774     9248.37460851579      34
0.713333333333333     9258.378630659608      35
0.7322222222222221     11186.45694224088      39
0.7088888888888886     9260.907471020679      35
0.7255555555555553     10793.737792391732      38
0.7233333333333332     9785.19696314399      36
0.7277777777777776     11385.623640915932      39
0.7077777777777774     9948.541188805928      36
0.7233333333333332     10179.888367310956      37
