0.752222222222222     12133.487323130297      35
0.7377777777777778     11157.961278495704      33
0.7511111111111111     11568.939654527117      34
0.7400000000000001     9582.644107925182      35
0.7366666666666666     10664.863568679079      38
0.752222222222222     12135.611582178246      35
0.7355555555555556     9642.631436265507      35
0.7144444444444441     7306.941155726139      31
0.7466666666666666     10896.218784077371      38
0.7277777777777777     10774.366113114536      32
0.7577777777777778     13665.138844373458      39
0.7377777777777775     11409.1073175628      37
0.7466666666666664     11731.449476838043      35
0.7011111111111108     7261.501713450709      31
0.752222222222222     12841.703405066984      37
0.7622222222222221     14898.580469559562      41
0.7377777777777778     11477.882961876012      34
0.7366666666666665     9842.093746818433      35
0.7344444444444445     9117.267435448595      34
0.7577777777777776     13612.54514109098      38
0.7355555555555555     9973.575414116383      36
0.7544444444444445     12872.37999700375      37
0.7388888888888889     11585.790285269923      34
0.7277777777777775     8388.771002764206      32
0.7566666666666665     14561.526623409698      40
0.7266666666666665     7990.037869001821      31
0.7266666666666665     8643.59001031418      33
0.7233333333333334     8262.571770267283      32
0.73     9177.418880381103      34
0.7144444444444443     8554.688620108605      33
0.7266666666666665     8948.11233989956      34
0.7544444444444444     15817.311468559614      36
0.7033333333333334     7523.332008497646      30
0.7533333333333332     12955.452687104076      37
0.7077777777777778     7855.017330193733      31
0.7488888888888888     12383.16356670016      36
0.7333333333333333     9973.22400010281      36
0.7377777777777773     11596.225396559941      35
0.7433333333333332     11777.329760728038      35
0.7422222222222221     12673.662079915668      36
0.7088888888888887     8000.121585608891      32
0.7555555555555555     13654.933547953951      39
0.7022222222222222     7958.840888988263      33
0.7333333333333332     9278.613758797646      34
0.7555555555555553     13135.3194334561      37
