0.14222222222222214     24158.748828630938      72
0.1466666666666666     28633.790632171345      76
0.11999999999999991     24400.833668780793      70
0.09888888888888883     22510.75761501892      69
0.1444444444444444     26638.409145607213      75
0.15111111111111106     29888.766788734563      79
0.14111111111111105     26378.569699394444      74
0.14444444444444438     29229.408147437574      78
0.13444444444444442     22958.61127052853      71
0.1166666666666666     23131.91082988153      69
0.1366666666666666     26060.382381196552      73
0.1366666666666666     26743.469955895864      74
0.13333333333333328     24130.22422847143      71
0.13999999999999993     26229.209999169656      75
0.13555555555555546     27028.142622551535      76
