0.8208333333333326     237.98075771904206      8
0.8499999999999991     245.33829986607802      8
0.933333333333332     479.0270704990313      11
0.8541666666666656     249.987422899096      8
0.8374999999999991     249.1105620943566      8
0.8208333333333325     288.5668542123213      9
0.9208333333333321     378.18150446447083      10
0.9249999999999987     449.71546440861783      11
0.887499999999999     345.28847064046295      9
0.7458333333333328     166.53102856053      7
0.8124999999999991     226.10006017588324      8
0.7874999999999993     290.6354476952859      9
0.8999999999999989     407.0088667963488      10
0.9208333333333322     460.7510525589287      11
0.9083333333333322     441.7309826076112      11
0.8958333333333323     445.1847902610115      11
0.9291666666666654     533.6842469700402      12
0.7458333333333328     188.52182715972708      7
0.8416666666666659     297.6453440114977      9
0.7583333333333327     234.03162352014584      8
0.9249999999999987     530.9645309305627      12
0.9208333333333322     468.95531385003756      11
0.9208333333333322     542.0480932449208      12
0.9208333333333322     544.0755523288514      12
0.7374999999999994     185.57744267957807      7
0.9124999999999989     453.08501907476233      11
0.8833333333333323     298.42823791348644      9
0.8916666666666656     368.5865439954891      10
0.9416666666666653     550.27831770007      12
0.7541666666666661     237.1604951892364      8
0.8374999999999991     304.12534599435224      9
0.766666666666666     352.4949447952071      10
0.7624999999999994     240.35449807652046      8
0.9166666666666655     457.4944230138652      11
0.9249999999999987     557.453667456389      12
