0.9124999999999989     436.0464704750652      11
0.9083333333333322     421.211347245575      11
0.945833333333332     607.2719914746352      13
0.9374999999999987     537.4509885581616      12
0.9374999999999987     544.0351139881693      12
0.8708333333333323     293.052367492329      9
0.9041666666666656     364.07824413520325      10
0.9416666666666653     594.0177199341258      13
0.8583333333333324     349.2129572645384      10
0.945833333333332     700.9960012114399      14
0.945833333333332     703.336114849851      14
0.9416666666666653     597.8558294853975      13
0.9374999999999987     597.8051353269803      13
0.8416666666666659     285.55505273515064      9
0.9416666666666653     641.9651901937625      13
0.8374999999999992     334.8994749324296      10
0.8124999999999992     294.4771063959967      9
0.8083333333333326     341.02907939211445      10
0.9374999999999987     599.8930183862121      13
0.9083333333333322     431.4606020612871      11
0.9249999999999988     441.2587357804507      11
0.8999999999999989     429.3139523532883      11
0.8541666666666657     346.05324234703374      10
0.933333333333332     445.5715269353401      11
0.9166666666666655     497.5125981982245      12
0.8958333333333323     359.9375828598078      10
0.945833333333332     719.8935009391669      14
0.945833333333332     808.5458173660209      15
0.7833333333333327     281.3659905862233      9
