0.8208333333333325     217.61199111271435      8
0.8999999999999989     429.73424410088177      11
0.8833333333333323     284.4026443961081      9
0.9041666666666655     442.09502664491964      11
0.8958333333333323     368.6207652601944      10
0.7499999999999994     118.56985629274627      6
0.862499999999999     281.67823223727885      9
0.9041666666666656     523.006700104427      12
0.9083333333333321     532.2514358388091      12
0.887499999999999     421.38558883788863      11
0.862499999999999     341.1148386197389      10
0.8541666666666657     281.2650433220277      9
0.8999999999999988     441.51625797703304      11
0.8499999999999991     273.9019418134503      9
0.7374999999999996     206.11544198601217      8
0.8999999999999989     522.3552824130047      12
0.7916666666666661     214.96001405554193      8
0.8333333333333325     279.5507969369668      9
0.8999999999999989     535.1875736288939      12
0.8583333333333324     337.0052141913883      10
0.9083333333333321     558.3280347078319      12
0.8874999999999988     432.45521788322      11
0.8958333333333323     519.1118539726992      12
0.8791666666666657     349.47387855193597      10
0.887499999999999     433.6856396970464      11
0.8791666666666657     351.2061996328026      10
0.8874999999999988     445.2589687137576      11
0.8999999999999988     541.4406857752871      12
0.8999999999999989     602.8547866938981      13
0.8833333333333323     434.63186132720864      11
0.8541666666666657     427.37408237454446      11
0.8208333333333326     271.8591070857424      9
0.8458333333333324     341.6807079384837      10
0.7249999999999996     158.3041927601985      7
0.8374999999999991     281.53830496545595      9
0.8083333333333327     216.52283873359585      8
0.7333333333333328     165.28230689381655      7
0.7791666666666661     214.45993233777108      8
0.8166666666666659     280.77753992019944      9
