0.9374999999999987     749.1355849839866      14
0.8833333333333323     398.9194247377918      10
0.933333333333332     641.1458995219601      13
0.9291666666666654     478.37024392425064      11
0.9374999999999987     757.820253065836      14
0.945833333333332     872.1937409101821      15
0.9374999999999987     765.9031182531138      14
0.933333333333332     737.5670658478301      14
0.945833333333332     979.8778274040494      16
0.945833333333332     1110.0853363120625      17
0.945833333333332     1124.4809390143225      17
0.945833333333332     1126.5003564150213      17
0.933333333333332     768.7030282788804      14
0.933333333333332     783.7089415950213      14
0.9416666666666653     802.3219167063553      14
0.9416666666666653     863.3051684784284      15
0.9291666666666654     526.1016285976999      11
0.9374999999999987     885.1202417750532      15
0.8208333333333325     460.5457376864921      11
0.9291666666666654     601.2651090610871      12
0.945833333333332     1142.9452680970053      17
0.945833333333332     1163.107039629423      17
0.8833333333333323     548.7552425701366      12
0.933333333333332     824.6834717071064      14
0.945833333333332     1246.7328558191384      18
0.8208333333333325     534.9073815514064      12
0.933333333333332     879.2669124213598      15
0.9416666666666653     976.6711307217776      16
0.9291666666666654     648.8469648621071      13
0.9291666666666654     969.493776220846      16
