0.87     8969.340583860892      34
0.7555555555555555     6268.985089025804      30
0.8711111111111108     9250.168620335799      34
0.8211111111111108     8123.515973148808      32
0.8688888888888888     9274.877638732822      34
0.7688888888888887     5899.457196261619      28
0.8744444444444442     9256.327876342315      35
0.8277777777777775     8111.294523495134      34
0.8033333333333331     6765.636335336223      30
0.8733333333333332     9129.344764567104      33
0.7744444444444445     6545.893104948157      29
0.8411111111111108     8243.012178541938      34
0.8311111111111107     8152.295804012783      33
0.7744444444444445     7890.352024197801      33
0.8377777777777775     8342.538866267309      33
0.7788888888888884     6350.719608203731      30
0.7555555555555555     7871.134375821709      33
0.7833333333333329     6847.279152702064      30
0.9066666666666667     9229.437726249185      32
0.8544444444444443     9000.76616161621      35
0.8177777777777779     8056.215807961971      33
0.8188888888888888     7432.416705716518      32
0.8877777777777778     9175.426219857574      34
0.7244444444444439     5738.038480257268      28
0.8255555555555554     6941.940634267107      30
0.7688888888888884     6651.126104684959      31
0.8799999999999999     9307.046330173665      34
0.8566666666666662     8429.695334708978      32
0.8344444444444443     8306.631631656563      33
0.753333333333333     6407.360028254786      29
0.7199999999999996     6327.541410034893      30
0.9022222222222221     8997.48604739497      32
0.7733333333333332     6268.769729381291      29
0.8644444444444443     8950.391839719836      34
0.7622222222222219     7449.1131255739865      32
0.8066666666666664     6715.473928408218      30
0.7888888888888888     8151.33141036117      33
0.822222222222222     8824.940393515488      35
0.802222222222222     7618.30817495015      31
0.9155555555555557     12042.991548633543      40
0.7155555555555553     5960.977631900728      29
0.9022222222222221     9701.497578077255      34
0.7666666666666664     8270.565749499441      35
0.9244444444444448     11992.00511415685      41
0.9166666666666672     11704.37989863278      40
0.6533333333333328     5578.690760501076      28
0.8433333333333334     10449.261389737374      38
0.692222222222222     5700.717678674805      28
0.8855555555555557     10804.398683363303      38
0.8700000000000004     12908.626352198024      43
