0.9433333333333336     15903.897469676529      43
0.9188888888888893     12191.373915642112      38
0.9133333333333334     10620.598595385765      36
0.9433333333333335     15502.472189065724      45
0.9222222222222223     11714.493331594416      39
0.9299999999999999     12063.948172308754      39
0.9133333333333334     10967.965079306226      37
0.9355555555555557     14005.657707248753      41
0.9444444444444446     15547.480003349316      44
0.917777777777778     11723.483101150969      38
0.9333333333333333     12801.732024268465      40
0.9088888888888892     10265.53102829093      36
0.8722222222222225     9725.228677743396      36
0.8644444444444447     9528.14457070973      36
0.9466666666666669     18217.4674228642      50
0.8277777777777777     8786.443884300365      35
0.9455555555555559     15669.284426072321      45
0.9211111111111113     12218.11895908358      40
0.9444444444444446     17412.168011452944      48
0.9177777777777779     11822.283822187863      39
0.9422222222222224     13685.897609504542      42
0.9277777777777777     12605.783415265518      39
0.9233333333333338     12652.310655760444      39
0.91     12119.76841675711      39
0.9166666666666669     13115.132010828991      42
0.9222222222222226     13944.715205583654      42
0.8977777777777782     10136.430680762101      36
0.8966666666666671     11822.984391812251      39
0.9311111111111112     14379.297794585413      43
0.8966666666666671     13188.07974168956      40
