0.8766666666666666     8996.62624608895      34
0.8444444444444446     8369.613296203377      33
0.8611111111111113     8451.978127343375      33
0.868888888888889     9173.014052891154      35
0.8722222222222223     9386.04020456655      35
0.847777777777778     8358.88562097312      34
0.7788888888888885     6959.799635670972      32
0.8533333333333335     8877.302153064942      34
0.8188888888888889     7142.788297886694      31
0.8677777777777773     8966.562352018645      34
0.791111111111111     7118.820202477924      32
0.8555555555555556     9478.695949266636      36
0.9066666666666668     10966.751866269487      39
0.8811111111111112     9561.228259463245      35
0.8355555555555558     7845.991694335521      33
0.9055555555555559     10124.192658159473      36
0.8433333333333337     8548.590689869952      34
0.8944444444444447     9819.541693150426      36
0.9077777777777777     11412.11896412017      38
0.8888888888888891     10398.464728416264      37
0.776666666666666     7022.002226285129      31
0.9155555555555558     12584.46230706561      41
0.8222222222222219     7219.350326777212      31
0.8355555555555556     7803.072752394516      32
0.906666666666667     12930.648621851655      41
0.7077777777777773     5491.696372892135      29
0.9111111111111115     14325.436309151066      44
0.8488888888888887     8747.204547854548      33
0.772222222222222     6740.978260539494      30
0.7644444444444443     6226.883552176913      29
0.8055555555555551     7407.5426072780865      31
0.8855555555555557     10374.511803549425      38
0.6544444444444445     5963.285125256646      30
0.8511111111111112     9144.56085919632      35
0.8844444444444446     10425.255237451653      38
0.9144444444444448     15347.371396224571      46
0.8766666666666668     9633.45448035349      35
0.9011111111111113     11074.495392194267      39
0.8411111111111113     8672.169327444917      35
0.7299999999999996     6959.070961150597      32
0.8466666666666666     9048.725578248504      35
0.8188888888888886     7462.700441052148      31
0.782222222222222     7967.069886462377      34
0.8311111111111111     9632.925483206172      37
