0.9200000000000003     12264.343043213885      40
0.9266666666666672     12331.525724736297      40
0.9277777777777783     12341.01965727936      40
0.8444444444444443     8045.571007270732      32
0.8655555555555554     8423.412843601156      34
0.8933333333333335     8698.544422574912      34
0.9011111111111113     9472.18614634797      35
0.8355555555555552     7826.0651507383245      32
0.9177777777777782     10511.46717159923      36
0.9288888888888893     12491.362528409783      40
0.9111111111111114     10115.39005274326      35
0.8633333333333332     8084.928717368797      32
0.8677777777777779     8663.516250218683      34
0.9311111111111116     13097.28472388504      41
0.9400000000000005     13152.699411765896      41
0.84     7834.845078301231      32
0.9322222222222228     14915.350555544463      42
0.8600000000000001     8454.538788895667      34
0.9455555555555558     17275.120653669837      48
0.9355555555555559     15459.77713155517      46
0.9433333333333337     16499.33617211312      47
0.8744444444444446     8958.899213011591      33
0.8822222222222225     9130.55037924505      35
0.9166666666666671     15919.621456811665      47
0.9122222222222225     10758.201006488138      37
0.8855555555555555     9859.414167317711      35
0.9133333333333334     13784.276842669165      41
0.8288888888888887     7349.136528757714      31
0.9122222222222225     17061.81014959209      48
0.8777777777777777     9298.112099059306      35
0.8877777777777776     11185.491150967762      39
0.8522222222222223     10293.422161818646      37
