0.9133333333333336     11467.47548051684      39
0.9133333333333333     11047.316479438863      38
0.9111111111111113     10985.72261997474      38
0.9122222222222222     10482.595393666219      37
0.8722222222222222     8840.285184460763      34
0.8722222222222226     8840.491608903176      34
0.9233333333333337     11358.72371111049      38
0.9022222222222225     10639.165135319385      38
0.8966666666666668     10461.9235200129      38
0.9111111111111113     10210.97045452351      36
0.9066666666666668     9460.81782356507      34
0.8900000000000001     9340.522199440536      35
0.9088888888888892     10652.684716471025      36
0.92     10965.631453809403      38
0.9311111111111117     13447.632693867137      42
0.9177777777777779     11338.277136207917      39
0.8855555555555557     9290.536788056206      34
0.8422222222222222     8349.413097975103      32
0.8955555555555558     10506.927747070638      36
0.8933333333333335     10128.534381153893      37
0.9322222222222225     12759.890693410805      39
0.8955555555555557     10142.816915388232      36
0.9333333333333339     13140.414086619157      41
0.9311111111111114     11535.550859215979      39
0.8988888888888892     11464.161408858332      39
0.9     11592.4841714292      40
0.841111111111111     7225.07790677408      30
0.9344444444444444     13233.874631900422      42
0.8788888888888887     9622.665637883414      34
0.8555555555555555     8904.386499067654      33
0.9288888888888895     11672.213351375016      38
0.9044444444444447     11734.745269513485      38
0.9255555555555558     12402.41266212877      40
0.9333333333333338     12429.910225956348      40
0.804444444444444     8981.645084056245      36
0.9133333333333338     11065.424900282514      37
0.9222222222222222     13077.780641741043      41
0.8377777777777777     8788.109430871202      35
0.8422222222222221     9678.139604594187      37
0.88     9121.455221609183      35
0.8677777777777778     10567.588925526245      38
0.814444444444444     8581.923896316895      35
0.8588888888888889     8272.053945371961      34
0.8766666666666666     8539.78069851525      31
0.795555555555555     8343.047024148907      33
0.8311111111111108     8726.883769157845      33
0.8533333333333332     7891.078821837979      32
0.9322222222222226     13900.250728675017      42
0.74     7223.302585721787      32
0.7099999999999995     7372.831029777317      32
