0.8458333333333323     19.898354130747474      18
0.8249999999999991     15.891776924275261      20
0.8458333333333323     18.44371488643873      23
0.8624999999999989     19.898354130747474      21
0.8541666666666656     19.898354130747474      22
0.8166666666666659     17.098939003484794      21
0.8041666666666658     19.50032240785202      20
0.8749999999999989     26.258503830557355      22
0.8333333333333324     19.898354130747474      17
0.791666666666666     17.060445510131704      16
0.8333333333333324     15.891776924275261      23
0.8541666666666656     19.898354130747474      19
0.862499999999999     26.258503830557355      23
0.8291666666666657     19.898354130747474      20
0.849999999999999     19.898354130747474      22
0.8124999999999991     17.098939003484794      18
0.8416666666666657     17.060445510131704      19
0.8124999999999991     21.722735838620117      20
0.8124999999999991     18.44371488643873      22
0.849999999999999     18.44371488643873      23
0.8666666666666656     23.89431408100967      22
0.7958333333333325     15.891776924275261      19
0.8708333333333323     26.258503830557355      18
0.8208333333333325     16.4273224856053      19
0.8624999999999989     26.258503830557355      20
0.849999999999999     19.898354130747474      19
0.8541666666666657     16.453941838852778      24
0.8041666666666658     15.891776924275261      17
0.8291666666666657     26.258503830557355      17
0.8624999999999989     19.898354130747474      23
0.8458333333333323     16.51501319975262      23
0.8041666666666659     15.891776924275261      19
0.8624999999999989     19.898354130747474      20
0.7999999999999992     19.898354130747474      16
0.874999999999999     26.258503830557355      21
0.8083333333333326     16.839256556485047      18
0.8166666666666659     22.406649243063384      22
0.8249999999999991     23.89431408100967      20
0.8833333333333323     26.258503830557355      22
0.8249999999999991     30.331587083599167      18
0.8541666666666657     46.683541231080845      17
0.7916666666666659     15.891776924275261      21
0.8374999999999991     35.44010599487095      17
0.7374999999999995     15.28038521200469      20
0.7624999999999993     15.891776924275261      18
0.8458333333333323     18.44371488643873      25
0.837499999999999     17.060445510131704      28
0.8416666666666657     46.683541231080845      22
0.887499999999999     26.258503830557355      23
0.7124999999999995     15.891776924275261      18
