0.7874999999999992     689.6567460347869      14
0.8708333333333323     1155.8116535319018      17
0.8124999999999991     707.3700271447424      14
0.6874999999999997     515.7924825970174      12
0.8249999999999991     716.9388914882786      14
0.8833333333333323     1496.7602442211373      20
0.8833333333333323     1656.8825125900848      21
0.8624999999999989     1139.5880018868818      17
0.8833333333333323     1681.2199745538487      21
0.8458333333333323     937.8216176210516      16
0.7708333333333327     702.0487747292739      14
0.8833333333333322     1514.237675629721      20
0.8791666666666655     1274.237003103047      18
0.8416666666666657     837.2389549283507      15
0.874999999999999     1271.8465555670193      18
0.849999999999999     946.8786417944664      16
0.7749999999999992     771.7901576106829      14
0.816666666666666     838.3835699422557      15
0.8291666666666657     948.1352149891309      16
0.7749999999999992     809.8657506090512      15
0.849999999999999     1063.6255929343297      16
0.7458333333333328     516.8816031186778      12
0.8583333333333323     1098.5329125847877      17
0.7999999999999992     840.8842858673484      15
0.8416666666666658     966.1325905480594      16
0.8791666666666657     1368.1425118465095      19
0.8083333333333326     941.5145440544477      16
0.8166666666666658     1070.4445558327868      17
0.8666666666666656     1823.889813161409      22
0.6208333333333331     429.1865331779838      11
0.8583333333333323     1227.179027287973      18
0.7624999999999994     768.3239555721217      14
0.7291666666666662     685.2053863365921      14
0.7249999999999994     1270.295633194599      18
0.8166666666666658     1630.0338066302595      21
0.7916666666666659     1404.496708039511      19
0.8083333333333325     1577.9633441858577      20
0.8833333333333322     2010.8727920391545      23
0.6791666666666664     490.8018317317062      12
0.849999999999999     1711.9221822999868      21
0.7958333333333326     1481.7551873121593      20
0.7874999999999993     2076.060131281944      23
