0.8541666666666657     1134.5623835764445      17
0.8458333333333324     1007.088526058586      16
0.8833333333333323     1225.8218977871422      17
0.7583333333333326     535.888382841034      12
0.8041666666666658     654.1496923438841      13
0.8458333333333323     962.3715858041452      16
0.874999999999999     1193.2159956013716      17
0.7499999999999994     521.6539049765134      12
0.8041666666666659     722.2346454985262      14
0.8041666666666658     740.7602927088789      14
0.8541666666666657     1222.029257763087      18
0.8208333333333324     759.3427435797774      14
0.8541666666666656     1083.7783322946866      17
0.849999999999999     1047.2770030550334      16
0.7541666666666661     526.399047458351      12
0.8916666666666655     2135.526884156764      23
0.8874999999999988     1542.5696206393116      19
0.7166666666666663     512.7232880660174      12
0.7999999999999993     638.6123032478913      13
0.7041666666666663     466.05979379102706      11
0.8791666666666657     1620.4257695763324      20
0.8874999999999988     1648.4141001606497      20
0.8833333333333323     2250.469550871901      24
0.8458333333333323     1264.3401861143013      18
0.7999999999999992     835.0565850005835      15
0.887499999999999     2257.9584582086973      24
0.8208333333333325     882.5487593855952      15
0.8208333333333325     962.6766252772392      16
0.862499999999999     1510.8826165518524      20
0.849999999999999     1330.7810489283206      18
0.874999999999999     1533.3007145718288      20
0.8083333333333326     1024.318089219424      16
0.7874999999999993     577.4835688405443      12
0.8791666666666657     1899.6316350068842      22
0.8416666666666657     1146.8431858435133      17
0.8916666666666655     2351.197266851157      24
0.7499999999999993     765.4151719833386      14
0.8166666666666659     1237.739292639477      18
0.8624999999999989     1811.8872409822754      21
0.8416666666666658     1311.895480897261      19
0.8916666666666655     2554.441260167131      25
0.8041666666666659     1067.2568346740816      17
0.8291666666666657     1357.8969404383943      18
0.7208333333333329     652.6065038281041      13
0.791666666666666     801.0010791557767      15
0.8499999999999991     1555.9469460927933      19
0.8083333333333326     1128.472882057428      17
0.7874999999999993     983.0887407428936      16
