0.7874999999999993     19.898354130747474      16
0.874999999999999     25.587266320265506      22
0.8458333333333323     19.898354130747474      19
0.8124999999999992     19.898354130747474      17
0.8541666666666657     25.587266320265506      16
0.874999999999999     26.258503830557355      20
0.874999999999999     25.587266320265506      21
0.8208333333333324     15.62715944630208      19
0.8416666666666657     15.891776924275261      22
0.8708333333333323     24.4674756737295      22
0.837499999999999     19.898354130747474      19
0.8374999999999991     23.89431408100967      16
0.8791666666666657     24.4674756737295      22
0.8333333333333325     16.31880483573607      18
0.8166666666666659     13.491199766778697      18
0.8541666666666656     15.891776924275261      22
0.8333333333333325     15.28038521200469      21
0.849999999999999     19.898354130747474      20
0.8666666666666656     19.898354130747474      18
0.8291666666666658     25.587266320265506      15
0.779166666666666     13.815562298553397      17
0.8249999999999992     13.634634129436096      20
0.849999999999999     16.87477735869244      23
0.8583333333333323     23.89431408100967      18
0.8458333333333323     15.62715944630208      24
0.887499999999999     159.44511819269826      26
0.8791666666666657     24.4674756737295      23
0.8041666666666659     14.641127138293779      17
0.8458333333333323     16.31880483573607      20
0.8124999999999992     13.815562298553397      19
0.8541666666666657     15.28038521200469      25
0.8166666666666659     19.898354130747474      17
0.874999999999999     25.587266320265506      23
0.8708333333333323     23.89431408100967      19
0.8208333333333324     15.62715944630208      20
0.8458333333333323     15.62715944630208      21
0.8124999999999992     15.28038521200469      21
0.8666666666666656     24.454696293495616      25
0.8458333333333323     25.587266320265506      17
0.874999999999999     23.89431408100967      22
0.8833333333333323     26.258503830557355      22
0.8041666666666659     16.4273224856053      18
0.8124999999999992     19.898354130747474      16
0.7874999999999993     23.89431408100967      16
0.874999999999999     35.44010599487095      18
0.7458333333333328     15.891776924275261      15
0.8791666666666657     24.4674756737295      26
0.6999999999999995     13.634634129436096      15
0.887499999999999     159.44511819269826      24
0.7791666666666659     35.44010599487095      22
