0.7933333333333331     9775.311228852195      38
0.7188888888888888     6274.863335277872      30
0.7999999999999998     9796.50695062532      38
0.7488888888888886     6473.677553644607      31
0.7966666666666665     10101.016297417922      38
0.8233333333333333     13562.6203771492      44
0.8233333333333331     12977.969014241578      43
0.8255555555555554     13958.548578633448      45
0.7077777777777774     6208.963063655804      31
0.7933333333333334     9810.454086904561      37
0.8255555555555553     13807.613158925345      44
0.7     6517.417649098961      32
0.7688888888888886     7558.805034153746      33
0.8144444444444443     10327.590254832958      38
0.7911111111111108     8473.0658203758      35
0.7755555555555552     9212.382125318258      37
0.7688888888888885     8377.17337242545      35
0.8066666666666665     11465.98449966205      41
0.7911111111111111     9310.073883208412      36
0.8177777777777776     11875.116986261508      41
0.8199999999999998     12871.006538229358      43
0.6911111111111107     6137.398020542297      30
0.7533333333333332     6945.714196122075      32
0.7433333333333333     7278.013006389036      33
0.8255555555555555     14678.601922051857      47
0.8177777777777776     13162.515846511156      44
0.781111111111111     9707.19713296941      37
0.7477777777777775     8101.433317264892      35
0.7633333333333332     8326.523097605903      36
0.7688888888888886     8684.360027471103      36
0.7344444444444441     7676.985827516936      34
0.7744444444444442     10326.449232379131      39
0.7433333333333331     8718.776738314446      36
0.8033333333333332     11012.384904153654      40
0.8166666666666665     12440.491742373097      42
0.8177777777777776     15469.391622970406      48
0.8055555555555557     12005.975838811952      41
0.7544444444444443     10803.75621246891      40
0.7644444444444441     11164.833353583832      38
0.7022222222222217     7664.09461414833      34
0.7188888888888887     8188.543608533449      35
0.6855555555555553     8640.054833040678      36
0.7944444444444443     11053.527885082218      41
0.6588888888888881     7066.3021006740555      33
0.8011111111111112     12854.76015368366      41
