0.7944444444444443     10519.601797538638      39
0.7488888888888888     7782.578603109651      33
0.7944444444444446     8367.703852555735      34
0.7544444444444443     7384.596475080507      33
0.6866666666666665     5904.224922747457      29
0.7788888888888891     7920.854254810717      33
0.7477777777777775     6297.29008587409      30
0.7288888888888887     6101.650444002859      29
0.6033333333333326     6388.573677901676      30
0.7944444444444444     10492.958409980676      38
0.6533333333333333     5415.820749158868      29
0.8000000000000002     8438.306869428206      34
0.72     5920.488865697319      29
0.8066666666666668     10245.069591646357      38
0.7500000000000002     7211.036575177801      32
0.5922222222222217     4378.50132402742      26
0.8022222222222224     10416.68715360522      39
0.7288888888888886     6623.337181447464      32
0.7733333333333331     9482.751206681289      37
0.8077777777777778     10289.678784236361      38
0.7677777777777774     8229.869567173264      35
0.7911111111111113     10577.861407440236      39
0.6388888888888882     4548.017210172479      26
0.722222222222222     5929.972375813282      29
0.5033333333333329     3984.6446387983524      25
0.634444444444444     5718.218660833075      30
0.7877777777777778     8177.056265827189      34
0.7722222222222221     7659.736908277075      33
0.6577777777777776     5815.926931626216      29
0.595555555555555     4682.933274538527      27
0.7344444444444443     7211.56153926423      33
0.7666666666666665     8811.724991624778      36
0.7622222222222221     7451.223357348912      32
0.7433333333333333     7966.43913860894      34
0.5944444444444439     4849.290433271586      27
0.783333333333333     11663.05748063132      41
0.7744444444444444     8869.3547493447      36
0.7544444444444443     9388.253274371702      35
0.8011111111111111     10692.672904699764      40
0.6866666666666663     5761.309323630482      30
0.8055555555555558     9641.741289294952      37
0.6133333333333326     5462.113020389615      29
0.6411111111111104     5228.094550611963      28
0.6966666666666664     6604.447997938805      31
0.8044444444444444     11809.446841232115      41
0.5111111111111105     6488.2399514895205      32
0.5799999999999994     4494.018183276756      26
0.8122222222222222     12674.716536003374      43
0.4622222222222217     5421.713422813985      30
0.6099999999999994     4108.473157021273      25
