0.49666666666666665     4501.1112923020055      29
0.49888888888888916     4506.514314491896      29
0.46444444444444416     3951.601380866415      28
0.4733333333333333     4044.6789166239846      29
0.5077777777777777     4788.161365497212      31
0.522222222222222     4849.78880898142      31
0.48999999999999994     4427.311759585889      29
0.4644444444444445     4082.4934901696033      29
0.5122222222222221     4788.6794343095635      31
0.5744444444444444     6838.009841784516      37
0.5333333333333333     4923.422430255545      31
0.491111111111111     4453.084776714891      29
0.4822222222222221     4333.860929270779      29
0.4999999999999998     4485.554337355922      30
0.553333333333333     5894.017455326861      34
0.5433333333333331     5173.50871134524      32
0.5255555555555556     4879.481279529357      31
0.4644444444444442     4153.2066888200625      28
0.49888888888888916     5239.2985706264635      32
0.5766666666666669     6906.673339954493      37
0.5488888888888885     5248.295214185995      31
0.5644444444444444     6371.315132124238      36
0.5555555555555554     6837.123103630714      37
0.552222222222222     5881.498933884499      34
0.5800000000000002     7142.51852557966      38
0.5655555555555556     7958.59603790435      41
0.4444444444444444     3397.341344039343      26
0.5499999999999999     6292.663790361464      36
0.451111111111111     4049.04560608162      29
0.5488888888888885     6589.326851972622      36
0.4011111111111109     3728.9165176528345      28
0.5366666666666664     6479.7899758686735      36
0.5533333333333332     6959.643096269715      38
0.6022222222222224     9879.484660151871      45
0.4322222222222219     4035.2551473698736      28
0.4755555555555554     4949.684153612836      32
0.522222222222222     5615.924360351143      34
0.5144444444444443     5389.9462939089135      33
0.4644444444444445     4089.4991927701158      29
0.5466666666666669     6894.938425909505      38
0.5677777777777776     9008.492533658724      44
0.52     6345.945357045607      37
0.4744444444444444     4179.326320867621      28
