0.8900000000000003     9230.212146533919      33
0.8711111111111113     8208.593123800632      31
0.8377777777777778     7258.820914417716      29
0.9177777777777779     11437.075248161442      37
0.8333333333333335     6891.289887517852      28
0.8933333333333333     10212.324806954717      35
0.9022222222222224     10405.795544809547      36
0.8500000000000003     7627.97884313099      30
0.8655555555555556     8462.958101547136      32
0.8177777777777778     6655.3517257477315      28
0.7533333333333329     5677.343103908128      27
0.8400000000000001     7705.825173186755      31
0.8744444444444446     8473.138626117672      32
0.8166666666666663     6682.997623281515      28
0.7899999999999999     6198.486363861806      27
0.8333333333333333     7162.7915583637805      29
0.8311111111111112     7168.856518296039      29
0.8122222222222223     6558.792689883531      28
0.9166666666666669     12565.35259160911      40
0.8155555555555556     6596.703860539472      28
0.812222222222222     6224.348144655799      26
0.8577777777777779     7857.853343374638      30
0.8122222222222223     6574.807243234654      28
0.916666666666667     14062.884374627225      36
0.8744444444444447     9023.161101258389      33
0.8533333333333333     7822.098672483755      30
0.84     7406.55478984843      29
0.8433333333333334     7979.035255102739      31
0.8766666666666666     9122.871017461948      33
0.92     12678.079068963641      40
0.828888888888889     6857.1702585083285      28
0.92     13198.799983721023      41
0.8355555555555555     10112.52025240626      27
0.8555555555555553     7996.959443781092      31
0.7866666666666665     6188.021799021983      27
0.8188888888888889     6928.824153611222      29
0.838888888888889     7826.066275182154      31
0.8488888888888888     8020.64825746273      32
0.8333333333333335     7175.89701428147      29
0.8877777777777778     10087.964162006327      35
0.9055555555555557     14880.932048456327      38
0.8222222222222222     7602.558579120869      31
0.8411111111111109     8088.057475249811      31
0.8199999999999996     7002.220014745839      29
0.861111111111111     8101.571026597695      31
0.8733333333333333     8748.61554060639      32
0.8966666666666665     10577.646319573601      36
0.9133333333333334     12019.162871096194      39
0.8200000000000001     7051.294553127222      29
0.9022222222222224     10625.28167413118      36
