0.7533333333333331     5603.237526753361      26
0.7966666666666665     6235.69427176785      27
0.802222222222222     9719.23795057576      27
0.8611111111111113     7949.5120960920285      31
0.8655555555555557     11060.822054999024      30
0.7299999999999995     5271.083757146948      26
0.8588888888888888     7985.067870570036      31
0.8811111111111114     9363.534766224326      33
0.7388888888888886     5556.375997794784      26
0.8855555555555555     12591.485001303807      34
0.8755555555555559     8364.221269626987      31
0.8222222222222222     6643.256237108504      28
0.8055555555555551     6338.00150284487      28
0.8077777777777775     6436.108924538476      28
0.8199999999999996     6715.027902376506      28
0.7777777777777775     6125.954374256873      27
0.8255555555555553     6735.835780325349      28
0.8455555555555558     7549.184137011705      30
0.8533333333333334     7716.714175630846      30
0.7711111111111107     5644.296527476929      26
0.8155555555555554     6629.541476557678      28
0.8344444444444442     6756.70356456084      28
0.7655555555555549     5858.142939458202      26
0.742222222222222     5801.7435315288985      27
0.8633333333333335     8002.995526171638      31
0.8633333333333335     8326.87372101691      32
0.8011111111111108     6445.813576724366      28
0.8733333333333335     10244.629972240427      36
0.8666666666666669     11417.38663872268      31
0.7999999999999996     6558.444103818568      29
0.7866666666666666     6516.8291823588415      28
0.803333333333333     6606.445735356898      28
0.7655555555555552     5892.384805424518      27
0.783333333333333     6381.290200818896      28
0.868888888888889     8387.483832886814      32
0.8533333333333334     7788.884201567863      31
0.7966666666666666     6558.660329359689      28
0.7777777777777773     6035.91962095162      27
0.8444444444444444     7102.53639054309      29
