0.8811111111111113     8350.634813597353      31
0.8233333333333333     6415.569338488289      27
0.8688888888888888     7807.023336080568      30
0.9255555555555557     12595.677033558859      39
0.8533333333333332     7063.422812073854      28
0.9066666666666667     10132.215765421339      35
0.8855555555555554     8759.15672910319      32
0.8811111111111111     8359.130995462501      31
0.8733333333333334     8098.925917464563      30
0.8344444444444444     6809.327940826279      28
0.8588888888888889     7659.264651599535      30
0.8833333333333335     8726.591264035902      32
0.8400000000000003     6840.223992100621      28
0.8711111111111112     7907.013335987618      30
0.8677777777777778     7782.074049721544      30
0.8344444444444443     6736.886822955007      28
0.8166666666666663     6216.546292369131      27
0.8811111111111112     8447.824561878359      31
0.87     8104.392028562762      31
0.8944444444444447     8956.781675891509      32
0.8655555555555552     7798.388152282021      30
0.8444444444444444     6876.54263635359      28
0.8677777777777776     7804.413833194766      30
0.8699999999999998     7838.44886571836      30
0.8733333333333334     8297.799049000692      31
0.8711111111111112     8190.556129765166      31
0.8688888888888888     8069.42699015969      31
0.8588888888888887     7126.964462246108      28
0.8711111111111112     8195.843209204275      31
0.8688888888888887     7888.59418399766      30
0.8266666666666664     6610.715266378872      28
0.832222222222222     6820.244013459937      28
0.7622222222222221     5562.0578443409695      26
0.862222222222222     7731.159806572293      30
0.8688888888888888     8101.357417543424      31
0.8555555555555555     7297.200913638559      29
0.84     6923.37419965112      28
0.8711111111111112     8254.592626003245      31
0.8833333333333333     8533.265105510922      31
0.8688888888888888     8123.1441007496205      31
0.88     8696.224117527856      32
0.8333333333333329     6883.47449705735      28
0.8233333333333333     6755.253941818903      28
0.8588888888888887     7397.279532142221      29
0.883333333333333     11823.473311738404      32
0.8044444444444441     6260.460186942555      27
0.9     10250.498708156743      35
0.8855555555555558     9183.757699096022      33
0.8844444444444448     9025.66568782606      33
0.9033333333333335     13627.353795747389      36
