0.88     10686.237361293826      36
0.8755555555555554     10494.911394336243      35
0.8855555555555555     11210.250084390693      37
0.7966666666666666     7647.4464807022505      31
0.8022222222222222     8395.446593202814      32
0.8888888888888888     11940.26334463009      38
0.9111111111111112     14075.281914955      43
0.8522222222222222     12949.940104867708      34
0.8566666666666666     10170.096004465162      35
0.8111111111111108     8565.221715838796      34
0.8422222222222223     9277.96318170404      33
0.9255555555555556     14460.574921064368      43
0.7777777777777773     7399.7088248326745      31
0.8755555555555554     10865.567403165776      36
0.7877777777777776     7465.210710481398      30
0.7955555555555553     7714.779751216966      31
0.7711111111111107     6841.316847746161      29
0.8744444444444445     10842.746947956635      36
0.852222222222222     9943.200937305788      35
0.9077777777777778     13968.072228030409      42
0.7744444444444443     7074.346002702344      30
0.7566666666666665     6815.387520643581      29
0.8566666666666664     10193.777446330127      35
0.8844444444444447     11309.64718193363      37
0.7244444444444438     6082.09759462539      28
0.7488888888888885     6975.012394970504      30
0.918888888888889     14353.520363720829      43
0.7544444444444443     7425.535436308159      31
0.9066666666666668     12398.725183502042      39
0.9144444444444444     14635.353021475114      44
0.9011111111111111     12822.114206956232      40
0.9011111111111111     12843.664126314565      40
0.831111111111111     9387.780252942724      34
0.8366666666666664     9786.858264032297      35
0.8777777777777777     10978.845096020108      36
0.9     12280.939038964987      39
0.8499999999999999     10233.254145351979      36
0.7066666666666662     6146.867403416877      28
0.7855555555555553     8407.229937146061      32
0.7777777777777777     8034.711365217006      33
0.7711111111111107     7917.770156837895      32
0.8855555555555555     11677.387401416105      38
0.7444444444444441     6450.668935363489      28
0.7966666666666666     8301.168496824333      33
0.7444444444444441     6712.119504450514      29
0.7711111111111111     8257.937824360088      33
0.7644444444444445     8194.183485993099      33
0.7577777777777773     7560.395648133031      31
0.8222222222222221     8626.370980315818      33
0.8466666666666667     9891.759718710657      34
