0.8588888888888888     8111.811595929576      31
0.8611111111111112     8733.209603366298      32
0.8622222222222223     8973.961619670565      33
0.9177777777777777     12109.662890977015      39
0.8944444444444445     10252.589843599699      35
0.8911111111111113     10392.092859884082      36
0.8355555555555553     7597.312687260398      30
0.9233333333333336     12526.825792186251      39
0.8022222222222222     6694.2051249146425      29
0.9177777777777777     12524.146041706943      40
0.8222222222222223     7060.472426517528      28
0.864444444444444     11564.424759069658      31
0.8888888888888891     10075.578319869655      35
0.805555555555555     6768.891866152255      29
0.9088888888888892     11054.794154689282      37
0.9244444444444445     13254.778778584032      41
0.9166666666666667     11946.300607343199      39
0.8522222222222224     7992.368208906568      30
0.8488888888888887     8157.012929281583      31
0.8966666666666668     10512.58304401057      35
0.8855555555555557     9388.22028510542      33
0.8055555555555554     6872.794270456333      29
0.8822222222222222     9541.560064444957      34
0.9222222222222223     12918.516631723161      40
0.8544444444444445     8574.861247148066      32
0.9200000000000003     12573.916044989348      39
0.9322222222222225     16208.553132745747      40
0.9177777777777779     12556.08170722791      39
0.8777777777777778     9227.933564944164      33
0.8488888888888888     8612.385991896137      32
0.8166666666666668     6997.67746188978      28
0.9011111111111114     10726.384724763715      36
0.8366666666666666     8252.281881422656      32
0.8122222222222223     7289.489414458915      30
0.9144444444444445     12264.629143291491      39
0.8088888888888883     7219.55427943033      31
0.832222222222222     7542.554634322579      31
0.9077777777777779     11995.787477848551      39
0.8711111111111113     9283.95463114996      33
0.9188888888888889     12795.084513328016      40
0.8944444444444447     10771.162897376966      37
0.9033333333333335     11345.032731759384      38
0.917777777777778     12953.54106805239      40
0.8377777777777774     8259.753798311953      32
0.8666666666666667     9757.573569849514      35
0.8133333333333329     7444.635862440254      31
0.8277777777777776     7862.592719112841      31
0.8800000000000002     9792.856454350476      34
0.908888888888889     12668.95219186365      40
0.8122222222222221     7322.80593373024      30
