0.8066666666666663     6406.317971643711      27
0.823333333333333     6644.8070833203765      27
0.7444444444444442     5334.542533758037      24
0.7377777777777778     5462.350091470459      24
0.7666666666666664     5903.025708210259      25
0.8722222222222221     8273.854968433654      30
0.7277777777777776     5369.151498200919      25
0.8222222222222221     6672.689425912357      27
0.7544444444444443     5612.748990465606      26
0.8466666666666662     7434.730957003491      29
0.8555555555555552     7536.641013634661      29
0.8688888888888885     8211.725441923729      30
0.8622222222222223     8145.7927655316535      30
0.8199999999999995     6892.4174679732005      28
0.7944444444444443     5993.776394700037      26
0.8199999999999996     6913.267497502007      28
0.8511111111111109     7536.261585037129      29
0.8399999999999996     7193.093345992382      28
0.8299999999999996     6992.2916783734845      28
0.8422222222222219     7213.136445597715      28
0.8155555555555553     6799.911438576978      28
0.8333333333333331     7274.283946943362      29
0.8499999999999999     7808.889455773509      30
0.834444444444444     10291.496602262314      28
0.8022222222222217     6091.574843146849      26
0.8022222222222223     6194.49323011374      26
0.7033333333333328     5034.392788420299      24
0.8144444444444441     6582.123417473311      27
0.8333333333333328     7409.11384300239      29
0.8244444444444441     6953.631315832044      28
0.8588888888888885     11244.494508491694      30
0.7166666666666666     5053.676828612215      23
0.764444444444444     6161.221477369329      26
0.723333333333333     5194.892520460232      24
0.8488888888888887     7742.942879389026      30
0.8677777777777779     8678.034847112865      32
0.8499999999999998     7819.8642508476005      30
0.8211111111111108     7174.585789939184      29
0.8422222222222217     7484.559121629701      29
0.8111111111111108     6738.4761001760135      28
0.8477777777777779     7750.826182797546      29
0.8066666666666662     6456.142069654468      27
0.7188888888888888     5362.183141548321      24
0.7499999999999996     5972.99876936487      26
0.8522222222222219     8185.897990153881      31
0.8399999999999996     7455.753224493386      29
0.7955555555555553     6254.220474194926      27
0.7444444444444442     5786.934615482337      26
