0.8388888888888882     7566.108747221279      31
0.8388888888888882     7884.197525428402      32
0.8266666666666664     7126.256199231297      30
0.7177777777777774     5067.474997408098      26
0.8033333333333328     6777.7979123784135      29
0.7366666666666664     5488.497473150951      27
0.792222222222222     6575.548395772653      29
0.7899999999999998     5968.083456481617      27
0.8299999999999998     7598.87639801773      31
0.791111111111111     6509.679295012575      29
0.7522222222222219     5681.24551864862      27
0.7766666666666666     5863.045751278092      27
0.7988888888888885     6580.342463612156      29
0.7544444444444445     5801.588598480903      27
0.7555555555555555     5948.463978839648      28
0.7844444444444443     6312.429020049006      29
0.8433333333333327     7982.994319993072      32
0.7877777777777777     6520.314212071775      29
0.7366666666666665     5690.288779758329      28
0.761111111111111     5999.8859814438      28
0.7355555555555555     5588.877508051393      27
0.7177777777777774     5286.511670585923      27
0.7377777777777778     5962.934530221584      28
0.7088888888888888     5845.422955455327      28
0.7477777777777775     6113.557760946146      29
0.7444444444444441     6086.101949592385      29
0.8255555555555552     8145.682122453643      33
0.782222222222222     6477.600794158172      29
0.7766666666666666     6118.358216911345      28
0.8044444444444443     6948.121958187437      30
0.823333333333333     7146.3832758102735      30
0.7766666666666666     6120.761230137233      28
0.8022222222222221     6627.551113442118      29
0.792222222222222     6848.891145672412      30
0.7055555555555554     5340.012686319435      27
0.7166666666666665     5930.079391020094      28
0.8177777777777773     7077.911817423876      30
