0.8208333333333326     24.465619829022245      29
0.816666666666666     23.657062888359242      30
0.8249999999999993     24.465619829022245      31
0.8208333333333326     24.465619829022245      30
0.8124999999999993     24.465619829022245      29
0.8124999999999993     23.657062888359242      30
0.8208333333333326     23.657062888359242      31
0.8083333333333327     23.657062888359242      29
0.816666666666666     23.657062888359242      32
0.7833333333333328     23.657062888359242      28
0.8291666666666659     24.465619829022245      32
0.8249999999999993     24.465619829022245      32
0.8208333333333326     23.657062888359242      34
0.8208333333333326     24.465619829022245      31
0.8291666666666659     24.465619829022245      33
0.8249999999999993     24.465619829022245      33
0.8249999999999993     24.465619829022245      34
0.8124999999999993     23.657062888359242      31
