0.5888888888888888     6643.822106699985      36
0.6144444444444442     8087.0651996608985      40
0.5655555555555554     5936.243708812239      34
0.5888888888888887     6574.411423738892      35
0.5011111111111108     4325.009914839523      29
0.5588888888888887     5353.497608132826      32
0.5733333333333331     6339.559122501952      35
0.5600000000000002     5755.129662792641      33
0.49888888888888866     3848.039933119798      27
0.5655555555555556     6266.831492824195      35
0.5644444444444444     5764.80124437581      34
0.5911111111111109     6662.218755871736      36
0.5399999999999999     4502.394659889865      29
0.6166666666666668     8102.16119236026      40
0.5955555555555555     7161.230505341326      38
0.5799999999999998     6554.241823150795      36
0.6133333333333333     7494.456280232144      38
0.49999999999999994     4557.117703987856      31
0.5433333333333331     5102.651904826023      31
0.4733333333333331     4214.967095747837      29
0.482222222222222     4450.500391789996      30
0.6000000000000001     8604.717025812373      41
0.6088888888888888     9030.701451105706      42
0.5933333333333332     7038.510938544647      37
0.46111111111111097     3887.5630464596843      29
0.43555555555555525     3830.920873203605      28
0.5244444444444442     5302.919425569343      33
0.4944444444444445     4653.982449596547      30
0.52     5287.794202712686      33
0.5322222222222219     5385.962514421214      33
0.5699999999999998     6386.328179713556      36
0.4866666666666667     4952.491446802288      33
0.4133333333333331     3473.4806383866226      28
0.5811111111111109     8362.674002493586      42
0.5566666666666666     5606.453947370899      33
0.5655555555555556     6520.600457418305      36
0.5088888888888886     5814.74460791993      35
0.5622222222222222     6359.658043432682      36
0.5533333333333331     6846.092981453735      38
0.5511111111111108     7548.006366309242      39
0.531111111111111     6417.8011027620105      36
0.5744444444444443     7855.7265999511765      40
0.5266666666666667     6189.977851366713      36
0.5099999999999999     5866.935682135101      35
0.6000000000000001     9177.504232421736      43
0.5222222222222221     6018.1586409742      35
