0.5311111111111112     4917.37175406652      30
0.5544444444444445     5960.305441793223      34
0.5544444444444445     5480.801191681978      32
0.5322222222222222     5467.04590474096      31
0.5322222222222223     4677.084362262828      29
0.5677777777777778     5722.1104188961845      32
0.5100000000000001     4643.15112268522      30
0.5333333333333332     4734.594007600674      30
0.5544444444444446     5657.1421590974305      33
0.49111111111111116     4464.529598319081      29
0.48777777777777753     4781.364411931869      31
0.5344444444444445     5639.282281908877      34
0.5155555555555557     4873.324285823312      30
0.48666666666666675     4238.7610271362055      29
0.5411111111111112     4949.41943509399      30
0.5100000000000001     5252.7460750063      32
0.5355555555555555     5529.630612344382      33
0.48666666666666647     4479.472343860368      30
0.5311111111111112     4609.881819361542      29
0.6022222222222224     7345.933477579871      37
0.548888888888889     5283.643268003255      31
0.4944444444444445     4554.9447863175565      30
0.568888888888889     5997.384291788933      33
0.518888888888889     5093.842354607514      33
0.5766666666666667     5771.975891017923      33
0.5655555555555556     5676.596165940176      33
0.54     4905.3055284896955      30
0.5144444444444446     4569.769041866023      29
0.47888888888888903     3983.521170661537      28
0.5933333333333332     7369.138398775503      38
0.5677777777777779     7094.628536620601      37
0.5455555555555558     5752.9101583487945      33
0.4900000000000001     4274.59159584004      29
0.5977777777777777     7329.735529128995      38
0.5533333333333332     5411.409092656782      32
0.5066666666666666     4820.2017432836965      31
0.5833333333333331     6201.128419946918      35
0.581111111111111     6099.324039578414      34
0.501111111111111     4654.187396568413      31
0.4333333333333334     3481.4827370516005      26
0.5633333333333334     7247.877470343079      38
0.4788888888888891     4078.8468030585      28
0.5955555555555555     6983.792290052993      37
0.5222222222222221     5910.372372189363      34
0.4711111111111112     5012.332624853019      32
0.5844444444444445     6661.429847181751      35
0.42555555555555546     3435.23020158234      26
0.61     8460.661281550032      41
0.4477777777777776     4441.682377525068      30
0.6133333333333335     8654.531020179787      41
