0.8041666666666659     2899.0064217019544      28
0.8166666666666659     3322.4001056365946      30
0.7833333333333327     2644.4830477767696      27
0.7874999999999993     2663.06544896191      27
0.7958333333333326     2683.3235446542994      27
0.7999999999999993     2865.8805140739273      28
0.8041666666666659     3018.2933367581863      29
0.7958333333333326     2906.18098696934      28
0.8083333333333326     3087.984320632789      29
0.8208333333333325     4024.7270609377047      33
0.8124999999999992     3126.4434940377446      29
0.8166666666666659     3519.7138704885165      31
0.8166666666666659     3597.4019557203324      31
0.8124999999999992     3359.6899461987537      30
0.8166666666666659     3765.317589655716      32
0.8208333333333325     4234.270917158857      34
