0.7791666666666661     2584.19954803413      27
0.791666666666666     2782.379181368229      28
0.7874999999999993     2800.3081961090666      28
0.791666666666666     2818.1003579310463      28
0.7999999999999993     3006.115787857648      29
0.8041666666666659     3023.3082868572255      29
0.8166666666666659     3490.042584243325      31
0.8124999999999992     3256.323089848858      30
0.8124999999999992     3462.347115393015      31
0.8166666666666659     3499.588757980994      31
0.8208333333333325     3739.346720697482      32
