0.872222222222222     7674.427070406405      32
0.873333333333333     7941.715996709858      30
0.8966666666666668     8981.017069496347      34
0.8844444444444444     8936.863798246732      35
0.8988888888888888     9175.240479027774      35
0.8799999999999998     8875.470009207287      35
0.8777777777777774     9065.345634520882      32
0.9255555555555558     11057.518466604648      35
0.874444444444444     8468.229053526535      31
0.8822222222222219     9189.864397631536      32
0.8699999999999999     8463.740903679762      32
0.8622222222222217     7968.967554221331      30
0.8155555555555555     6912.897370252388      31
0.8566666666666668     7148.152068331245      31
0.8866666666666667     10059.756036092445      32
0.9066666666666666     9699.67859501351      33
0.9144444444444446     10028.037446071132      33
0.9100000000000001     9538.835974537566      36
0.8777777777777778     8243.146990587013      34
0.7422222222222217     6304.749763371826      30
0.7944444444444442     7720.574637719912      30
0.7844444444444442     6809.601686309753      31
0.7611111111111112     6727.463061051629      31
0.8477777777777775     9407.371005069861      31
0.7499999999999997     6362.825618798781      29
0.8555555555555555     8983.714446005077      35
0.8433333333333332     8838.05674193262      32
0.824444444444444     7316.456589508224      31
0.8344444444444439     8763.354732010992      35
0.8122222222222222     7883.469849855937      34
0.9011111111111111     9636.512487440601      36
0.7744444444444442     7578.12900675619      33
0.9288888888888892     15051.065428917515      45
0.8555555555555553     9419.046617719563      33
0.8911111111111111     10577.976400198906      39
0.7599999999999997     7796.331771165753      34
0.7988888888888884     8440.882899116077      32
0.7255555555555551     6410.1271412300175      30
0.8044444444444442     7805.561100853278      34
0.7422222222222217     7005.679209443932      32
0.9211111111111114     10598.986422796885      35
0.8266666666666664     8924.22875926755      34
0.7455555555555554     7156.505051218515      32
0.8699999999999999     9406.563132496565      34
0.9266666666666671     11833.966333723825      37
0.8344444444444442     10021.383968305345      38
