0.7233333333333336     11092.66134024485      41
0.7388888888888889     13163.023896746745      43
0.7155555555555555     10404.582372041743      40
0.7277777777777777     11582.799999225375      41
0.7288888888888887     11773.057037770335      42
0.7255555555555558     11742.711170997147      41
0.7111111111111112     10111.611909982865      38
0.7244444444444446     11612.266321285362      41
0.7166666666666669     10500.096250723844      39
0.7444444444444447     13172.861248100031      43
0.7233333333333335     11379.460828335074      41
0.7377777777777778     12254.85247307097      43
0.7444444444444445     13345.116228212231      43
0.7355555555555559     12218.065423502618      42
0.7111111111111111     9891.948252230599      38
0.7422222222222221     13469.723864702828      45
0.7444444444444445     14145.590955159316      45
0.7544444444444446     14608.918314268014      46
0.7355555555555554     11850.19602683004      41
0.7377777777777776     12435.551908300451      43
0.7066666666666667     10593.338974482242      39
0.74     13000.558277025653      44
0.7066666666666669     10647.598892399983      39
0.7211111111111113     11055.880960534474      40
0.7366666666666668     12813.234777580436      43
0.74     13503.77741630806      45
0.7144444444444444     11213.184800361816      40
0.7288888888888886     11472.364733875605      42
0.7222222222222224     11654.025874051138      41
0.7233333333333336     11506.75444106421      42
0.7277777777777776     11820.646100611217      42
0.7455555555555555     13996.138523986596      46
0.7388888888888889     13743.901368025186      44
0.7155555555555557     11214.583106509954      40
0.7200000000000001     11405.204398350294      41
0.735555555555556     12777.929389318806      43
0.7277777777777781     11827.163855487765      41
0.7355555555555555     12453.066724782011      42
0.7266666666666668     11811.422258186398      42
0.7288888888888893     12011.470273911726      42
0.7088888888888892     10778.96436117244      40
0.7211111111111114     11656.626553409198      41
0.7333333333333336     12121.68368985192      42
0.7055555555555555     10707.216942477491      39
0.7133333333333335     10992.256739583769      40
0.7255555555555557     11687.019081410812      41
