0.7055555555555557     10662.191055297671      41
0.7277777777777776     12973.384890616946      45
0.747777777777778     14910.222507287112      47
0.7333333333333335     14604.955480895052      46
0.708888888888889     10748.07932904663      41
0.7166666666666667     11899.150120251457      42
0.7255555555555558     14457.993077656936      47
0.7244444444444443     15163.244063522608      47
0.7222222222222222     12336.314041476786      44
0.7022222222222223     10865.551730738207      40
0.7144444444444444     11864.429120400091      42
0.7111111111111114     11229.468458369862      42
0.7022222222222223     10657.639534577009      41
0.7077777777777777     11326.07540187811      41
0.731111111111111     21119.607784143278      51
0.7000000000000001     10688.295274451302      41
0.7000000000000001     10707.81253538205      41
0.7088888888888889     11347.941505419234      41
0.7000000000000001     10830.599495661609      40
0.7066666666666669     10749.59459471895      41
0.7066666666666669     10751.447677562486      41
0.7066666666666669     10866.90201928303      41
0.7000000000000001     11239.1835473685      41
0.7211111111111114     11945.448418309812      42
0.7133333333333334     11371.971377547448      41
