0.19111111111111095     23760.053055170858      73
0.19888888888888867     24423.448893506837      75
0.21999999999999997     24581.153223606154      75
0.22777777777777766     25170.195063474377      75
0.19111111111111093     24346.194496388172      74
0.17222222222222205     24605.774486757822      75
0.21666666666666642     24815.20916893583      75
0.16222222222222202     24402.06940968155      73
0.21444444444444422     24643.612585226063      75
0.17444444444444426     24919.73834257217      75
