0.8111111111111108     6157.180872547169      29
0.8066666666666665     6089.583073570873      29
0.7811111111111113     4853.405494214317      25
0.7777777777777778     4509.128779424385      24
0.8088888888888887     6459.65773492203      30
0.7655555555555557     4472.741696699612      24
0.7277777777777782     4226.349525647611      24
0.7533333333333334     4429.314744435963      25
0.7633333333333335     4498.376409326117      25
0.788888888888889     4892.0802124199545      26
0.788888888888889     4932.654713042157      26
0.788888888888889     5422.55412170642      28
0.7922222222222219     5745.279823098722      28
0.7811111111111113     4863.0964877462475      25
0.8066666666666665     6397.585524846666      30
0.7699999999999999     5062.57724408709      26
0.8088888888888889     9725.252501298715      36
0.7444444444444442     4588.88080691601      26
0.8066666666666665     6822.6606707132305      31
0.7644444444444444     4707.586457891662      25
0.8044444444444445     7837.685542684082      30
0.7644444444444445     4708.243585185321      26
0.8066666666666665     7051.4462886545425      32
0.7099999999999999     4456.396551901971      25
0.7433333333333334     4585.938285012508      25
0.7666666666666667     4989.068192957998      26
0.781111111111111     5098.497620126879      26
0.7366666666666669     4612.110123564194      25
0.788888888888889     5465.530873184446      28
0.7633333333333335     4796.511810809197      26
0.788888888888889     6051.629246891758      30
0.7655555555555557     5000.416957264759      26
0.7977777777777777     6139.724320230015      30
0.7477777777777779     4620.542502839185      26
0.7811111111111113     5110.995612611694      26
0.7955555555555553     6331.8747244972965      30
0.7633333333333335     5012.97699203623      27
0.7855555555555556     5188.531203096166      26
