0.25666666666666665     31286.47739662515      71
0.2633333333333332     34668.76024872142      73
0.28666666666666646     42286.90429873994      81
0.2811111111111109     40140.63192865939      80
0.23111111111111088     28131.72440666238      68
0.19888888888888864     29757.615931750475      68
0.27666666666666656     36875.5049844161      75
0.22888888888888875     32464.52906274755      71
0.2733333333333331     40363.70790757756      79
0.26999999999999985     41570.26409707094      80
0.2633333333333331     38878.520482873755      78
0.2188888888888888     34243.98084946767      73
0.2344444444444442     39326.05146751861      78
0.14666666666666647     32576.751090580467      69
0.24666666666666656     37552.01388054532      79
