0.21999999999999972     28189.867948479983      67
0.1833333333333332     31250.761418669823      70
0.24111111111111092     32993.5951711829      71
0.27666666666666656     33614.71033671263      72
0.23444444444444437     31850.110540976177      70
0.2266666666666664     32928.757404551165      70
0.1722222222222221     28854.090281946712      68
0.14777777777777767     30893.509435445438      68
0.24444444444444416     32646.354694360554      72
0.23777777777777762     33125.024783887806      72
0.18111111111111097     29988.83870535696      70
0.16333333333333322     34123.26264295945      72
0.14777777777777762     27713.02863903496      66
0.19999999999999987     34605.494895700445      72
0.271111111111111     37233.85883545926      77
0.23666666666666655     36916.8119686318      77
0.24333333333333307     39352.53684928295      78
