0.2533333333333333     9762.53386062338      41
0.2733333333333333     9890.31059223864      41
0.26111111111111107     10992.230254195054      43
0.24555555555555547     8952.05725299091      39
0.23555555555555543     9390.567794490304      40
0.24777777777777768     9551.72084273139      40
0.2533333333333333     9897.682096266099      41
0.27333333333333326     11034.688105207726      43
0.2533333333333333     10349.291318034908      42
0.24333333333333323     9391.866065192808      40
0.2155555555555554     9886.39313788191      40
