0.8800000000000001     8901.790789896717      32
0.9255555555555558     13784.303110086985      38
0.924444444444445     13440.377354704486      37
0.8888888888888892     9967.96646111088      35
0.743333333333333     5032.744688512405      26
0.8555555555555553     6892.534649837861      28
0.8788888888888892     8125.209107587367      31
0.9022222222222226     10687.78369134088      35
0.9244444444444447     11416.453138618857      37
0.8499999999999998     7473.734618958455      31
0.946666666666667     21713.632125174692      41
0.9177777777777778     10985.851088024148      35
0.8722222222222221     9001.697315158297      33
0.8800000000000001     9132.942963474949      33
0.9333333333333336     14483.528413151871      39
0.928888888888889     12980.626947398512      39
0.9322222222222224     15215.968253561872      40
0.8944444444444447     10277.078262899948      34
0.8988888888888892     10292.578313356818      34
0.8877777777777779     9523.024673037737      33
0.8544444444444445     8123.218256686075      31
0.9244444444444446     18100.56376882303      37
0.8788888888888888     9289.76548432738      34
0.8111111111111111     6064.833393988558      28
0.7955555555555552     5912.931548076322      28
0.8822222222222222     9375.93296669692      33
0.9400000000000003     16114.630541298135      42
0.8200000000000001     6282.168580462694      28
0.7588888888888887     5163.661555416497      26
0.8677777777777773     8626.201815161101      33
0.908888888888889     12166.906135398078      37
0.89     10629.262500709989      34
0.8611111111111113     8740.24229186839      33
0.8444444444444444     6756.731746958131      29
0.934444444444445     19733.06129907518      38
0.9044444444444447     10697.349709787046      35
0.8766666666666668     9232.633251664938      33
0.8755555555555558     10260.078197248187      34
0.87     11050.770706778027      35
0.937777777777778     16119.07249675618      42
0.8555555555555557     9303.120920718908      35
0.878888888888889     10803.800689925305      36
0.8200000000000001     6556.877966025193      29
0.8366666666666664     6988.4191468276895      29
0.8433333333333334     7406.9539241729835      30
0.8533333333333333     9243.40061855985      35
0.7944444444444443     5805.396553481808      27
0.7899999999999998     6111.977838099807      28
0.8455555555555556     7489.8543608685495      31
0.8333333333333334     7515.412444189346      32
