0.8366666666666663     6560.277907364473      28
0.9144444444444446     10247.071775029779      35
0.8000000000000002     5429.239119559301      26
0.8466666666666667     7034.013014452417      30
0.8455555555555554     6923.194520152992      29
0.8144444444444442     6126.778601258093      28
0.8200000000000001     6432.805336074903      28
0.7944444444444443     5374.119690273997      26
0.8366666666666668     6580.74019756609      29
0.9077777777777779     10125.549245309261      34
0.7855555555555555     5230.466765510864      26
0.8177777777777775     6481.602995825618      29
0.9188888888888891     10378.647155101278      35
0.8799999999999999     8131.660651841679      31
0.8177777777777774     6288.250334068088      29
0.8744444444444442     7434.149874054049      29
0.8122222222222225     6340.407376621297      29
0.888888888888889     8871.692396605218      33
0.8522222222222225     12268.43981124392      27
0.832222222222222     6695.054315130307      29
0.8933333333333334     8883.756119206688      33
0.885555555555556     8523.805613167558      32
0.9322222222222224     12228.05843653374      38
0.8788888888888889     7839.586869556004      31
0.8788888888888888     8018.316911871198      31
0.8777777777777777     7875.753056970889      30
0.8888888888888888     8651.037703975386      32
0.8711111111111111     7226.5647720966135      29
0.8755555555555555     7881.102005344494      31
0.8166666666666667     6759.1751567041165      28
0.9188888888888891     10423.638909013966      35
0.8433333333333332     6853.2156965025515      29
0.7566666666666666     4595.733395534955      23
0.9122222222222223     10321.656275315863      33
0.8611111111111114     8063.918513748578      30
0.9055555555555557     9831.346023868804      35
0.8544444444444445     7745.00441973899      30
0.8355555555555554     6823.1123951470645      29
0.9044444444444445     9704.742923193266      34
0.8255555555555555     6808.403970606523      28
0.8755555555555558     8212.749548473892      32
0.8377777777777778     7326.814295092921      29
0.9077777777777778     9922.745378108486      35
0.84     7557.769032389183      29
0.8533333333333334     7938.389327182911      30
0.9211111111111112     11766.825368582015      37
0.9033333333333332     9278.767168247998      31
0.8111111111111113     5797.428975502377      27
0.8355555555555556     7183.084908762151      31
0.8822222222222226     8267.30365909513      32
