0.3688888888888887     36845.651288954374      80
0.3399999999999997     31273.591910077885      73
0.16222222222222213     24849.835674990078      65
0.31333333333333324     29646.412498158348      71
0.2177777777777776     25459.88796952395      65
0.24111111111111097     26647.147289489676      67
0.2899999999999999     29243.326129959896      71
0.3377777777777775     29963.5621319268      72
0.34666666666666646     37080.883659771316      80
0.21777777777777757     26719.523492861314      67
0.33999999999999975     33341.51583067048      76
0.31888888888888867     32128.45669419878      74
0.251111111111111     30617.629943854135      72
0.3166666666666665     31647.37082920375      74
0.20999999999999983     31830.266470589588      73
0.31444444444444414     33496.38550627851      76
