0.4966666666666666     20280.93999586381      67
0.5199999999999998     21566.24454642586      70
0.5999999999999999     27173.49758667339      78
0.5844444444444443     21934.639113208672      70
0.5866666666666664     26100.216138602274      76
0.512222222222222     20351.49615311855      68
0.4199999999999999     18662.942974776648      65
0.5077777777777776     21257.282077095184      70
0.5822222222222223     22456.291491150347      71
0.5511111111111108     24051.45125385214      74
0.5199999999999998     26596.109376648325      77
