0.4755555555555554     19424.451430437093      66
0.4266666666666665     20386.781482974373      67
0.5799999999999998     25173.177371306843      75
0.6011111111111109     26419.833869405877      77
0.5777777777777777     20739.249471311432      69
0.5933333333333334     26460.687292880535      77
0.5077777777777778     21652.178262244375      69
0.4855555555555552     21157.927479289712      70
0.5766666666666667     21878.527346499926      70
0.5477777777777777     23134.866348333202      72
0.5488888888888888     23929.988528431397      73
0.5433333333333332     22180.34933084608      71
0.46666666666666673     24559.727709436283      74
0.5933333333333332     26728.840447011902      77
