0.3833333333333332     6838.035714655812      36
0.3833333333333333     6847.280005049134      36
0.3844444444444445     7061.8394492134      37
0.3555555555555553     5113.2174728269765      31
0.2999999999999998     4210.061730276755      29
0.27999999999999986     4791.836637782691      32
0.36333333333333306     6672.07568082478      36
0.35888888888888876     5859.254847427285      34
0.3611111111111108     6272.962505189005      35
0.35222222222222205     6362.8997914851      34
0.3044444444444443     4667.5522708096105      31
0.3066666666666667     4337.17118040856      29
0.30999999999999994     4781.607096901094      31
0.37555555555555553     6319.4853457129475      35
0.36444444444444446     5870.9040519383525      34
0.3844444444444444     6934.711376945818      36
0.3633333333333333     5794.080740039083      34
0.3799999999999999     6788.351241625788      37
0.3655555555555555     6677.8390238037555      36
0.2822222222222222     4234.870395189298      29
0.3099999999999999     4437.723381250131      30
0.30111111111111105     4277.7929202208625      29
0.3955555555555554     9726.576987591612      44
0.381111111111111     9437.214692933096      43
0.34333333333333316     5258.44775224435      32
0.3222222222222222     4591.265918444952      30
0.2977777777777778     5184.393640462148      32
0.3477777777777777     5944.56435170186      34
0.3555555555555553     6488.207052319515      35
0.38666666666666666     9622.389734372733      44
0.38222222222222213     7482.814651517747      38
0.38222222222222213     8291.064901447284      40
0.351111111111111     7311.047485765585      38
0.3333333333333333     4776.765735253054      31
0.391111111111111     7064.5659934727855      37
0.36999999999999983     6177.0914485961675      35
0.281111111111111     5111.982292900183      33
0.31999999999999995     4491.324792574085      30
0.3977777777777775     8140.981239537384      39
0.3422222222222221     4878.241896370498      31
0.2933333333333333     5239.059778928866      31
0.3677777777777777     7775.278040464574      39
0.261111111111111     4730.068585026808      32
0.3844444444444443     10075.353463332694      44
0.27777777777777757     4140.850586889748      29
0.40111111111111103     9275.877739719577      43
0.3477777777777776     8301.19950452727      41
0.4033333333333332     10426.757796137432      46
0.26111111111111096     3695.958545040209      28
0.41666666666666646     9581.647380292672      43
