0.8511111111111108     7607.043444977825      32
0.8966666666666667     11331.859203782202      37
0.8633333333333331     7674.65405044524      32
0.8933333333333333     9437.496586422278      36
0.8077777777777778     6153.6120319593665      28
0.898888888888889     10818.048059942863      39
0.8111111111111108     6280.601519469892      29
0.8055555555555558     6445.766899375658      29
0.727777777777778     5480.538901755973      28
0.8433333333333335     7332.407900622805      31
0.8788888888888884     8075.977554119245      32
0.782222222222222     5515.943782371029      26
0.8344444444444443     6528.122676549688      29
0.8466666666666666     7456.844590093423      32
0.9044444444444445     11048.90328799103      39
0.8955555555555553     10107.100838217706      37
0.8188888888888887     6731.522629041831      30
0.8933333333333333     9822.801933194702      37
0.8777777777777778     8451.748790223095      34
0.8966666666666667     10497.32794517186      38
0.7922222222222222     5831.266272868994      27
0.893333333333333     8953.903745097394      34
0.9055555555555557     12441.359800430684      39
0.763333333333333     5612.68158040396      28
0.6988888888888887     4875.825661310763      26
0.8088888888888887     6980.022428372414      31
0.7833333333333332     7649.122516771198      30
0.7777777777777773     7653.353496221355      30
0.803333333333333     6675.778618793699      31
0.9044444444444444     11508.026047110685      40
0.8666666666666664     7732.367128176163      32
0.727777777777778     6419.825769588018      31
0.7655555555555553     6819.400186303188      31
0.5299999999999999     4776.429511500666      27
0.8322222222222222     7668.694202331112      33
0.8422222222222222     7822.521036100662      32
0.8366666666666663     9876.787212639292      38
0.8233333333333334     8724.841042866272      36
0.893333333333333     10502.727912267153      38
0.761111111111111     6598.436961462025      30
0.7233333333333333     4980.129914389698      26
