0.8699999999999998     8917.845877220228      35
0.867777777777778     8710.007663765664      35
0.8477777777777775     7951.031445757542      33
0.9177777777777778     11787.955174688872      40
0.9200000000000002     11943.584255787577      40
0.8822222222222222     9141.90882873588      35
0.8733333333333331     9227.06154238789      35
0.8677777777777778     8574.661120040246      34
0.8700000000000001     8928.876879362799      35
0.8266666666666665     7103.3738743266595      31
0.8522222222222222     8012.9176504496045      33
0.9011111111111111     10071.086374905437      37
0.8344444444444443     7164.302463893472      31
0.861111111111111     8047.77088980578      33
0.9011111111111111     10447.07349049833      38
0.9044444444444444     10921.779263722321      39
0.8088888888888889     6983.63272819123      31
0.7888888888888884     5864.723667875013      28
0.9044444444444445     11469.021480424153      40
0.7299999999999999     5601.962043749986      28
0.8255555555555553     7663.162779673709      32
0.9155555555555556     11906.913179006588      41
0.7111111111111108     5591.668271401643      29
0.8999999999999997     12458.472832218496      42
0.6977777777777776     5033.068785148795      27
0.8444444444444442     8938.992617736081      35
0.7933333333333333     7253.511607105124      32
0.6533333333333329     5684.125566062273      30
0.7966666666666661     7613.362492657259      33
0.8433333333333329     8026.182234620569      33
0.8988888888888892     10185.076456751316      37
0.7088888888888888     6317.200854005923      31
0.8266666666666665     8215.463704139454      34
0.7888888888888885     7621.285618485597      33
0.9122222222222223     12508.053155220796      42
0.7322222222222226     7065.948256877309      32
0.7711111111111111     8840.275535048637      36
0.833333333333333     8972.968100887154      36
0.8277777777777774     8928.785955802628      35
0.8955555555555555     9245.467604875237      35
