0.8711111111111112     21060.54929382252      54
0.8544444444444443     19837.3415584801      52
0.8755555555555558     21599.673199894285      55
0.8522222222222222     19631.378304379967      52
0.8666666666666668     21430.55833052359      55
0.8811111111111113     22369.31961639049      56
0.851111111111111     19681.711330643306      52
0.86     20318.452073825018      53
0.8566666666666666     20174.308980925885      53
0.8555555555555555     20203.428941633      53
0.8411111111111108     18939.91106238758      51
0.8700000000000001     21614.960684359517      55
0.8455555555555553     19453.2924380979      52
0.8555555555555554     20304.779343095463      53
0.851111111111111     20149.4018748192      53
0.8633333333333334     20363.035273605918      53
0.8633333333333332     20902.996340986643      54
0.8666666666666667     21532.607560784534      55
0.8622222222222223     20413.864927313603      53
0.8733333333333334     21682.296221525674      55
