0.896666666666667     25270.042564159106      62
0.8955555555555558     24634.343547415003      61
0.8955555555555558     25899.77329483238      63
0.8911111111111114     22556.540108870926      58
0.8922222222222225     23148.855377222244      59
0.8944444444444447     24570.63069230747      61
0.8988888888888891     27464.07339731669      64
0.8900000000000001     23176.691152635016      59
0.8888888888888892     23055.930016811883      59
0.8922222222222225     23600.845651727002      59
0.8900000000000002     23190.296957972674      59
0.8944444444444446     23774.199543731364      60
