0.866666666666667     21060.20221527563      55
0.8566666666666668     20401.83259792997      54
0.8544444444444447     20269.867184444636      54
0.8333333333333334     17982.543367364484      50
0.8544444444444445     20476.769245375923      54
0.8500000000000002     19745.959075667735      53
0.8700000000000003     21616.29737620175      56
0.8522222222222225     20126.013064152667      54
0.8411111111111114     18692.093479158422      51
0.847777777777778     19944.806241826136      53
0.8755555555555559     23734.528415860786      59
0.8333333333333335     18520.950419775752      51
0.8622222222222226     20945.632574832114      55
0.8533333333333335     20297.233569321314      54
0.8277777777777782     18895.08817463853      52
0.8455555555555557     19049.502484320437      52
0.86     20647.62332143099      54
0.8566666666666669     20854.40313401918      55
0.8277777777777781     17223.917414002768      49
0.8333333333333335     19550.57790330134      53
0.8322222222222224     18988.29407946444      52
