0.8400000000000001     6899.71632953513      32
0.8555555555555556     8601.209918703516      35
0.8811111111111115     10858.205509068497      40
0.8788888888888892     9481.119692453683      38
0.851111111111111     8235.44095533107      34
0.8477777777777777     7404.861402118984      33
0.8722222222222225     9424.295063885365      38
0.8366666666666669     6734.325138353363      31
0.8399999999999999     6848.444624859867      31
0.8255555555555557     7084.144250613158      31
0.8766666666666669     11005.734028613344      41
0.8433333333333334     7063.900135431625      32
0.8477777777777779     7557.980147841499      34
0.7766666666666664     5767.961638857598      30
0.8500000000000001     7828.825807614448      34
0.8511111111111114     7938.801918381892      35
0.8466666666666667     7445.891887893165      33
0.868888888888889     9047.34599698159      37
0.8377777777777776     7140.928270208882      32
0.8322222222222224     7168.767157880553      33
0.8666666666666669     9864.265314212436      38
0.8522222222222224     8348.738315360479      35
0.8522222222222223     7983.2990343440615      35
0.8477777777777781     7707.074588649189      34
0.8444444444444446     7571.444071456161      34
0.8600000000000002     8543.002742049472      36
0.8522222222222224     8829.05893061959      36
0.8444444444444446     7620.829181143674      34
0.7911111111111111     6011.2714539883045      30
0.8666666666666668     9540.093607505167      37
0.8400000000000001     7185.309942578411      33
0.8422222222222222     7857.109426393927      34
0.8322222222222223     7203.243383280282      33
0.8400000000000001     7493.323153179274      34
0.8633333333333335     10195.848792755838      40
0.8233333333333331     6780.693911022291      31
0.8733333333333336     10261.17409705452      40
0.8511111111111114     7957.226281616352      35
0.8644444444444446     10235.631558793808      39
0.828888888888889     6978.182230066368      32
0.8577777777777781     9145.528389005909      36
0.8488888888888892     7939.815609673485      35
0.8300000000000001     7047.109786752373      33
0.8600000000000001     9417.30841385056      37
0.8466666666666668     8009.062085262118      34
0.82     6381.691591844063      31
