0.7333333333333333     49211.61483434314      76
0.7233333333333329     45309.1053470282      72
0.7311111111111112     38539.20631572903      80
0.7299999999999999     33957.25281118239      76
0.7199999999999998     34787.94381700972      77
0.7199999999999996     31599.147919255844      73
0.7122222222222221     33665.754257514454      76
0.7044444444444447     30304.50465221454      72
0.7088888888888886     30363.08392118486      72
0.7255555555555554     34806.87857578216      77
0.7088888888888887     35354.983505369135      78
0.7044444444444443     27918.97027046302      68
0.7311111111111108     49259.49331726462      76
