0.7244444444444446     43704.456632411835      69
0.7055555555555558     40163.36667905188      64
0.7122222222222224     41599.295453111      66
0.7022222222222224     39556.307721930156      63
0.7055555555555558     40749.37807545331      65
0.7288888888888886     31961.86060902811      74
0.7177777777777777     26806.01238549978      67
0.7066666666666669     26392.158804298495      66
0.722222222222222     30661.837933242427      71
0.7488888888888887     35508.50287360577      77
0.7266666666666666     31419.285469591665      73
0.7455555555555554     32680.27069730306      74
