0.7044444444444442     31532.229129216546      73
0.7077777777777776     32918.882655311936      75
0.7155555555555556     33261.23409436938      75
0.7255555555555554     35685.15940066174      78
0.7200000000000001     33756.70779927392      74
0.7300000000000001     49377.62374407439      76
0.7322222222222221     51923.71995859296      79
0.7211111111111111     35691.44763160795      78
0.7     46503.95361321524      73
0.721111111111111     48556.030595325225      75
0.7122222222222223     47355.222923192065      74
0.7155555555555556     47426.97972324162      74
0.7055555555555556     47049.485169784      74
0.7066666666666669     47855.69312606994      74
0.7055555555555556     47688.0876914672      74
