0.7144444444444443     32694.902877746983      74
0.7088888888888888     32982.809128182744      75
0.5277777777777776     43582.970159955585      70
0.702222222222222     30572.319095549392      72
0.7088888888888891     34212.916734705315      75
0.611111111111111     46841.84183173159      74
0.5866666666666668     45725.44570728318      72
0.7166666666666667     48002.090790440074      74
0.72     34890.75607731455      77
0.5677777777777776     44354.92811933565      70
0.571111111111111     45751.22700783724      72
0.59     46638.25486503019      73
0.6122222222222221     47068.68630804615      73
0.5299999999999999     45754.22136624978      72
0.5866666666666664     45829.72133268777      72
0.6166666666666666     47705.93605011572      74
0.6133333333333333     47128.279745020096      73
0.7322222222222222     52448.94507068336      79
