0.7077777777777775     4155.743363297872      24
0.7733333333333334     4885.63663494203      26
0.7855555555555557     4984.468227551673      26
0.8033333333333333     6144.303930345465      30
0.7155555555555553     4181.2656984929      24
0.8099999999999999     7509.183684973594      32
0.7577777777777774     5160.37059079932      27
0.7555555555555554     5362.358442023928      28
0.7277777777777775     4245.558072101259      24
0.7577777777777774     5408.8729516086805      28
0.7499999999999997     5070.44778094514      27
0.7477777777777777     5023.93728868413      27
0.8033333333333333     6164.437396886723      30
0.7577777777777774     5411.258770124741      28
0.7488888888888886     5093.452250469556      27
0.7277777777777775     4488.712747359381      25
0.7499999999999997     5340.952333388221      28
0.7455555555555555     4547.488013865815      25
0.7455555555555555     4801.167937885561      26
0.7455555555555552     4783.869884340109      26
0.7855555555555557     5504.392637548999      28
0.7855555555555557     5517.540682438478      28
0.7855555555555557     5801.726454813652      29
0.7055555555555555     4589.680507922378      26
0.7477777777777777     5314.621637715936      28
0.7466666666666666     5034.1658017554655      27
0.7455555555555555     5046.960401835187      27
0.7055555555555556     4918.230424476391      27
0.7466666666666666     5588.472332446845      29
0.7044444444444442     4911.8124625094915      27
0.7466666666666666     5598.043088432811      29
0.7044444444444442     5193.38000522714      28
0.7388888888888889     5626.915210850149      29
