0.9916666666666653     17.07697724658911      25
0.9958333333333319     17.07697724658911      26
0.983333333333332     14.798007652831553      26
0.9999999999999984     17.07697724658911      27
0.9958333333333319     14.798007652831553      28
0.9916666666666653     14.798007652831553      28
0.9958333333333319     17.07697724658911      28
0.9916666666666653     17.07697724658911      28
0.983333333333332     17.07697724658911      28
0.9999999999999984     14.798007652831553      32
0.9999999999999984     25.50916622461426      32
0.9999999999999984     19.045765406092652      33
0.9999999999999984     19.726491033926013      33
0.9999999999999984     19.726491033926013      35
0.9999999999999984     21.442565900443057      35
0.9999999999999984     25.50916622461426      35
0.9999999999999984     21.71674325248144      36
0.9999999999999984     21.442565900443057      38
0.9999999999999984     25.50916622461426      38
0.9999999999999984     25.50916622461426      39
