0.8041666666666659     2133.7250574618383      28
0.7999999999999993     1747.6921864242538      26
0.8083333333333326     2346.019926562577      29
0.8041666666666659     2136.9097761358234      28
0.779166666666666     1739.345470994248      26
0.7749999999999994     1556.0617883049924      25
0.7749999999999994     1735.9847606250642      26
0.7958333333333326     2434.465454350874      26
0.779166666666666     1925.5328203942126      27
0.7999999999999993     1934.2051919285936      27
0.7749999999999994     1739.2795202223235      26
0.7749999999999994     1925.4767977813528      27
0.779166666666666     1931.3146301078975      27
0.7833333333333327     1933.6354176896682      27
