0.14999999999999983     10480.23134111236      49
0.14222222222222206     10434.934794885898      49
0.12777777777777763     9729.647716534771      47
0.15666666666666645     10897.896249113905      50
0.1355555555555554     10879.642228755363      50
0.15444444444444425     10916.929472575699      50
0.1333333333333332     9896.643790909959      48
0.16888888888888867     12368.949912114755      53
0.14222222222222206     10902.36153084425      50
0.11555555555555547     10043.618469192048      48
