0.10333333333333325     10814.200543848343      49
0.11111111111111105     12747.351330683863      54
0.10444444444444434     10878.57487536028      49
0.06999999999999998     7535.843844986153      42
0.0733333333333333     8659.672389654692      45
0.09999999999999992     9083.337137288867      46
0.09999999999999992     9545.45144552951      47
0.07111111111111108     8016.8339079603775      42
0.10333333333333325     12715.432719443996      54
0.07111111111111108     8709.519721383987      45
0.07888888888888886     9078.333150425173      46
