0.9088888888888892     30351.763031309467      63
0.9022222222222224     29485.047352384165      63
0.9077777777777781     30779.88577136876      64
0.9077777777777781     32579.923093790105      64
0.907777777777778     32002.154326533917      65
0.9022222222222224     30342.6623533237      64
0.906666666666667     30878.908614054602      64
0.907777777777778     32709.9767757618      66
0.9088888888888892     33465.4527152654      67
0.906666666666667     35196.653764144336      67
0.9055555555555559     32922.86616375023      65
