0.7888888888888888     24761.754341029722      62
0.7833333333333331     23593.3574879709      60
0.7977777777777778     27289.17395186006      65
0.791111111111111     25653.136727306995      63
0.7888888888888886     24882.60744681704      62
0.7855555555555555     23992.65435954344      61
0.7911111111111109     25661.556756794897      63
0.7899999999999999     25002.35033186109      62
0.7888888888888886     24948.4144608585      62
0.7933333333333332     25684.40930230161      63
0.7855555555555555     24209.046973486686      61
0.7955555555555556     27156.309905466103      65
0.7955555555555555     26471.423030301918      64
0.7866666666666665     24220.737491623615      61
0.7822222222222222     23949.412334997774      61
0.7888888888888886     25527.308691723403      63
0.7877777777777778     25637.37757079117      63
0.7833333333333332     24736.486955890858      62
0.7944444444444443     27292.22499637135      65
0.7866666666666664     25582.73773857279      63
0.7933333333333332     26467.383626314968      64
