0.6499999999999994     7060.680760100605      31
0.7388888888888887     11007.003432546353      38
0.6366666666666666     7006.891478618458      32
0.7088888888888888     10565.857724122341      37
0.68     8671.49085198439      32
0.7222222222222221     10524.217341263056      38
0.6811111111111109     8470.545220988031      34
0.6855555555555554     9058.902844775008      35
0.6266666666666664     7068.558123022757      29
0.6799999999999999     9532.984880050166      37
0.6488888888888887     7774.123031517544      33
0.651111111111111     7597.60991254429      32
0.653333333333333     8662.143862716488      33
0.6566666666666661     7612.631472762911      32
0.762222222222222     13094.919138327637      40
0.6833333333333332     10171.70320361604      38
0.7455555555555553     11735.177561719576      38
0.7122222222222223     9209.596860266685      36
0.6499999999999998     7242.372356704139      32
0.6988888888888887     8491.16257394337      33
0.6999999999999997     9613.085448932055      35
0.6333333333333332     7334.101768658566      29
0.7244444444444443     11041.470445440229      40
0.6799999999999997     7867.006996275419      33
0.6444444444444443     8084.658470255884      30
0.7388888888888884     11458.947850079527      40
0.5977777777777773     6457.585093167019      31
0.7144444444444442     10271.283589447896      37
0.7255555555555554     10431.942181344706      36
0.5966666666666662     6648.818637276121      30
0.6611111111111108     10449.359545245572      37
0.6844444444444445     10685.65104111784      36
0.7188888888888886     10272.497488662304      38
0.758888888888889     12905.67424361421      40
0.7555555555555553     11761.830054591685      40
0.7311111111111108     10947.426315659      39
0.6255555555555555     6985.849855907422      32
0.7011111111111109     8926.03811238805      34
0.742222222222222     12140.52557931274      39
0.6022222222222219     6908.750346619398      29
0.6122222222222223     6825.542436221653      31
0.6788888888888884     8233.248595930763      34
0.7088888888888888     9748.894013994284      35
0.6644444444444447     7691.755074446084      31
0.5911111111111108     8262.051869495353      33
0.686666666666667     11207.939003310627      38
0.5777777777777775     6540.717893564177      31
0.6377777777777776     7111.388108377455      29
0.7566666666666664     12258.496568590434      41
0.594444444444444     5908.863075679243      26
