0.7344444444444439     9885.428008550825      37
0.7155555555555557     9887.251222016992      34
0.6966666666666663     8295.561774320873      33
0.7277777777777773     9718.368350285611      37
0.7355555555555555     10683.39686641399      37
0.7477777777777775     10830.612761377683      38
0.7211111111111111     9747.730138057977      36
0.6966666666666663     8661.54642913658      34
0.7333333333333333     10316.641150931133      36
0.648888888888889     6871.951320311078      31
0.6577777777777778     7383.604596473386      31
0.6877777777777777     8442.557770736703      34
0.6766666666666664     7983.2809402669145      33
0.7122222222222224     9594.070953308175      35
0.658888888888889     7718.679374715304      34
0.6877777777777773     8200.848535333165      34
0.6766666666666663     8533.055253254914      35
0.7344444444444441     10063.762318679168      37
0.648888888888889     7660.007575594747      33
0.7366666666666661     10385.206534504287      38
0.7366666666666661     10761.129773914861      39
0.6744444444444446     7899.22267493945      34
0.742222222222222     11231.842609270267      37
0.7088888888888887     9195.678128626285      35
0.6688888888888891     7781.047318329988      33
0.6322222222222222     7571.274663069085      33
0.691111111111111     9399.090679805839      36
0.6255555555555554     6742.331505181442      31
0.6211111111111112     8146.045421433954      31
0.7355555555555553     11412.098282352163      39
0.7133333333333335     9778.528498173902      34
0.67     8273.583573760758      34
0.7255555555555555     16222.5444691546      40
0.6099999999999998     7517.7380067350805      32
0.6255555555555555     7948.431623082487      34
0.684444444444444     8970.699923512211      36
0.6777777777777779     9280.962173543787      37
0.6877777777777779     9914.297209998256      35
0.6699999999999995     8489.511291177576      34
0.5833333333333333     7489.17278546998      34
0.7177777777777775     9547.092477768156      36
0.7211111111111111     10152.422623480114      36
0.6755555555555554     8578.96030875808      34
0.6799999999999997     9303.736903256891      34
0.698888888888889     10328.812852149167      37
0.6866666666666668     10428.396830807113      39
0.6666666666666663     8177.0161363497045      33
