0.8083333333333326     2332.555200014287      25
0.8124999999999992     2051.640914914719      27
0.7999999999999993     1976.5861254416493      23
0.8083333333333326     1848.3393538770238      26
0.8041666666666659     2309.040764307125      25
0.8083333333333326     2334.060321758081      25
0.8124999999999992     2530.6121297813897      26
0.8083333333333326     2536.9159805014524      26
0.8083333333333326     2558.3739809323415      26
0.8124999999999992     3878.6701735693127      32
0.8124999999999992     4943.590434254701      36
