0.7999999999999993     2527.5529064378507      26
0.7833333333333328     2131.632182697381      24
0.7749999999999994     2137.4624840667475      24
0.7708333333333327     2123.820120446852      24
0.7833333333333327     2170.522511278606      24
0.7958333333333326     2350.808860956037      25
0.791666666666666     2308.754645354743      25
0.7958333333333326     2263.590202726966      28
0.766666666666666     2135.1087164073206      24
0.8041666666666659     2705.225453007307      27
0.7999999999999993     2532.068490437388      26
0.7583333333333329     1967.7159660811087      23
0.791666666666666     2313.291153801348      25
0.791666666666666     2343.596727739449      25
0.7874999999999993     2352.4153124270647      25
0.7958333333333326     2510.654811111219      26
0.7999999999999993     2738.156718454335      27
0.7999999999999993     2745.6972197803266      27
0.8041666666666659     2758.12446770356      27
0.8083333333333326     3392.738755111559      30
0.8041666666666659     3372.4709620317153      30
0.8083333333333326     3839.4148128645993      32
0.8041666666666659     3378.6133767167216      30
0.8041666666666659     3387.0980092730624      30
0.8083333333333326     4093.309198729598      33
0.8041666666666659     3391.885909133229      30
0.8083333333333326     4382.319485446207      34
0.8083333333333326     4682.509044867878      35
0.8083333333333326     4696.717719744964      35
0.8083333333333326     4967.356372018367      36
0.8083333333333326     4973.47345161209      36
0.8083333333333326     5285.18980366045      37
0.8083333333333326     5582.3515021481635      38
0.8083333333333326     6149.890850651083      40
0.8083333333333326     6164.877384662443      40
0.8083333333333326     6195.743838431259      40
0.8083333333333326     6455.169681108275      41
0.8124999999999992     6697.532331873206      42
0.8083333333333326     6471.106684375223      41
0.8083333333333326     6775.842458731939      42
0.8083333333333326     6780.036368310681      42
0.8083333333333326     6822.728257616119      42
