0.22222222222222218     27352.89272125229      75
0.20555555555555544     27590.28115401436      75
0.2022222222222221     26823.261348177606      75
0.1677777777777777     26778.134196936404      75
0.15555555555555547     27029.212756214885      75
0.19333333333333322     27487.39142347386      75
0.19666666666666655     27838.901142892442      75
0.18999999999999995     27099.579324054204      75
0.1888888888888888     27060.654058470645      75
0.19333333333333325     27712.920118900987      75
0.19333333333333322     27755.828391254065      75
0.18222222222222215     27406.00122904691      75
0.16555555555555548     27178.07822327534      74
0.17222222222222217     27434.20083470358      75
0.1799999999999999     27593.13572473248      75
0.17111111111111105     27237.152132520903      75
0.16333333333333322     27945.738896528826      75
