0.21222222222222217     27142.365344478305      75
0.19222222222222216     26628.172896357217      75
0.17555555555555552     27089.50192260414      74
0.18222222222222217     26741.993560478302      75
0.20555555555555546     27069.08091287245      75
0.20111111111111102     27307.38858507689      75
0.1755555555555555     26921.42931954088      75
0.17444444444444437     27454.605462587806      75
0.15999999999999995     26685.290077805425      74
0.1722222222222221     27914.249227596454      75
0.17888888888888882     28005.91412672222      75
0.13222222222222213     27935.22238959976      75
