0.9124999999999988     920.7308587107476      16
0.945833333333332     1352.2234029279505      19
0.9374999999999987     1065.7567295658162      17
0.945833333333332     1373.3587505834694      19
0.8958333333333321     812.2994281412059      15
0.9249999999999987     935.3956620071726      16
0.945833333333332     1523.6082332175695      20
0.9291666666666655     1055.3772510783324      17
0.9416666666666653     1194.441202397937      18
0.9374999999999987     1067.3639211574612      17
0.9416666666666653     1218.2639545469858      18
