0.7916666666666661     960.8764448417834      16
0.7791666666666661     946.3536270455417      16
0.7624999999999994     636.2879776100201      13
0.7749999999999994     860.4401482061462      15
0.7541666666666662     727.6126716037162      14
0.804166666666666     1204.9669197201674      18
0.7999999999999993     1239.6793838097965      18
0.7624999999999994     797.1477813429535      14
0.8124999999999992     1836.415974292787      22
0.7708333333333327     827.4954980786888      15
0.7458333333333328     617.7180560831846      13
0.8083333333333326     1250.5421317923362      18
0.8083333333333326     1578.398180081547      20
0.7958333333333326     1178.0793640968204      18
0.7458333333333329     640.2462025026867      13
0.7624999999999994     818.1443492326974      15
0.7624999999999994     827.583164332561      15
0.7916666666666661     1216.7335567076182      18
0.7541666666666661     816.8781599723997      15
0.7999999999999993     1271.2596234724006      18
0.7458333333333328     712.4911702838463      14
0.7583333333333327     831.0601906203666      15
0.804166666666666     1389.8251696379061      19
0.7999999999999993     1537.999977998596      20
0.7708333333333327     835.2131545459548      15
0.7874999999999993     964.9878518332195      16
0.7874999999999993     1077.501330411353      17
0.791666666666666     1122.4657608177638      17
0.791666666666666     1242.86733581328      18
0.779166666666666     960.7043917098067      16
0.7624999999999994     835.0912918764401      15
0.7749999999999995     961.9958068650878      16
0.7958333333333327     1516.6182099980142      20
0.7958333333333327     1540.0705875028157      20
0.7541666666666662     948.4121968572634      16
0.7541666666666661     832.7868560873619      15
0.791666666666666     1380.5528982706207      19
0.7874999999999993     1228.2851175848502      18
0.7999999999999993     1562.371768351796      20
