0.7833333333333327     20.37078512929095      35
0.7499999999999994     28.52987122025878      37
0.7416666666666661     28.52987122025878      33
0.7083333333333328     67.02829759498833      30
0.7749999999999995     30.16620021353149      39
0.7749999999999994     67.02829759498833      35
0.7041666666666663     31.04791203387665      35
0.7958333333333326     31.04791203387665      39
0.779166666666666     30.16620021353149      44
0.7583333333333329     28.52987122025878      38
0.7749999999999994     31.04791203387665      43
0.7999999999999994     67.02829759498833      36
0.7541666666666662     31.04791203387665      36
0.7499999999999996     30.16620021353149      39
0.7416666666666661     34.52477394677945      35
0.7458333333333328     67.02829759498833      35
0.7249999999999995     67.02829759498833      35
0.7041666666666662     67.02829759498833      36
0.7499999999999994     67.02829759498833      39
