0.816666666666666     1621.2079515999583      21
0.7916666666666661     1156.4818800351811      18
0.7291666666666662     1056.5189647931934      17
0.816666666666666     1633.7802436788566      21
0.7541666666666661     1066.4946796673555      17
0.816666666666666     1807.9419395509283      22
0.8124999999999993     1613.7039667183592      21
0.8208333333333325     2139.4925840277756      24
0.7541666666666661     1167.6650276902867      18
0.7499999999999996     1160.5965571665645      18
0.8083333333333327     1178.1450387158736      18
0.8041666666666659     1287.1250788772402      19
0.8041666666666659     1570.1510533066655      21
0.7999999999999993     1288.5619837526083      19
0.7958333333333327     1179.3107559906123      18
0.816666666666666     1957.5647444945191      23
0.8041666666666659     1573.011565695758      21
0.8124999999999993     1619.955745541528      21
0.816666666666666     1974.2099927669703      23
0.8041666666666659     1584.035354566666      21
0.8124999999999993     1790.8305342643969      22
0.7583333333333327     1286.7599324873581      19
0.8083333333333327     1590.184786182333      21
0.7999999999999994     1343.6563366223356      19
0.804166666666666     1723.9522423428468      22
0.7708333333333328     1303.4644544308237      19
0.7999999999999993     1426.6867217215897      20
