0.7833333333333327     31.04791203387665      38
0.779166666666666     34.52477394677945      38
0.7208333333333329     19.452447078982416      35
0.7791666666666661     28.52987122025878      40
0.7958333333333327     67.02829759498833      37
0.7083333333333329     20.37078512929095      35
0.7708333333333328     20.39175167657723      36
0.7291666666666662     23.657062888359242      38
0.7083333333333329     67.02829759498833      30
0.7416666666666661     26.215630645021417      36
0.7583333333333329     34.52477394677945      37
0.7583333333333327     34.52477394677945      34
0.7041666666666663     67.02829759498833      33
0.7083333333333328     34.52477394677945      35
0.7499999999999994     67.02829759498833      34
0.7624999999999994     28.52987122025878      38
0.7874999999999994     67.02829759498833      36
0.7499999999999994     67.02829759498833      35
0.7458333333333328     34.52477394677945      37
0.7541666666666662     34.52477394677945      38
0.720833333333333     67.02829759498833      34
0.7458333333333327     67.02829759498833      38
