0.7583333333333327     67.02829759498833      30
0.7458333333333327     34.52477394677945      35
0.7791666666666661     30.16620021353149      41
0.7124999999999995     26.215630645021417      35
0.7291666666666662     28.52987122025878      33
0.7166666666666661     67.02829759498833      30
0.7999999999999994     67.02829759498833      42
0.7333333333333328     30.16620021353149      32
0.7291666666666662     34.52477394677945      36
0.7166666666666662     30.16620021353149      32
0.7333333333333327     31.04791203387665      38
0.7291666666666662     67.02829759498833      33
0.7791666666666661     67.02829759498833      43
0.779166666666666     67.02829759498833      36
0.7041666666666662     67.02829759498833      34
0.7624999999999995     34.52477394677945      37
0.7583333333333327     67.02829759498833      36
0.7583333333333326     34.52477394677945      37
0.7166666666666662     31.04791203387665      38
0.7458333333333329     67.02829759498833      38
0.7749999999999994     24.465619829022245      39
0.7124999999999996     67.02829759498833      38
