0.7749999999999994     34.52477394677945      32
0.7583333333333327     31.04791203387665      38
0.7416666666666661     30.16620021353149      33
0.7624999999999995     67.02829759498833      36
0.7166666666666663     31.04791203387665      34
0.7208333333333329     67.02829759498833      34
0.7958333333333326     67.02829759498833      41
0.7499999999999996     31.04791203387665      36
0.7499999999999996     67.02829759498833      35
0.7374999999999994     34.52477394677945      36
0.7791666666666661     34.52477394677945      37
