0.7916666666666661     1219.020014685504      18
0.7041666666666662     601.1549760141166      13
0.7583333333333327     702.7203741739806      14
0.7499999999999993     692.8085120557852      14
0.7291666666666662     699.059876089024      14
0.7208333333333328     697.3220675679559      14
0.7958333333333327     1344.7236890432955      19
0.791666666666666     902.8477286673674      16
0.7833333333333327     1067.7171969692752      17
0.7874999999999994     1234.9490962918621      18
0.7708333333333327     794.6719166332757      15
0.7458333333333328     705.1835292814076      14
0.7291666666666662     814.7281884978822      15
0.7541666666666661     818.1046564362588      15
0.7166666666666661     805.6709416044931      15
0.7916666666666661     1359.8643399098373      19
0.7583333333333327     925.2427852920706      16
0.7916666666666661     1724.5172218138355      21
0.7708333333333327     1042.1397435960678      17
0.7708333333333327     1185.1607536490021      18
0.7749999999999994     1197.743694734067      18
0.7624999999999993     1296.4359104816456      19
0.7874999999999994     1396.4657959285137      19
0.7791666666666661     1387.189565095681      19
0.779166666666666     1554.686764329571      20
0.7666666666666662     1379.035993732616      19
0.779166666666666     1770.573612580984      21
