0.7874999999999994     67.02829759498833      39
0.7541666666666661     34.52477394677945      33
0.7624999999999995     28.52987122025878      36
0.7458333333333328     67.02829759498833      36
0.7416666666666661     28.52987122025878      34
0.7499999999999996     31.04791203387665      37
0.7416666666666661     34.52477394677945      36
0.7333333333333328     67.02829759498833      36
0.7166666666666662     23.657062888359242      33
0.7374999999999994     30.16620021353149      38
0.7041666666666662     34.52477394677945      34
0.7041666666666662     31.04791203387665      39
0.7124999999999996     67.02829759498833      34
0.7874999999999993     34.52477394677945      38
