0.7291666666666662     881.3096631937682      16
0.6999999999999996     761.2581468727266      15
0.7833333333333327     1733.5336275765053      22
0.7624999999999994     1136.5674598213222      18
0.779166666666666     1730.3117983108004      22
0.6874999999999997     672.1746630874396      14
0.8041666666666659     1845.5603825901562      22
0.7583333333333327     1281.614640736944      19
0.7958333333333326     1798.361428125399      22
0.7333333333333328     887.6015252502227      16
0.8083333333333326     2153.7105578774126      24
0.695833333333333     758.3912194134028      15
0.7749999999999994     1486.3701557064878      20
0.7708333333333327     1399.1080277786987      20
0.6499999999999998     611.5957103802439      13
0.4541666666666669     423.6166314624873      11
0.7291666666666662     986.2301827990101      17
0.791666666666666     1810.2304444447016      22
0.8166666666666659     3061.4925638984087      29
0.7541666666666661     1006.1357718461038      17
0.7208333333333328     858.0389894300299      16
0.6083333333333333     466.24640731307545      12
0.7749999999999994     1535.8720750110929      20
0.658333333333333     761.5310324452137      15
0.8041666666666659     2002.663330570838      23
0.766666666666666     1684.2115864911489      22
0.779166666666666     2029.1569601306549      24
0.5874999999999999     782.768169885759      15
0.7124999999999996     984.4390946748911      17
0.7499999999999994     1036.4557316375403      17
0.7458333333333328     1812.7838379754064      22
0.5666666666666667     684.3573234031962      14
0.6458333333333329     1775.6786508031857      22
0.7291666666666661     2100.4582566912236      24
