0.7416666666666661     854.0321389101989      15
0.7374999999999995     948.7391485343402      16
0.779166666666666     1462.5593775248117      20
0.6708333333333331     711.3348812063094      14
0.7708333333333327     1084.4926055842493      17
0.7458333333333328     952.322993218549      16
0.791666666666666     1917.9662235274961      23
0.7874999999999993     1672.5321685054807      21
0.5708333333333334     533.9467125375479      13
0.7499999999999994     1079.2887048963748      17
0.7749999999999994     1413.334242728908      20
0.7874999999999993     1913.0615318053942      23
0.6624999999999998     610.6546760743885      13
0.7833333333333327     1888.226741595792      23
0.6666666666666664     705.519969127614      14
0.766666666666666     1464.0293764567923      20
0.779166666666666     1702.7999188584326      22
0.8041666666666659     2118.8868509830318      24
0.7958333333333326     2062.5837660332863      24
0.6124999999999999     537.0640152735252      13
0.7541666666666661     1086.841337280914      17
0.7541666666666661     1206.7791282891178      18
0.7749999999999994     1535.7649548997927      21
0.7249999999999995     730.5403415384501      14
0.7999999999999993     2070.7983920791153      24
0.7458333333333328     1244.8707143317229      18
0.7374999999999994     1416.4486556973102      20
0.5625000000000001     516.5190953179817      12
0.683333333333333     720.6928553555115      14
0.7166666666666661     1203.514534410164      18
