0.9177777777777778     9023.21398962291      31
0.8588888888888886     6545.499069348925      28
0.8911111111111112     7316.433884000729      29
0.9322222222222224     10154.791655817857      33
0.9144444444444446     7950.533959015438      29
0.9311111111111114     9094.01491041373      30
0.9422222222222225     12265.596519653145      36
0.947777777777778     12597.0979083228      37
0.947777777777778     12776.779704644736      37
0.8977777777777779     7793.122460364764      30
0.8577777777777776     6587.826773029421      28
0.8877777777777778     6911.728561704807      28
0.9300000000000002     9410.178909609624      32
0.8800000000000001     7052.200449592035      28
0.7966666666666667     5018.664048484532      24
0.88     7228.907332502368      29
0.8911111111111112     7748.150525493694      30
0.85     6316.736022191879      27
0.8355555555555554     5551.349336089314      25
0.8788888888888889     6651.8131490344485      27
0.8988888888888888     8019.684592725358      31
0.8388888888888888     6031.758390940998      26
0.9033333333333335     8688.473871509857      32
0.9244444444444446     9066.14893776662      31
0.8288888888888886     5424.233480921914      25
0.9177777777777778     9352.48021705883      32
0.7966666666666665     5610.862574272931      25
0.898888888888889     8115.7561805588      30
0.8555555555555555     6408.105396916904      27
0.9366666666666669     10306.399843846659      34
0.7933333333333333     6393.648018497673      26
0.8866666666666665     7754.280747745153      29
0.9122222222222225     8885.846412511659      31
0.8377777777777775     6193.209739003601      27
0.9300000000000002     9678.23150354064      32
0.9300000000000002     9888.7268464942      32
0.9266666666666669     12131.926901543335      35
0.9366666666666669     11862.810751935636      36
0.8800000000000001     7324.778228932337      29
0.8955555555555557     8190.084881999589      31
0.8433333333333332     6378.351457504422      28
0.8699999999999998     6757.880351834427      28
0.8800000000000001     7739.050534709471      30
0.8533333333333334     6610.614359448933      28
0.8755555555555555     7676.764983222453      30
0.8555555555555555     6713.240595654768      28
0.8499999999999995     6568.428563723817      28
0.9011111111111113     8286.867544480561      30
0.8933333333333335     7981.495571016134      30
0.8844444444444444     7870.999472805902      30
