0.8811111111111112     6936.204452320099      26
0.8933333333333334     7774.7071916176      29
0.87     6145.134415502873      26
0.8933333333333335     8071.210937444811      30
0.9066666666666665     8615.284135980328      31
0.851111111111111     5763.745141057449      25
0.8211111111111111     4883.0593712227055      23
0.8966666666666666     8205.243797158313      29
0.8655555555555553     6174.674943761527      26
0.8333333333333329     5592.413736021725      25
0.8488888888888887     5696.47662825823      25
0.7766666666666662     4306.942729187774      23
0.8933333333333335     8572.38395014754      31
0.8477777777777776     6038.037508964057      26
0.8922222222222222     8278.741448856452      30
0.8666666666666665     6204.23499124766      26
0.8633333333333333     6672.719674413476      26
0.7811111111111108     4725.829800887495      23
0.8944444444444445     8898.451887107727      32
0.8944444444444445     9013.374460296985      32
0.8322222222222218     5819.124591321354      26
0.8722222222222221     6594.122792821418      27
0.7722222222222218     4744.071453646394      23
0.8988888888888888     9058.153638795124      32
0.8677777777777778     7800.395027448255      30
0.8822222222222224     7914.568924822436      30
0.8544444444444443     6814.514298104119      27
0.8577777777777778     6892.023962997958      27
0.8166666666666662     5187.773444631006      24
0.8166666666666662     5498.157306959054      25
0.8911111111111111     7928.934065244117      29
0.8522222222222221     6674.757625872975      28
0.7799999999999999     4796.782484973606      23
0.8666666666666665     6936.880862612759      28
0.8922222222222224     8856.543392582114      31
0.8833333333333335     8573.850317461984      32
0.8266666666666663     5866.119373821973      27
0.8511111111111109     6047.665893481166      25
0.7466666666666665     4876.277189621921      24
0.7377777777777774     4654.183828824728      23
0.8833333333333333     7965.5009863809655      30
0.8766666666666668     7943.325149674955      30
0.861111111111111     6995.977252707863      28
0.8833333333333333     8352.538298720381      31
0.8199999999999995     5583.071817173892      25
0.8422222222222221     6051.829804978409      25
0.851111111111111     6378.1401796770615      27
