0.9200000000000003     9129.22257105409      32
0.8822222222222224     6835.248450715056      28
0.8688888888888887     6410.636487122815      27
0.8644444444444443     6807.355931344757      28
0.9200000000000003     9939.819545446459      34
0.9133333333333336     9226.210989856318      33
0.8677777777777775     7281.980255671042      28
0.7466666666666665     5922.096281137367      27
0.8644444444444442     6935.408913551636      27
0.8699999999999997     7330.494892380782      28
0.9111111111111114     8737.683553944822      31
0.9088888888888891     8767.458100499933      30
0.9300000000000002     10381.453163108647      34
0.9088888888888887     7608.866919904767      28
0.9044444444444447     8128.894313077174      30
0.9055555555555557     9071.785005697267      32
0.7955555555555551     5950.429111926788      26
0.8677777777777774     7075.558828852507      28
0.8922222222222219     7764.338999832535      29
0.7966666666666663     6016.460352052048      27
0.8422222222222218     6572.828625728321      28
0.8388888888888885     6409.67158956305      26
0.8322222222222221     6232.869343197347      27
0.8166666666666665     6340.566299531499      26
0.9233333333333333     10846.067213429349      36
0.8433333333333333     7179.524136531534      28
0.881111111111111     7333.6444934392275      28
0.9033333333333334     8226.50813230313      30
0.8788888888888888     7610.269651106419      29
0.8133333333333332     6604.908585377466      28
0.9033333333333334     8933.545672341083      32
0.8933333333333332     7802.290658462435      29
0.8655555555555553     7324.0618105699505      28
0.8999999999999997     8260.494828277366      30
0.92     9340.589284162554      33
0.8755555555555553     7400.1288652059      28
0.8344444444444442     6706.056494847197      27
0.8644444444444442     7214.597813466962      28
0.8688888888888885     7397.761079601605      29
0.8677777777777775     7341.348834129971      28
0.892222222222222     8516.27952661503      30
0.892222222222222     8536.277378812949      30
0.8999999999999997     8617.737712662583      31
