0.8366666666666666     4917.6896536380345      23
0.8488888888888889     5547.998116135682      25
0.8622222222222221     5688.218944678191      25
0.9166666666666672     8225.1672518883      30
0.8144444444444445     5090.0487111387065      24
0.8822222222222222     6071.215566072354      26
0.8077777777777773     4396.233424133168      22
0.8666666666666666     6049.353099703284      27
0.8866666666666667     6667.12880415619      27
0.8733333333333334     6236.620843286416      26
0.9122222222222224     7944.312180191455      28
0.9222222222222226     8799.926226611564      31
0.9288888888888893     9551.115997620605      31
0.8566666666666664     5677.505600790401      25
0.9166666666666671     8741.811133997955      30
0.8677777777777778     6318.224671498436      27
0.8822222222222222     6327.614986353916      27
0.8644444444444445     6376.5832388197405      27
0.8844444444444445     6582.546881672474      27
0.8044444444444443     4834.072561473705      23
0.7622222222222221     4575.0568041788765      23
0.8955555555555554     6922.471838351222      27
0.822222222222222     5155.967169988468      24
0.9166666666666671     9080.303948304538      31
0.915555555555556     7756.996566613873      29
0.8922222222222221     6972.420334297011      27
0.8633333333333333     5804.284578769356      25
0.8822222222222222     6610.939248815367      28
0.7844444444444444     4661.855371985074      23
0.8633333333333335     6212.768179586522      26
0.8422222222222219     5172.070670020545      24
0.9055555555555559     7299.651204666693      28
0.7944444444444443     4798.775459774793      23
0.8666666666666667     6572.959053685887      27
0.9155555555555557     9081.761159939164      31
0.8611111111111112     6041.838752748284      26
0.8722222222222222     6799.023022167218      27
0.8411111111111109     5842.402146434503      26
0.8388888888888889     5399.053200328821      24
0.8844444444444445     6781.123334391611      28
0.848888888888889     6155.263798688808      27
0.8755555555555555     6913.617431294973      29
0.9133333333333336     8862.352723514972      31
0.9100000000000001     7786.096907677552      29
0.8633333333333335     6769.168194395977      27
0.8966666666666667     7450.078523696181      29
0.9111111111111114     7862.371296888385      29
0.8633333333333332     6169.750010722965      26
0.8622222222222221     6455.238281210979      27
0.851111111111111     6480.168629595498      28
