0.8933333333333334     7821.560618457501      28
0.7822222222222222     4543.792058188787      23
0.9133333333333336     10071.188551778218      32
0.91     8122.75419248118      27
0.837777777777778     6069.547849021107      26
0.8855555555555558     7050.013814281836      27
0.9111111111111112     8403.310592644946      29
0.9122222222222223     8723.870101506749      30
0.7877777777777778     4614.127461054138      23
0.9188888888888892     11853.391782845292      35
0.91     8022.508728939967      28
0.8455555555555554     6292.4364351464155      26
0.7966666666666666     4999.292005811705      24
0.89     7289.901585989059      27
0.8222222222222225     5502.74912589615      25
0.897777777777778     8480.961571028072      30
0.8433333333333332     7058.282681232046      28
0.8400000000000001     6711.592513636184      28
0.9122222222222223     10267.568264161417      34
0.8933333333333334     8101.1892032052565      29
0.7599999999999997     4259.379111968269      22
0.8055555555555556     5127.986626645068      24
0.9111111111111112     8761.053295175427      30
0.8411111111111113     6727.255200297722      27
0.8322222222222221     5821.956946094096      27
0.7522222222222217     4129.999432395186      22
0.824444444444444     6043.187926006923      26
0.8799999999999999     7585.54546762942      29
0.7955555555555556     4683.677977513578      23
0.9022222222222224     8527.588042163045      30
0.7955555555555556     4909.109498561964      24
0.7666666666666662     4564.84757104418      23
0.7066666666666662     3903.4514624235435      22
0.8766666666666665     7129.33728276817      26
0.8366666666666667     6214.165767896464      27
0.8111111111111108     5242.310294185793      25
0.8222222222222226     5730.103494588622      26
0.8133333333333336     5657.562336025362      26
0.852222222222222     7597.670083714602      28
0.807777777777778     5318.824183638911      25
0.7622222222222219     4490.567170057815      23
0.7099999999999994     4266.75479301313      23
0.8211111111111113     5917.776094223858      27
0.7877777777777778     4614.618420869453      23
0.7477777777777775     4336.131171823837      23
0.7944444444444445     4887.905505070044      24
0.8822222222222221     8148.766999215749      29
0.7877777777777778     4856.055608793427      24
0.8944444444444445     8154.935486732241      29
0.7866666666666666     4609.732226423161      23
