0.9155555555555557     8978.574035636017      32
0.9277777777777779     9727.577225878738      33
0.8499999999999996     6108.31131742644      26
0.8888888888888887     7231.546213163424      28
0.9211111111111112     9769.229691173481      34
0.9266666666666669     9984.738610860604      33
0.8377777777777775     5968.237083631129      25
0.8166666666666664     5157.890849888058      25
0.9344444444444449     11292.87309944453      35
0.8511111111111112     5917.715839563396      27
0.9333333333333336     10143.732770444578      34
0.8299999999999995     5426.162745705928      25
0.9322222222222225     11669.169329373197      37
0.9277777777777779     10084.356480306285      34
0.8488888888888888     5923.387960173947      27
0.93     10111.873684914572      34
0.9188888888888893     9080.075049533818      32
0.8811111111111112     6785.472882768101      27
0.852222222222222     5945.396392986007      27
0.9200000000000002     9798.23146247662      34
0.9277777777777779     10085.132411495988      34
0.8611111111111109     6550.639864827598      28
0.9411111111111113     11778.517782835966      37
0.9166666666666669     9103.233201741765      32
0.9077777777777779     7715.700763145451      29
0.9277777777777779     10893.826433365568      36
0.9288888888888891     11609.230121774965      37
0.8533333333333332     6367.256052350103      26
0.89     7619.000227596713      29
0.8511111111111109     6439.517346913779      27
0.8688888888888887     6918.765501327428      28
0.9011111111111113     7851.649776652783      29
0.9288888888888891     12245.730356876435      39
0.8677777777777776     6906.888092536893      28
0.83     6549.222599344577      27
0.9177777777777778     9408.991838202508      33
0.8911111111111112     7650.2444283406985      29
0.9011111111111111     7690.7937373923505      29
0.888888888888889     7946.058208110052      30
0.8888888888888888     7240.547065845498      28
0.925555555555556     10359.131128304538      34
0.9155555555555556     8870.067661355737      31
0.9055555555555556     8864.521900303582      32
0.7522222222222219     5466.34934870003      25
0.8444444444444444     6166.0107740350695      28
0.9211111111111112     10656.944624976832      36
0.9044444444444445     8308.863654160963      30
0.8288888888888887     5511.406704295293      26
0.8166666666666664     5479.416043400911      26
0.9066666666666667     10003.270429641885      35
