0.8544444444444446     12258.075395747537      41
0.7988888888888888     9848.885734073838      38
0.8544444444444445     11660.638440060757      40
0.8444444444444443     11719.86566111916      40
0.8333333333333333     10411.492420939241      38
0.8422222222222224     11093.533434174762      39
0.8600000000000002     11702.146813275967      39
0.858888888888889     12020.85475832838      41
0.8255555555555555     11006.933697715398      36
0.838888888888889     10736.338759532257      38
0.8099999999999999     9088.873170358684      36
0.84     11893.334877492352      37
0.8633333333333334     11943.769827109052      39
0.8455555555555556     10874.798410364507      38
0.85     11680.065614948317      40
0.8644444444444445     11761.160686141606      40
0.832222222222222     9844.185294689207      37
0.8222222222222221     9606.115870988568      36
0.8822222222222224     14052.23817296901      41
0.8433333333333337     11592.650226685097      37
0.868888888888889     12298.982160005251      40
0.8877777777777778     13412.105767014018      42
0.8377777777777775     9856.228735175238      37
0.8266666666666667     11165.260384399995      36
0.7977777777777777     9183.870058135079      35
0.8211111111111111     9235.290138392338      35
0.8833333333333333     13088.761965058853      42
0.8255555555555559     10504.287725211821      37
0.8811111111111108     12276.497207565995      41
0.8266666666666665     9734.124605360379      36
0.8755555555555553     12801.560167860656      39
0.8466666666666667     11096.559744840966      39
0.8533333333333335     12478.119557936365      41
0.867777777777778     12015.96047967772      40
0.8333333333333336     11047.230854027168      39
0.791111111111111     8886.723867079598      34
0.8033333333333333     8889.781068138027      34
0.8533333333333334     10636.0918464602      37
0.8544444444444447     12211.168168117043      38
0.8766666666666668     12565.378967410643      40
0.8044444444444444     9074.986902454597      35
0.7966666666666661     9124.07692475086      36
0.888888888888889     14540.467657891322      44
0.7999999999999997     8712.192629984445      34
0.89     14298.207877197154      42
0.8777777777777778     13805.658211823502      42
0.7822222222222224     9393.843290298644      34
0.8099999999999999     10336.065750468424      38
0.8577777777777779     13432.266231365586      43
0.8955555555555557     15644.579779673932      44
