0.8566666666666666     10340.948349039221      36
0.8722222222222222     11139.753876677989      37
0.8611111111111114     11023.801750951003      37
0.8722222222222223     11661.636948267893      40
0.792222222222222     7793.459577330145      31
0.8844444444444448     11948.640323014833      39
0.8333333333333333     9147.987328054936      34
0.875555555555556     11855.448845419412      38
0.8766666666666668     11728.240161829934      39
0.8600000000000002     10748.043638817358      37
0.85     10110.011289584423      35
0.8366666666666666     9860.846074860361      36
0.8166666666666663     8651.829675037678      33
0.8455555555555556     10203.922417332557      37
0.8266666666666668     8852.824715220022      34
0.7644444444444441     7524.9008398724745      30
0.7422222222222219     6505.812458616037      30
0.805555555555555     8261.425396714223      32
0.7499999999999997     7023.822769225309      31
0.8877777777777782     13104.984196017263      40
0.841111111111111     10508.821308339662      37
0.8311111111111114     10321.38671395752      36
0.8188888888888887     9394.856614686729      35
0.7155555555555553     6040.436043787342      27
0.7899999999999999     9571.919462286216      36
0.7722222222222221     7522.974933521633      32
0.7922222222222219     9579.010257926406      37
0.8344444444444441     10344.1962048713      36
0.8900000000000003     14346.509643347747      44
0.8877777777777778     15775.583311767277      47
0.8499999999999998     12110.749977396834      41
0.8777777777777779     12614.87743483302      41
0.7788888888888887     7563.770876763111      31
0.7966666666666666     9689.83366425567      35
0.8388888888888889     10597.390565383032      37
0.8722222222222223     13592.690771843894      41
0.8377777777777776     11968.596293732782      40
0.6566666666666664     6694.254392870559      29
0.7622222222222221     7358.691024572289      30
0.8099999999999999     9671.537660708846      36
0.8300000000000002     13348.258946309648      40
0.8177777777777777     9897.317787686143      36
0.8944444444444448     16232.014457975452      45
0.8122222222222217     12970.99678567097      44
0.8544444444444448     15551.424099863756      46
0.887777777777778     17955.053961846002      49
