0.847777777777778     9392.879845926367      35
0.8466666666666668     10561.268335853529      35
0.8900000000000002     12647.773585056277      41
0.8855555555555552     13126.673347178155      39
0.8222222222222226     7416.063489763744      31
0.8866666666666669     12078.330721738545      40
0.8922222222222225     12816.192716936774      41
0.8366666666666671     9355.67304139187      34
0.8444444444444448     9608.290087812808      36
0.8666666666666666     10944.850444811858      38
0.8422222222222226     9763.68316999902      35
0.8844444444444445     11546.346667888924      39
0.8544444444444448     9872.796544009849      36
0.8355555555555558     8167.575077619135      32
0.861111111111111     10514.774297487535      38
0.8144444444444443     7884.609961855571      32
0.7466666666666665     6973.622959466926      27
0.8944444444444445     12918.00057637728      42
0.8399999999999999     9295.911142218936      35
0.8877777777777778     13562.147695196512      43
0.8433333333333334     10290.278041069732      37
0.8133333333333336     7134.272524308517      31
0.7888888888888889     6490.382613570234      28
0.77     6134.13977047743      28
0.7377777777777778     6443.696155383711      29
0.8911111111111112     14095.198152165263      44
0.9055555555555558     16256.006562653956      47
0.7922222222222223     7323.7491179212775      31
0.7844444444444447     8098.144096695751      31
0.8399999999999997     9124.721457213653      35
0.8377777777777776     10528.502469738023      38
0.8622222222222223     10869.31613261794      37
0.8766666666666666     12471.612807523366      40
0.7011111111111108     6043.484396693706      29
0.7733333333333335     7989.972193395799      31
0.7555555555555555     6712.803479805334      30
0.7666666666666664     8425.610965811607      31
0.6977777777777774     6067.568814282083      29
0.8333333333333335     8185.114570349383      33
0.8733333333333331     10913.137988705128      39
0.8700000000000003     11301.429293065714      39
0.83     9875.34201699592      37
0.7566666666666664     8246.892697244528      34
0.8099999999999997     10241.024781090962      37
