0.8277777777777774     21228.271222959695      55
0.8299999999999996     21903.440368596483      56
0.8244444444444441     21041.12548020381      55
0.8233333333333329     20441.995962763667      54
0.832222222222222     22555.84344730275      57
0.8233333333333329     21219.36285387264      55
0.832222222222222     23163.92869085679      58
0.8288888888888886     21289.142989495158      55
0.8299999999999997     22478.554198175392      57
0.833333333333333     23315.23310208606      58
0.832222222222222     23241.72664755854      58
