0.8708333333333323     26.258503830557355      26
0.874999999999999     35.44010599487095      26
0.8833333333333322     46.683541231080845      26
0.8624999999999989     26.258503830557355      25
0.7916666666666659     26.258503830557355      24
0.754166666666666     26.258503830557355      24
0.791666666666666     26.258503830557355      25
0.7666666666666659     26.258503830557355      25
0.7458333333333328     26.258503830557355      24
0.8416666666666657     19.898354130747474      26
0.8666666666666656     26.258503830557355      26
0.7874999999999992     19.898354130747474      27
0.8041666666666659     26.258503830557355      26
0.7958333333333326     26.258503830557355      26
0.7624999999999993     26.258503830557355      25
0.7583333333333327     25.587266320265506      25
0.7708333333333326     25.587266320265506      26
0.7583333333333327     25.587266320265506      26
0.7124999999999996     25.587266320265506      26
0.754166666666666     19.779358448561183      29
0.716666666666666     19.779358448561183      30
