0.8666666666666656     21.379984882434517      27
0.874999999999999     23.89431408100967      27
0.8291666666666658     26.258503830557355      24
0.887499999999999     26.258503830557355      25
0.8833333333333323     26.258503830557355      25
0.887499999999999     26.258503830557355      26
0.8833333333333323     26.258503830557355      26
0.8749999999999989     26.258503830557355      26
0.8708333333333323     26.258503830557355      26
0.8666666666666657     26.258503830557355      26
0.8916666666666655     80.37666415421873      27
0.8666666666666656     80.37666415421873      25
0.8499999999999991     26.258503830557355      26
0.8249999999999992     26.258503830557355      25
0.887499999999999     46.683541231080845      26
0.8458333333333324     26.258503830557355      26
0.887499999999999     35.44010599487095      27
0.8208333333333324     26.258503830557355      24
0.8833333333333323     26.258503830557355      27
0.849999999999999     26.258503830557355      27
0.8083333333333323     26.258503830557355      23
0.7916666666666659     26.258503830557355      23
0.7874999999999992     26.258503830557355      23
0.7958333333333325     26.258503830557355      24
0.8249999999999991     80.37666415421873      24
0.7958333333333325     26.258503830557355      27
0.887499999999999     46.683541231080845      27
0.7916666666666659     26.258503830557355      27
0.8916666666666655     80.37666415421873      28
