0.8749999999999989     2652.70706881952      26
0.8374999999999991     2385.660883386054      25
0.8374999999999991     2575.159232827525      26
0.8791666666666657     2666.291909802524      26
0.8624999999999989     2625.840494486604      26
0.8333333333333325     2429.3865398845833      25
0.8791666666666657     2846.9083349144357      27
0.8583333333333323     2593.281699986029      26
0.8541666666666657     2614.953142321643      26
0.8791666666666657     2854.8420273074153      27
0.8916666666666655     2883.96741009676      27
0.8916666666666655     3764.5111069912177      31
