0.8666666666666657     3052.6529466882916      28
0.8833333333333323     3472.07898027691      30
0.8833333333333323     3481.3471553480213      30
0.8833333333333323     3485.973237241242      30
0.8791666666666657     3521.5225798511037      30
0.8791666666666657     3530.5533080807386      30
0.8833333333333323     3670.528687707131      31
0.887499999999999     3746.8317203643333      31
0.8916666666666655     4045.093849657811      32
0.887499999999999     3975.45780265827      32
0.8833333333333323     3687.144415245645      31
0.8916666666666655     6020.292044744934      39
0.8916666666666655     7011.680883193674      42
0.8916666666666655     7127.074353077055      42
0.8916666666666655     7408.534617026964      43
0.8916666666666655     7723.351731886703      44
0.8916666666666655     7980.177215393497      45
0.8916666666666655     8014.725453633626      45
