0.8374999999999991     864.2973049477176      15
0.7499999999999994     641.4921933061023      13
0.8458333333333324     1098.607820954622      17
0.7291666666666663     630.1867781494851      13
0.8291666666666658     644.355527411578      13
0.8458333333333324     1238.517445068863      18
0.733333333333333     631.0149517773845      13
0.7208333333333329     630.169854516622      13
0.8041666666666659     729.5929247415235      14
0.8249999999999992     944.8598403077804      16
0.8416666666666658     1368.7973581658212      19
0.8458333333333324     1690.9799604573109      21
0.8249999999999991     950.2025313352581      16
0.733333333333333     638.1724869999413      13
0.8208333333333325     838.0434691671437      15
0.7624999999999994     831.7254208669899      15
0.7333333333333328     727.3095540757035      14
0.733333333333333     737.7259289046307      14
0.8374999999999991     961.7583866953447      16
0.7208333333333329     723.5170710768756      14
0.7999999999999993     958.0373344715928      16
0.7041666666666664     631.0554021142642      13
0.8374999999999991     1207.2918623492637      18
0.791666666666666     839.2866342083836      15
0.8208333333333325     1067.9680698137486      17
0.8124999999999992     1069.6454564813628      17
0.8416666666666658     1656.001649282508      21
0.7624999999999994     842.9240075492364      15
0.7583333333333327     832.6258316035387      15
0.7541666666666662     746.8483508147679      14
0.7624999999999994     847.9230300185206      15
0.7708333333333327     859.6770289635339      15
0.7416666666666663     738.3220249810469      14
0.8374999999999991     1659.4773258977907      21
