0.8333333333333325     1370.0775855856016      19
0.7958333333333326     951.886224202309      16
0.7249999999999994     836.2193110456476      15
0.8291666666666658     1102.1335415374324      17
0.8458333333333324     1518.4271902717053      20
0.8249999999999992     975.5090404583466      16
0.8208333333333325     981.697147543812      16
0.7083333333333329     705.079696203265      14
0.7166666666666662     730.1284173511381      14
0.8166666666666659     990.8513080444211      16
0.8333333333333325     1393.0266277735814      19
0.8083333333333326     970.617687482076      16
0.8249999999999992     1092.0789294636695      17
0.8333333333333325     1423.8177772214299      19
0.8291666666666658     1214.2327004044298      18
0.7958333333333326     985.989426232801      16
0.8208333333333325     1133.2457924106086      17
0.7124999999999996     818.1268513988585      15
0.8166666666666659     1092.010585393353      17
0.8333333333333325     1510.1854870439083      20
0.8083333333333326     1078.4798482328242      17
0.7833333333333325     937.1420865892236      16
0.8291666666666658     1218.5714861963347      18
0.7916666666666659     993.6250911371342      16
0.8124999999999992     1097.7897168663828      17
0.8166666666666659     1102.1021848064909      17
0.8166666666666659     1200.2813654549193      18
0.7083333333333329     937.0210668927789      16
0.8333333333333325     1675.108529132152      21
0.8333333333333325     2238.219443570618      24
0.8166666666666659     1522.5875523344794      20
0.8124999999999992     1226.2839345189348      18
0.8291666666666658     1647.7535942552904      21
0.7833333333333325     1059.6029861403126      17
0.8166666666666659     1531.8397592453484      20
0.8124999999999992     1670.5810472770418      21
0.8083333333333325     1095.6643557670707      17
0.7541666666666661     1076.6998058101108      17
