0.9666666666666671     25789.485305071958      60
0.965555555555556     25383.5620232512      60
0.9611111111111115     23800.46309776299      58
0.9666666666666671     25852.71902855517      60
0.9600000000000004     23061.95961483771      57
0.9633333333333337     25155.35956402578      60
0.9655555555555559     25950.727709769926      60
0.9677777777777782     27049.594730008677      61
0.9666666666666671     25964.703327383748      60
0.9666666666666671     27038.828106584293      62
0.9622222222222226     25882.072782869138      60
0.9700000000000005     27270.96627670123      61
0.9655555555555559     26027.640746975852      60
0.9700000000000005     27906.850353609487      62
