0.9377777777777782     23334.969874648097      56
0.9311111111111113     23680.761803685953      56
0.9588888888888891     25202.818417064453      58
0.957777777777778     24825.915219060324      58
0.9600000000000002     25759.765410060245      59
0.9488888888888893     24146.991313367635      57
0.9511111111111117     24990.329613746326      58
0.9644444444444448     28243.214957870176      62
0.9633333333333337     26960.018210879847      60
0.9633333333333337     27689.294420279643      61
0.9622222222222225     26051.903869082365      59
0.9633333333333338     27901.580068383453      62
0.965555555555556     37961.70266520756      73
