0.9677777777777783     26616.048219844895      62
0.956666666666667     22838.78905968079      57
0.9611111111111116     23782.025938025374      58
0.9655555555555559     24482.36251589058      59
0.964444444444445     24340.40525429712      59
0.9633333333333337     24587.676039735405      59
0.965555555555556     25378.441611109803      60
0.965555555555556     25398.87879186501      60
0.9700000000000005     28648.384461937818      64
0.9666666666666671     26223.90282892616      61
0.9666666666666671     26974.189380548672      62
0.9688888888888895     27034.63066955454      62
