0.9677777777777783     23891.87403884589      58
0.9666666666666671     23647.19488136503      57
0.9700000000000005     25827.352543340137      60
0.965555555555556     23177.544270519396      57
0.9588888888888893     22165.254471228785      56
0.9677777777777783     23962.333174612035      58
0.9700000000000005     26414.818231167596      61
0.9700000000000005     26462.321019354473      61
0.9688888888888895     24734.705415371915      59
0.9700000000000005     30557.901358333635      66
0.9700000000000005     37874.28339279599      74
0.9700000000000005     38640.508070896365      74
