0.9300000000000003     18004.73518827801      49
0.9177777777777782     16986.42250141615      48
0.907777777777778     16510.636562801163      47
0.9255555555555558     17969.672842120908      49
0.9077777777777781     16766.563266752877      47
0.9144444444444448     16754.711311111303      48
0.9244444444444448     17356.274918408017      48
0.9255555555555559     18359.988102435003      49
0.9122222222222225     16896.194969483284      48
0.9166666666666669     17099.813491699704      48
0.9433333333333336     20418.91881865888      52
0.9355555555555556     19015.830585768777      51
0.9366666666666669     20358.81990366357      53
0.9466666666666669     31233.160522896153      68
0.947777777777778     34521.35810393188      71
0.9533333333333338     36611.10365365581      74
0.9477777777777782     37602.75504216766      74
