0.9488888888888892     20775.56950511855      54
0.9555555555555559     23056.147971161452      57
0.9533333333333338     22302.121805122224      56
0.9533333333333336     22261.100668497053      56
0.9577777777777782     23199.334977989976      57
0.9522222222222225     22389.634879119523      56
0.9511111111111114     21507.48595974226      55
0.9577777777777782     23829.119282373686      58
0.9577777777777782     24172.75092122684      58
0.9577777777777782     25469.7807764876      60
0.9588888888888893     25604.91074485849      60
0.9600000000000004     34116.57934623752      70
0.9588888888888893     33275.72023990713      69
0.9600000000000005     34424.911140617536      69
0.9633333333333337     35995.07859470001      71
0.9644444444444449     38206.20900846374      73
0.9633333333333337     37565.80697305182      73
0.9633333333333337     37664.54320208903      73
