0.831111111111111     9328.814797700677      38
0.8233333333333333     8400.130383997985      36
0.7855555555555551     7307.032407835475      34
0.7344444444444438     6149.236344472034      31
0.7477777777777774     6303.4280152589645      32
0.772222222222222     6627.57227224872      32
0.7544444444444443     6450.267446476558      32
0.79     7516.337511540831      34
0.7022222222222219     5805.172801379051      31
0.7766666666666666     7353.868651765871      34
0.7788888888888889     7395.819229768057      34
0.8277777777777778     9084.113406278557      38
0.8177777777777776     8712.163875789145      37
0.8355555555555556     9348.04201432038      38
0.8277777777777776     8813.979419553347      37
0.8166666666666664     9374.184668508222      39
0.7466666666666665     6404.390717461144      32
0.813333333333333     8388.454330276783      36
0.7666666666666665     6782.698548136918      33
0.7333333333333326     6115.164853787706      31
0.7766666666666665     6806.233298394112      33
0.7344444444444438     6417.152060111469      32
0.8077777777777776     7836.11715940923      35
0.803333333333333     7807.445407679799      35
0.7077777777777774     5841.729416536163      31
0.831111111111111     9518.462110356882      39
0.8155555555555554     8469.379600206732      36
0.7899999999999997     7647.425721820674      35
0.7977777777777774     7719.294796911893      35
0.8422222222222222     10578.571823949396      41
0.7977777777777774     8053.679265718064      36
0.7922222222222219     7721.504397757811      35
0.7788888888888885     7503.580194374661      35
0.8400000000000002     9779.584023426138      39
0.783333333333333     7532.139153212326      35
0.8077777777777778     8574.893555061351      37
0.7977777777777776     8501.077871625566      37
0.7211111111111106     5926.58043779344      31
0.8155555555555554     9555.65091984407      39
0.7344444444444438     6429.852295678197      32
0.7633333333333331     6891.904932333418      33
0.7899999999999995     7582.594726406843      35
0.8144444444444441     8691.445162758033      37
0.831111111111111     9658.784501370184      39
0.7544444444444443     6752.802301959482      33
0.7466666666666664     6593.621501087682      33
0.8377777777777777     10591.431379910464      41
0.7311111111111109     6390.975868382612      32
0.7277777777777771     6538.328991333859      33
0.773333333333333     7289.865274596614      34
