0.7688888888888888     6628.779257436001      32
0.7877777777777778     7103.018898426024      33
0.7111111111111108     5462.278755373119      29
0.7677777777777777     6846.5127665422715      33
0.7433333333333334     6140.088214827102      31
0.8111111111111109     7829.480091140911      35
0.7988888888888888     8009.405096951321      36
0.7566666666666664     6361.575163129748      32
0.7711111111111107     6954.447270057386      33
0.7366666666666667     6227.999689848206      31
0.7888888888888889     7716.262312341833      35
0.7655555555555553     6768.363294480898      33
0.7844444444444441     7727.330356988583      35
0.7666666666666667     6899.1466184975      33
0.7833333333333332     7235.488100539309      34
0.7933333333333332     8045.904508761874      36
0.7577777777777777     6431.481154318735      32
0.7744444444444443     7025.912978930059      33
0.7077777777777775     5495.856509396154      29
0.7333333333333332     5863.635949807566      30
0.7255555555555551     5894.960541928024      30
0.7677777777777777     7109.38825368066      34
0.7533333333333332     6784.441172982787      33
0.7188888888888888     5668.518402526765      30
0.7566666666666666     6860.052564349149      33
0.7311111111111107     6037.846868681071      31
0.7544444444444441     6806.45708084328      33
0.7222222222222221     5830.164273647558      30
0.7644444444444443     7167.477763720257      34
0.7255555555555554     5919.218232817367      31
0.7744444444444445     8271.223842522402      37
0.7711111111111109     7295.047492761329      34
0.7433333333333333     6229.934354718915      31
0.742222222222222     6240.819882432292      31
0.7355555555555553     6221.290999785687      31
0.7477777777777774     6484.871429354817      32
0.7688888888888887     7230.60157524602      34
0.7322222222222219     6082.45543933476      31
0.7077777777777777     5512.524254990815      29
0.7455555555555555     6531.585362641295      32
