0.8477777777777774     11829.778390842135      42
0.8677777777777775     12514.669081863462      43
0.8788888888888885     13490.37685709173      45
0.8655555555555554     12476.23025303642      43
0.8844444444444441     13557.131007783999      45
0.8788888888888885     13567.691413831357      45
0.8677777777777775     12938.669757648377      44
0.8899999999999997     13573.127769557688      45
0.8622222222222219     12006.77024822058      42
0.8766666666666664     13443.338565797556      45
0.8455555555555551     11836.425455984883      42
0.8855555555555554     13613.99673362222      45
0.8477777777777773     13265.217438291      45
0.8766666666666664     14077.622257393492      46
