0.8766666666666667     17099.90262850023      53
0.8599999999999999     15961.978681382427      51
0.8433333333333333     15799.390146826987      51
0.851111111111111     15858.630271454662      51
0.8477777777777777     16386.83821065359      52
0.8355555555555555     15252.922930902427      50
0.9044444444444446     19680.289518742386      56
0.8911111111111111     18452.338938702862      54
0.8355555555555555     15767.755941382835      51
0.8977777777777777     18497.78169463675      54
0.8599999999999999     16486.334362161306      52
0.8755555555555554     16582.694113227426      52
0.9     19054.033238754044      55
0.8822222222222221     17162.17533128068      53
0.8588888888888888     16964.05418886649      53
