0.8499999999999991     2772.048124022987      27
0.8499999999999991     2978.892945945286      28
0.8499999999999991     2985.9953896709903      28
0.8333333333333325     2547.3203757777023      26
0.8416666666666658     2755.7095682863983      27
0.8416666666666658     2768.953303631393      27
0.8499999999999991     2987.6402539706537      28
0.8333333333333325     2726.246551850337      27
0.8374999999999991     2784.575329366569      27
0.8541666666666657     3222.1963268165077      29
0.8499999999999991     3194.1095405719407      29
0.8541666666666657     3685.5629728962317      31
0.8541666666666657     4715.660647852035      36
