0.7958333333333326     2281.2854681094996      25
0.8041666666666659     2451.6718727153675      26
0.8374999999999991     2462.2044936162056      26
0.8083333333333326     2471.3339024075713      26
0.8458333333333324     2859.5885033019704      28
0.8374999999999991     2659.6922183352303      27
0.8416666666666658     2889.1463786388445      28
0.8374999999999991     2864.131513655108      28
0.8541666666666657     3087.8219674108655      29
0.8458333333333324     3125.8307725747186      29
0.8499999999999991     3134.8894673015557      29
0.8541666666666657     6577.1401727941      42
0.8541666666666657     6626.118375178231      42
0.8541666666666657     6656.13461110063      42
0.8541666666666657     6998.028708569203      43
0.8541666666666657     7010.9936363561055      43
0.8541666666666657     7030.128162062053      43
0.8541666666666657     7292.768751596071      44
0.8541666666666657     7344.057895141513      44
0.8541666666666657     7642.948015210169      45
