0.8208333333333325     2101.2919010814153      24
0.8249999999999992     2133.301064667961      24
0.8374999999999991     2135.345293104333      24
0.8124999999999992     1935.0069119764726      23
0.8416666666666658     2308.4453034143276      25
0.8499999999999991     2317.4837109963714      25
0.8499999999999991     2520.5842322506264      26
0.8499999999999991     2524.953493810143      26
0.8541666666666657     2528.513390824869      26
0.8541666666666657     2707.498145007983      27
0.8541666666666657     3162.186397026994      29
0.8499999999999991     2536.7241163080225      26
0.8541666666666657     3361.145231576844      30
0.8541666666666657     3567.27697453758      31
0.8541666666666657     3742.7644715774954      32
0.8541666666666657     4529.959848420088      35
0.8541666666666657     4548.273558042268      35
0.8541666666666657     4777.963683697863      36
0.8541666666666657     4796.813008109154      36
0.8541666666666657     5068.020417248423      37
0.8541666666666657     5301.534977498213      38
0.8541666666666657     5352.229909096912      38
0.8541666666666657     5472.2444785396065      38
0.8541666666666657     5598.918302288182      39
0.8541666666666657     5644.490286194445      39
0.8541666666666657     5714.456836553812      39
0.8541666666666657     6116.701782464563      40
0.8541666666666657     6279.480694837631      41
0.8541666666666657     6317.191212987992      41
0.8541666666666657     6646.177302734995      42
0.8541666666666657     6994.387077945177      43
0.8541666666666657     7006.797605103474      43
0.8541666666666657     7541.836127741398      45
0.8541666666666657     7550.778390939863      45
0.8541666666666657     7597.800963934366      45
