0.8083333333333326     1969.647683318676      23
0.8041666666666659     1811.3185599855422      22
0.8333333333333325     2227.755740177758      24
0.8249999999999992     2000.9132456115633      23
0.8333333333333325     2387.4559679906706      25
0.8374999999999991     2399.537350803625      25
0.8374999999999991     2551.4894577249197      26
0.8374999999999991     2765.591032870863      27
0.8416666666666658     3463.9714743266068      30
0.8499999999999991     3801.929143369917      32
0.8541666666666657     4108.865914947554      33
0.8416666666666658     3857.9356409959655      32
0.8416666666666658     3884.74807583735      32
0.8541666666666657     4365.245908697326      34
0.8541666666666657     4384.750628574049      34
0.8541666666666657     4869.448621802729      36
0.8541666666666657     5908.964179955297      40
0.8541666666666657     7987.8879338156585      46
