0.8416666666666658     1700.6201206642734      21
0.8458333333333324     1856.234982926137      22
0.8416666666666658     1839.6917449420164      22
0.8499999999999991     1890.073385160317      22
0.8541666666666657     2052.134995129143      23
0.8541666666666657     2072.4272465834047      23
0.8541666666666657     2215.318950113306      24
0.8499999999999991     2088.7671189165994      23
0.8541666666666657     2418.3365893652363      25
0.8541666666666657     2663.090493132193      26
0.8541666666666657     2798.1562296280977      27
0.8541666666666657     3071.5910760336274      28
0.8541666666666657     3203.262209811059      29
0.8541666666666657     3542.0396075639856      30
0.8541666666666657     5186.46909970374      37
0.8541666666666657     5542.591008859449      38
0.8541666666666657     5853.946546048694      39
0.8541666666666657     6339.967244839499      41
0.8541666666666657     6641.814081143002      42
0.8541666666666657     6651.621104499416      42
0.8541666666666657     6674.194491443518      42
0.8541666666666657     6732.893677661871      42
0.8541666666666657     7209.072965890285      44
0.8541666666666657     7240.473775030113      44
0.8541666666666657     7270.487082213028      44
0.8541666666666657     7281.138127647147      44
0.8541666666666657     7281.251930793315      44
0.8541666666666657     7285.945453787997      44
0.8541666666666657     7304.619781733991      44
0.8541666666666657     7305.730099366488      44
0.8541666666666657     7339.325479736466      44
0.8541666666666657     7363.995507450313      44
