0.9244444444444446     9790.148923156863      33
0.9400000000000005     11753.680332975851      34
0.907777777777778     8703.747477638131      31
0.9211111111111114     9797.798705903228      31
0.9155555555555558     9296.602967242505      31
0.9377777777777784     11711.189793530075      35
0.9422222222222226     11952.583419758512      37
0.887777777777778     7750.982086384665      31
0.9200000000000004     10345.564212878426      34
0.9344444444444447     10730.167935386482      35
0.8911111111111113     7961.061893439568      31
0.8833333333333333     8020.882371559539      30
0.9244444444444445     11101.768349934542      36
0.9377777777777784     11336.424560930052      34
0.896666666666667     8270.461196353532      31
0.9300000000000004     9821.965122327878      33
0.9133333333333336     8870.816839344609      32
0.888888888888889     7941.725670194421      31
0.926666666666667     10579.968701413594      32
0.8955555555555557     9412.751055480636      32
0.9355555555555559     11006.745088985628      33
0.9166666666666667     9289.487419199015      32
0.9044444444444444     8783.388744637537      31
0.918888888888889     9543.0326873621      33
0.921111111111111     12221.5368412093      38
0.8988888888888891     8341.98455031391      31
0.8877777777777778     9915.850760633759      36
0.9411111111111112     12017.510977993737      36
0.9155555555555557     11754.140786536964      36
0.8955555555555558     10749.053768067168      38
0.908888888888889     8790.345470334116      32
0.9333333333333336     10504.524662804408      35
0.9244444444444448     11308.401885153788      35
0.9233333333333333     9686.422027351013      33
0.8844444444444445     8822.330398690407      34
0.9122222222222224     9706.931361287441      31
0.927777777777778     11827.75790980493      37
0.8922222222222224     8590.952859416755      30
0.9411111111111117     12517.478234753846      36
0.9400000000000003     11672.022216555255      37
0.9022222222222224     8678.181750901967      31
0.8822222222222224     8524.17450906478      32
0.9077777777777779     9031.150852026025      33
0.9322222222222224     10337.125693841064      34
0.8688888888888889     8156.277186643965      32
0.8788888888888892     7467.124388482343      29
0.8388888888888889     7728.620022782377      30
0.9422222222222227     13790.032808085381      38
0.8355555555555554     7319.063797601635      28
0.946666666666667     15720.274011418853      39
