0.9355555555555558     12925.588483517557      35
0.9355555555555558     11868.64352482623      36
0.9477777777777782     13600.936023102971      38
0.946666666666667     12926.102497432503      37
0.9344444444444447     12558.653597456328      39
0.9444444444444448     14733.710327296241      38
0.9200000000000003     12105.14843836519      37
0.9477777777777782     13489.584021240453      39
0.92     12465.771091614139      35
0.9422222222222225     14740.73656975723      37
0.9411111111111116     13350.84244693747      35
0.9422222222222227     13685.264789221877      36
0.9477777777777782     15109.635904204893      40
0.9355555555555559     13339.100389036177      39
0.9377777777777782     12044.03684110458      37
0.9433333333333337     12527.151719029602      37
0.9266666666666669     10507.49923701737      35
0.9333333333333336     12249.66849395654      38
0.936666666666667     13659.662107035654      40
0.9488888888888892     14661.07850049172      39
0.9111111111111115     12159.978047418897      35
0.9444444444444448     14615.113579203422      36
0.9411111111111115     14326.16035876895      40
0.9333333333333336     11035.839143378249      34
0.9122222222222226     11147.258812547672      37
0.9355555555555557     11309.438744595334      35
0.9100000000000004     11105.604633077437      35
0.9133333333333338     9624.226927398488      34
0.9233333333333335     12406.35190697723      39
0.9255555555555558     10568.609155526861      34
0.9500000000000004     15219.2313894296      39
0.9188888888888889     12901.319772014403      39
0.9155555555555561     12592.762330939031      37
0.916666666666667     10344.806475435598      35
0.9311111111111116     11795.660914567874      33
0.9355555555555559     11894.963398466398      37
0.9077777777777777     9710.88856950771      33
0.9388888888888891     12124.822580598395      36
0.9200000000000003     9942.585104833579      33
0.9388888888888892     12502.471228341818      38
0.937777777777778     13916.912261424364      40
0.9133333333333334     11649.614230911451      36
0.947777777777778     18338.6035692591      36
0.9344444444444446     13827.433788106324      41
0.9133333333333336     10074.501863728581      34
0.9211111111111115     10497.537276044177      35
0.9466666666666671     14345.01883676369      41
0.8955555555555559     11580.03633380606      33
0.9322222222222225     15834.723613498994      37
0.9322222222222223     14001.392436720616      39
