0.9355555555555559     10548.132632246281      34
0.9388888888888893     11290.619774728342      35
0.9344444444444446     11518.662513203988      36
0.9355555555555558     11663.885643211639      35
0.9344444444444449     11988.411791100973      36
0.9377777777777783     11120.559735262306      35
0.9366666666666672     11415.796842449501      34
0.9333333333333337     11155.336647232169      34
0.9388888888888893     11618.366170981428      36
0.9133333333333336     8953.66473382833      32
0.9388888888888892     11896.481405202647      34
0.936666666666667     12125.292831046323      38
0.9244444444444446     10715.896686201537      34
0.9244444444444447     11027.274479389138      36
0.9333333333333336     10609.48687134747      33
0.9500000000000003     14516.549924701187      39
0.9400000000000004     12308.932208765586      34
0.9066666666666668     10474.832318429124      36
0.9444444444444449     12242.339511170463      36
0.9122222222222226     8948.299791615384      31
0.9133333333333334     8781.265267713348      32
0.9377777777777778     13745.00136835961      38
0.9422222222222225     12559.795480484496      35
0.946666666666667     13082.167195672702      39
0.9155555555555557     11265.737058097506      36
0.9288888888888892     10048.41967959501      33
0.9311111111111114     11518.581373440378      37
0.9255555555555558     9562.086169953542      33
0.935555555555556     11352.423697243945      34
0.9333333333333337     10854.711159634959      33
0.9411111111111115     11383.354660584522      35
0.9311111111111114     10381.588501813985      33
0.9433333333333338     11745.13778348511      36
0.9311111111111114     11792.239415040895      37
0.9088888888888891     10541.117264044258      36
0.9288888888888892     10236.283125731376      32
0.9422222222222226     14102.793788241861      38
0.9488888888888892     13445.503483559678      39
0.8944444444444445     8321.504503581717      32
0.9233333333333337     8957.169700949387      32
0.9377777777777778     14517.274860525766      40
0.9200000000000004     12023.669218772076      35
0.9500000000000004     14962.979889497177      39
0.9055555555555554     8325.1859303884      31
0.9466666666666669     14739.640584089704      41
0.8833333333333335     10368.06686303904      37
0.947777777777778     15605.570718462057      38
0.9577777777777782     22160.902386037746      43
0.954444444444445     19191.075881422086      44
0.9088888888888891     8942.310384668996      31
