0.6622222222222218     27444.729319676666      78
0.5366666666666664     19455.752017118266      67
0.5866666666666664     22360.091262300113      71
0.571111111111111     22284.51482740575      71
0.6611111111111108     23636.18222964294      72
0.568888888888889     21523.727860869618      69
0.6344444444444445     25799.03553112765      76
0.5999999999999998     22557.311218356634      71
0.6488888888888887     26815.197214867374      76
0.5033333333333332     22652.732387414013      72
0.4988888888888888     18862.54538693261      66
0.6011111111111106     26114.197213389463      76
0.5555555555555557     22711.454521201562      70
0.5666666666666665     24103.861493683205      72
0.5966666666666665     24656.038755113117      75
0.6388888888888886     26323.753039906183      76
0.5899999999999999     27386.778970146243      78
0.673333333333333     29199.799541027645      80
