0.6711111111111108     26300.159722061868      76
0.6366666666666666     22930.18297567589      72
0.652222222222222     23946.37725682125      72
0.6488888888888887     24933.79570894391      73
0.6544444444444445     25565.475575452157      75
0.6488888888888886     24528.659324630087      73
0.6144444444444441     20891.309804759705      68
0.6055555555555552     22927.03705080689      71
0.572222222222222     22160.206850526072      71
0.5     20640.86104629348      69
0.6388888888888887     23835.412084025225      72
0.623333333333333     23932.63838533842      72
0.5755555555555556     22991.904474764095      72
0.6155555555555555     26258.73448341552      76
0.6799999999999997     26690.70178337934      76
0.6144444444444442     26091.557411304348      75
0.6066666666666668     24941.94826375469      74
0.6099999999999999     26413.65398151945      77
0.5466666666666665     21604.603002175514      69
0.6033333333333334     24253.399683890337      73
