0.7499999999999994     533.8304342746366      12
0.7999999999999993     897.3237261235555      15
0.7124999999999997     444.0933787347839      11
0.766666666666666     642.5008482477494      13
0.7166666666666661     454.7102865151102      11
0.7041666666666663     448.7544611224868      11
0.7374999999999995     530.4709995459785      12
0.7958333333333326     897.9959204218179      15
0.7999999999999993     1004.8282170248557      16
0.7583333333333327     539.0130316289717      12
0.7916666666666659     886.2279571308874      15
0.7583333333333327     618.5355716487483      13
0.7416666666666661     540.8099866645396      12
0.7791666666666659     759.1740662431287      14
0.7749999999999994     658.8783906897485      13
0.7749999999999994     750.2133403471418      14
0.7708333333333327     642.6115015323234      13
0.7958333333333325     999.3224389257967      16
0.766666666666666     646.5703184100956      13
0.7624999999999994     639.1775817117259      13
0.7874999999999993     779.3819601415308      14
0.7999999999999993     1012.6151849202926      16
0.7874999999999992     769.8434750091279      14
0.7958333333333325     1114.1722766375428      17
0.766666666666666     739.4348420281414      14
0.7791666666666659     767.8255840794436      14
0.7708333333333327     856.939210762375      15
