0.7874999999999993     943.3367796136731      16
0.8041666666666659     1221.9630065525773      18
0.8041666666666659     1362.565449076754      19
0.7833333333333327     734.641214778371      14
0.7999999999999993     1118.2861821399897      17
0.791666666666666     1071.8522992395378      17
0.7916666666666659     1056.5129207455652      17
0.7958333333333326     1100.0955702820336      17
0.7958333333333326     1235.6787439171528      18
0.7624999999999994     643.055843200232      13
0.7833333333333327     849.8626577404304      15
0.7541666666666661     611.283038026717      13
0.7999999999999993     1343.832839296075      19
0.7999999999999993     2136.276479251201      23
0.7833333333333327     964.5328502013671      16
0.7833333333333325     960.3635922266823      16
0.791666666666666     1085.299809860419      17
0.7958333333333326     1365.5746066229012      19
0.7958333333333325     1322.8630040898584      19
0.7958333333333326     1375.8650267903731      19
0.7958333333333326     1668.1946487809917      21
0.791666666666666     1129.4760651770841      17
0.7874999999999993     965.6600856806535      16
0.7916666666666659     1085.0288185640502      17
0.7749999999999994     837.2261007835012      15
0.7624999999999994     703.9157027276143      14
0.7624999999999994     731.9000348611443      14
0.7416666666666661     612.0295261526728      13
0.7749999999999994     942.2612769030397      16
0.7583333333333326     720.7801854972312      14
0.7374999999999995     515.0978428347028      12
0.7541666666666661     616.7872011859189      13
0.7749999999999992     733.1757366785339      14
0.7708333333333327     816.9352350370272      15
0.7708333333333327     831.0373348307057      15
0.791666666666666     1130.0581042471413      17
