0.7958333333333326     1090.9327737640858      17
0.7999999999999993     1234.5862075407595      18
0.8083333333333326     1538.942029353951      20
0.7041666666666663     631.0768214519536      13
0.7499999999999994     814.2569196036383      15
0.8041666666666659     1251.3196091109405      18
0.791666666666666     973.3217640441172      16
0.7249999999999995     717.7203242755999      14
0.7458333333333328     720.9532340708632      14
0.7708333333333327     836.5178568886888      15
0.7624999999999994     841.8499628349201      15
0.7833333333333327     842.4769053331435      15
0.7541666666666661     837.9948086004237      15
0.7749999999999994     867.7130135196333      15
0.7124999999999996     729.5227856849081      14
0.791666666666666     1079.666689630459      17
0.7541666666666661     854.5466144814822      15
0.8041666666666659     1367.6225305743171      19
0.7499999999999994     815.3313841284215      15
0.7708333333333327     946.2233943142858      16
0.7499999999999993     931.448582904548      16
0.791666666666666     1088.9935463259408      17
0.7874999999999993     965.7330453270893      16
0.7999999999999993     1240.011972803687      18
0.779166666666666     946.7318296975686      16
0.7749999999999992     955.3618450669434      16
0.7833333333333327     962.1452689636071      16
0.7583333333333327     940.9439951819596      16
0.7708333333333327     947.1289432105823      16
0.7958333333333326     1115.3130987210475      17
0.7083333333333329     733.2646355000676      14
0.8041666666666659     1392.2019580721997      19
0.7833333333333327     1073.382959274295      17
