0.7999999999999993     959.5675424452886      16
0.7791666666666659     648.7881549260509      13
0.7749999999999994     748.1893995716649      14
0.779166666666666     750.3113396917021      14
0.7291666666666662     541.3016637529067      12
0.791666666666666     763.494285783159      14
0.7333333333333328     545.594956448784      12
0.766666666666666     630.0136296896239      13
0.7833333333333327     765.7324792800033      14
0.7416666666666661     636.084055481848      13
0.7708333333333327     660.432464551626      13
0.8083333333333326     1123.1470882703752      17
0.754166666666666     645.2682146460777      13
0.7624999999999994     666.4073312769635      13
0.8083333333333326     1263.3788980463553      18
0.7791666666666659     752.6672115249019      14
0.7999999999999993     961.6025299575873      16
0.7958333333333326     859.2726680790165      15
0.754166666666666     654.2421739954927      13
0.7958333333333326     859.909115890306      15
0.8083333333333326     1510.329342785355      20
0.7916666666666659     765.9319435433454      14
0.7833333333333325     849.8096784210259      15
0.7958333333333326     861.8073474543581      15
0.7958333333333325     862.0975788365387      15
0.8041666666666659     996.3041810269648      16
0.8041666666666659     1220.2283502999196      18
0.7791666666666659     831.7860794033871      15
0.7916666666666659     971.2373712425084      16
0.7749999999999992     732.0813901498221      14
0.7708333333333327     751.1532226970086      14
