0.7555555555555551     4968.581030437867      24
0.8066666666666664     8119.989726438372      33
0.7955555555555553     6390.277324773205      28
0.7155555555555552     4298.001512425249      24
0.7611111111111106     5225.41088505512      24
0.7744444444444439     5755.240568233997      27
0.7522222222222217     4930.710382606511      24
0.7877777777777777     5840.277286358394      26
0.8055555555555556     7424.297152573302      31
0.7955555555555553     6751.811628187181      29
0.7722222222222218     5807.330186947741      27
0.7466666666666661     5105.608846942656      25
0.7699999999999997     5215.786295673719      25
0.7422222222222217     5015.667505324762      25
0.7066666666666662     4145.719627948119      22
0.7833333333333331     5935.243868975902      27
0.782222222222222     5905.569089318704      27
0.7699999999999997     5504.014365189066      26
0.7422222222222217     5018.821269214929      25
0.7755555555555554     5880.8090732054      27
0.8044444444444443     6817.661703016075      29
0.7388888888888884     4843.574120674869      24
0.7388888888888883     4603.336597840708      23
0.792222222222222     6262.628459384335      28
0.7522222222222217     5166.031954421688      25
0.7522222222222217     5198.608043051862      25
0.7888888888888889     5989.34051290688      27
0.7699999999999998     5526.303461742471      26
0.7233333333333328     4499.637541026376      23
