0.766666666666666     832.8027167891659      15
0.779166666666666     1045.3676385766146      17
0.7749999999999994     480.57382838351015      18
0.7499999999999994     616.0186859335927      13
0.7666666666666662     911.923894216645      16
0.7708333333333327     938.6719287100377      16
0.7874999999999993     1048.194497483632      17
0.7166666666666662     643.8812908432315      13
0.7541666666666661     727.0651817603232      14
0.7499999999999994     243.67842764452755      16
0.7583333333333327     833.8102939730122      15
0.7124999999999996     604.7407591154231      13
0.6791666666666664     586.9297953830417      13
0.7708333333333327     356.99423270780045      17
0.7458333333333328     217.8252993510302      16
0.7291666666666662     119.3692498524266      15
0.6791666666666664     -10.516982052382275      14
0.7958333333333327     1761.3128108124752      22
0.6     506.560765630415      12
0.7874999999999993     628.1922434333349      19
0.7958333333333326     774.9046498094507      20
0.779166666666666     488.15274732215875      18
0.7749999999999994     950.8485001020198      16
0.766666666666666     336.05591828969165      17
0.6874999999999998     596.3302193876918      13
0.7708333333333328     1030.5099870415922      17
0.7874999999999993     1180.4890649960523      18
0.6124999999999999     581.0705890682999      13
0.7749999999999995     862.0960372549083      20
0.7833333333333328     962.074219094151      21
0.7708333333333327     767.4874992877661      20
0.7958333333333327     2352.794635205606      25
0.6749999999999996     627.1652137987047      13
0.7083333333333329     16.492811232667503      14
0.7708333333333328     1163.4284604608933      18
0.7041666666666663     366.1194678617223      17
0.7624999999999994     1314.6334208885576      19
0.779166666666666     1350.6764685758503      19
0.7499999999999994     815.9684805981462      15
0.7499999999999994     489.7445646144706      18
0.4666666666666671     661.2753589939424      14
0.7499999999999994     1097.6464983071996      17
0.6791666666666664     693.7465551532692      14
0.720833333333333     599.6390566288819      19
0.6083333333333333     474.6893075944658      18
0.733333333333333     610.3413602489885      19
0.766666666666666     1416.6694105478305      19
