0.791666666666666     1214.433182108008      18
0.7749999999999994     1085.1516340010355      17
0.7541666666666661     352.7986440199404      17
0.7999999999999993     932.839015317185      21
0.7416666666666663     339.63215420524836      17
0.7958333333333326     1499.817772733345      20
0.7249999999999996     247.50599762438816      16
0.7958333333333326     932.8007574938073      21
0.7833333333333328     1177.2413531382524      18
0.791666666666666     785.3207968889293      20
0.791666666666666     1523.1974216218407      20
0.7958333333333326     1142.6999186366688      22
0.7291666666666662     366.4618109501854      17
0.7041666666666663     127.13546530822177      15
0.7208333333333329     234.67279054261712      16
0.791666666666666     1096.438007015599      22
0.7041666666666663     595.0741214044143      13
0.791666666666666     1636.5121316925008      21
0.779166666666666     646.8619271217201      19
0.7624999999999994     466.6606742658433      18
0.7166666666666663     475.9111810446947      18
0.7749999999999994     514.6698997930821      18
0.7708333333333328     743.3701833389093      14
0.7958333333333326     1300.2697700241195      23
0.791666666666666     1133.493587553691      22
0.6749999999999997     369.45416167318194      17
0.7541666666666662     638.12574646462      19
0.7166666666666662     824.6156759585115      15
0.49583333333333385     684.8323901390843      14
0.6791666666666665     442.04233988956025      18
0.7874999999999993     655.893414125988      19
0.708333333333333     626.3319892250988      19
0.6916666666666663     610.412276283212      19
0.7958333333333326     2157.494996925362      24
0.7708333333333328     1722.6186786179348      21
0.7541666666666661     832.9270100751148      20
0.7374999999999995     1094.9676344478053      17
0.7624999999999995     1491.9382433773087      20
0.7374999999999996     992.2752146606607      21
