0.7374999999999995     242.58029259040876      16
0.6958333333333331     612.0327983371926      13
0.720833333333333     233.8803029645039      16
0.7874999999999993     775.8053913380853      20
0.7416666666666661     714.9971736180296      14
0.7749999999999994     417.931310266463      17
0.7833333333333327     695.9988056570953      19
0.7874999999999993     1185.6698053937203      18
0.7833333333333327     1104.3043351785984      17
0.791666666666666     1308.1703539974244      19
0.7999999999999993     1476.4239861258093      20
0.7624999999999994     379.29576047067894      17
0.7416666666666661     254.95995570803504      16
0.6916666666666663     607.5060778099441      13
0.7541666666666661     923.1905804568636      16
0.779166666666666     542.1736670678251      18
0.7499999999999994     851.5239281606531      15
0.7958333333333326     1063.933282496136      22
0.791666666666666     972.6897844066993      21
0.6249999999999999     690.0496729104015      14
0.683333333333333     120.64227279919668      15
0.7708333333333327     1063.2877388512964      17
0.5583333333333335     498.429422079355      12
0.683333333333333     237.34218926379444      16
0.7708333333333327     798.3086495518211      20
0.7541666666666661     946.8564877248956      16
0.766666666666666     1247.980960902934      18
0.7416666666666661     732.4818505970272      14
0.7541666666666661     512.578949881358      18
0.733333333333333     393.14511621356985      17
0.7874999999999993     1030.0372263375561      21
0.6916666666666663     695.4865056110533      14
0.791666666666666     1256.3533860873747      23
0.6083333333333332     514.3067723291327      12
0.6791666666666664     129.4101487853709      15
0.7249999999999995     520.6630123986553      18
0.7833333333333327     1266.3229871999245      18
0.791666666666666     1645.551413967435      25
0.7583333333333327     1066.0033105318319      17
0.6791666666666664     505.4192472701379      18
0.7458333333333329     823.1766822392585      15
0.7958333333333326     2084.8886957375616      23
0.3666666666666668     662.3698422556848      14
0.7166666666666662     733.2977579728312      14
0.7874999999999994     1711.2123910841533      25
0.5750000000000001     696.3134497890169      14
0.766666666666666     614.8568503509182      19
0.7833333333333327     844.2830979124586      20
0.6708333333333332     252.6090570581811      16
0.7874999999999993     1194.311694070485      22
