0.779166666666666     793.8082711555107      20
0.7749999999999994     1032.2143940608935      17
0.7874999999999994     1048.7866335205267      17
0.7958333333333326     1325.252150662079      19
0.7833333333333328     1309.4761098196204      19
0.7874999999999994     680.2292885144332      19
0.7708333333333328     1032.0740592992602      17
0.7999999999999993     1335.8291484497768      19
0.8041666666666659     1332.1677470849454      19
0.7749999999999995     1054.6502808047399      17
0.7833333333333327     945.7378240324216      21
0.7833333333333327     1107.0024376471774      17
0.7999999999999993     1200.8061915011056      18
0.7749999999999994     907.9622003132621      16
0.7583333333333327     669.7678658742219      19
0.7833333333333327     1241.8296692132308      23
0.7458333333333328     672.4405097452997      19
0.7958333333333326     1126.8162380203944      22
0.7999999999999994     1771.9847889271475      22
0.791666666666666     1195.525167209562      18
0.7791666666666661     805.8105967693004      20
0.7874999999999994     1031.670132164899      21
0.7499999999999994     391.2840169068433      17
0.7791666666666661     1467.9768259353941      20
0.7916666666666661     1374.9132448332846      19
0.7583333333333327     484.2368957471501      18
0.7374999999999995     636.1236747460601      19
0.7708333333333327     603.0232507718273      19
0.7958333333333327     1647.7817442551002      21
0.766666666666666     678.717297324895      19
0.7833333333333328     1532.796747473608      20
0.7916666666666661     1061.4557528172631      17
0.7416666666666661     381.8043705087403      17
0.7999999999999993     940.2200513498342      21
0.7291666666666662     406.72109219764997      17
0.7874999999999993     1225.2993029712256      18
0.779166666666666     1471.6196392830288      20
0.779166666666666     663.5736926568748      19
0.8041666666666659     1298.2524213770623      23
0.791666666666666     1693.9227668425003      21
0.766666666666666     1073.460339837196      17
0.7916666666666661     1718.792573895542      22
0.7749999999999995     495.6785289920615      18
0.7958333333333326     781.1148111250001      20
0.7874999999999993     953.1292742217411      16
0.720833333333333     906.4671397294077      16
0.8041666666666659     1779.8851351890746      22
0.766666666666666     792.6199222235978      15
0.8083333333333326     1973.2921673710746      23
0.6     668.9091168796175      19
