0.7766666666666667     9931.72517042763      38
0.7555555555555555     8510.54538479255      33
0.7400000000000001     6848.621561780385      29
0.731111111111111     6920.846121399802      30
0.7533333333333332     8171.305754195311      33
0.7844444444444444     8560.655446041372      33
0.7500000000000002     7730.833070914503      31
0.7311111111111113     7042.434417107735      30
0.7955555555555557     9348.155435601364      35
0.7899999999999997     8912.434630015889      34
0.7477777777777778     6900.865243417802      29
0.7044444444444443     7001.538062521424      31
0.7633333333333334     8096.053019712299      32
0.712222222222222     6249.856802887645      28
0.6988888888888889     6131.602664012629      28
0.7677777777777778     7574.285686181917      30
0.7788888888888887     8461.678414121678      33
0.7622222222222221     7293.848661577193      30
0.7944444444444446     9115.056057478741      34
0.6977777777777779     6114.996577581528      28
0.6788888888888887     7040.275165708008      32
0.798888888888889     9399.69005382097      35
0.6688888888888888     6261.498946660617      29
0.6688888888888891     6085.70089147332      29
0.7555555555555556     8859.04516823594      35
0.6377777777777774     5746.854553599601      28
0.7222222222222222     6842.4620595014285      29
0.7511111111111112     6999.580674107556      29
0.7822222222222223     8522.184748389185      33
0.686666666666667     7052.460210073488      32
0.8155555555555557     10636.359489352475      38
0.6833333333333332     6404.691846230812      29
0.7655555555555555     9269.921039029923      36
0.7133333333333333     7322.562373601626      31
0.7733333333333332     7828.969643737657      31
0.7899999999999999     10628.365906987337      38
0.7855555555555557     8814.832201950358      34
0.7733333333333333     8654.732952036857      34
0.7766666666666667     8185.36075102638      32
0.7800000000000002     9716.932604467045      37
0.7066666666666668     6362.820801092128      28
0.7433333333333336     9186.428047713613      36
0.6466666666666665     5808.057625153894      28
0.7699999999999999     7428.096785687276      30
0.632222222222222     6520.835835997666      32
0.7388888888888892     7691.314867161968      32
0.7277777777777777     7945.95376256956      33
0.8033333333333336     9635.28493041222      35
0.6544444444444443     6407.006873770748      30
0.7888888888888889     9946.892805728223      37
