0.7377777777777778     7053.059034354103      30
0.7377777777777779     6831.861596305358      29
0.7922222222222224     8884.392577488485      33
0.7088888888888886     6572.171980895431      29
0.7833333333333334     9202.975237157094      35
0.71     6380.146807465734      28
0.7877777777777777     8811.202658216207      34
0.7422222222222221     6994.137904141068      29
0.7722222222222223     7715.270285415768      30
0.7811111111111111     8827.887116333599      34
0.7277777777777779     6587.829210883667      28
0.7999999999999999     9179.637939583503      34
0.7622222222222225     7707.315124203533      31
0.7344444444444445     6800.202371796406      29
0.748888888888889     7021.138098227869      29
0.7411111111111113     6925.700060771565      29
0.777777777777778     8114.043369498588      32
0.7544444444444444     7360.753829977661      30
0.7277777777777777     6516.14855973793      28
0.778888888888889     8770.385922834043      34
0.7877777777777778     9229.177829991117      35
0.7911111111111111     8598.052158925648      33
0.7611111111111113     7204.091152986771      29
0.7499999999999998     7072.700881798625      29
0.7122222222222222     6583.796400008652      29
0.7222222222222221     6749.387597646444      29
0.7611111111111112     7940.878918998386      32
0.7633333333333334     8157.327609417382      33
0.7322222222222222     6632.343555636055      28
0.7199999999999998     6410.050664257402      28
0.7688888888888887     7496.517270243091      30
0.7844444444444446     8424.013489038485      32
0.7955555555555557     9013.242863459005      34
0.7444444444444441     6994.627308646982      29
0.7222222222222221     6472.0893471167465      28
0.7088888888888886     6262.369911215356      28
0.7388888888888888     8277.549496168855      33
0.7722222222222223     8299.618168115301      32
0.7800000000000001     8259.165068422326      32
0.7366666666666662     6854.776455058774      28
0.792222222222222     10338.293179337717      38
0.7444444444444442     7373.0421998428355      30
0.7888888888888891     8556.605929346391      33
0.7722222222222224     8886.720958342024      34
0.7544444444444443     9078.887212967755      35
0.7688888888888891     7583.598096751372      30
0.7777777777777777     7871.087412566151      31
0.701111111111111     6447.943670769423      29
0.757777777777778     7779.346133965201      31
0.8133333333333334     10701.580534893386      38
