0.7877777777777778     9673.796506286591      36
0.7888888888888889     8897.210597744957      34
0.7588888888888886     8067.10109148764      32
0.7599999999999999     7511.365303928828      31
0.806666666666667     11299.296691011365      39
0.8222222222222225     11258.160848208758      39
0.7500000000000001     7528.285446268625      31
0.788888888888889     9852.969115877933      36
0.8100000000000002     9944.828869209372      36
0.758888888888889     8058.147457772614      32
0.7544444444444444     7019.64374335059      29
0.7944444444444443     9619.704358392006      34
0.731111111111111     6683.456715907263      29
0.7977777777777778     9439.050050223846      35
0.7455555555555554     7205.557063439766      30
0.768888888888889     9698.451785951378      36
0.7866666666666666     9054.228957905241      34
0.7355555555555553     6741.08845531278      29
0.7455555555555555     7357.770835098154      31
0.7399999999999999     6824.906787996133      29
0.7888888888888888     11029.742657617999      39
0.6866666666666666     6109.4957694326995      28
0.7744444444444444     7696.624412683871      31
0.7244444444444443     6422.739558550773      28
0.7433333333333333     7790.847278185545      32
0.7155555555555554     6272.784974508101      28
0.7855555555555556     8890.182634328152      34
0.7455555555555555     6942.400177169791      29
0.7666666666666665     9477.750518008768      36
0.7688888888888887     7649.164610862411      31
0.788888888888889     9266.032920391555      35
0.7499999999999998     6997.240520419336      30
0.8200000000000002     11658.818725032232      39
0.6855555555555555     5986.607594550701      28
0.7888888888888886     9231.767086326689      35
0.8122222222222225     10399.49391389303      37
0.76     8128.77784185865      32
0.7911111111111112     9520.168607903312      36
0.7844444444444442     8332.084672393104      32
0.7233333333333333     7039.287924670133      30
0.6833333333333331     6059.131197493894      28
0.7111111111111111     6260.491816346247      28
0.8133333333333336     11032.18908295456      39
0.8011111111111111     11184.905411043192      38
0.7277777777777775     6650.7480359333385      29
0.7899999999999998     9958.132451200718      37
0.7799999999999998     8208.40070435997      32
0.7588888888888888     8081.405640468784      33
0.7966666666666666     10388.09841912112      38
0.7677777777777774     8826.977481616519      34
