0.7955555555555556     23912.1036505714      58
0.7477777777777777     25283.29734360314      56
0.7555555555555554     25345.939609863475      56
0.8     24164.996607151097      58
0.8044444444444444     25119.56978346969      59
0.7877777777777777     26205.372528657143      57
0.8022222222222223     24988.15091884208      59
0.8     24249.795961064807      58
0.8022222222222222     24772.563114849272      58
0.8066666666666668     25150.18184780774      58
0.8077777777777779     26218.108534691266      60
0.8066666666666668     25870.50404459034      59
0.8122222222222223     26269.21768818623      59
0.8033333333333333     27992.894027935603      58
0.781111111111111     26948.074504813387      57
0.7877777777777778     26908.832980609935      58
0.8122222222222223     27618.71216627954      61
0.7688888888888887     26731.229342971765      57
0.8066666666666668     28916.49907510922      59
