0.7988888888888886     21559.95089937303      56
0.8088888888888888     23285.540728520642      58
0.791111111111111     20000.458656929382      54
0.7788888888888885     19957.89383420191      54
0.7677777777777777     22015.899821420036      53
0.7866666666666666     20238.55261521612      54
0.791111111111111     20259.78237598888      54
0.7999999999999998     21852.706691277544      56
0.8033333333333332     22261.596471349538      56
0.8077777777777776     22721.091955351018      57
0.792222222222222     21085.737377079553      55
0.8077777777777776     24298.288065114317      58
0.7933333333333331     21630.653401754593      56
