0.8833333333333333     10386.798343051054      36
0.8766666666666666     9917.833253900506      37
0.891111111111111     10038.411080036283      37
0.8488888888888889     7735.214611783255      32
0.908888888888889     11408.398284482711      40
0.87     9085.579703573738      35
0.9044444444444444     9977.748463278627      38
0.9122222222222226     11693.94744576336      40
0.8811111111111113     9993.3103238783      37
0.667777777777777     5785.192675313713      28
0.9055555555555554     11133.191495848021      39
0.8655555555555555     8776.633137938568      34
0.8755555555555559     9896.393897748207      35
0.7588888888888887     7024.99299416365      32
0.9155555555555556     14121.412084818545      44
0.7455555555555554     7061.150539541614      32
0.8877777777777779     10394.119216228839      37
0.9066666666666668     11495.230203950321      39
0.6266666666666663     5698.999055968231      30
0.8922222222222224     11231.110771377062      38
0.8955555555555557     10758.07349761646      39
0.8744444444444445     9370.941732390862      35
0.8788888888888886     10263.9838805709      36
0.8577777777777775     8624.681625595575      35
0.8633333333333331     9248.327752520143      34
0.8788888888888887     10268.70069457148      36
0.821111111111111     7386.687761446999      32
0.9144444444444448     12160.966973576278      41
0.8733333333333334     10703.674374860711      39
0.8144444444444442     7085.250347770803      31
0.7811111111111114     7083.991273347348      29
0.7411111111111105     6158.329258559706      29
0.8700000000000001     10293.97118720606      36
0.7744444444444445     7664.253560264093      32
0.8533333333333333     8128.172242555625      33
0.8955555555555557     11198.421853196818      40
0.8733333333333331     11947.027925671719      37
0.8111111111111108     8312.747199079733      33
0.9011111111111112     11777.011087323974      39
0.8155555555555555     9527.207943240126      35
0.8677777777777775     9348.098264444388      36
0.8866666666666666     10882.744973367799      39
0.7377777777777779     7874.701025993592      34
0.5944444444444439     5280.99200171179      29
0.8777777777777779     11077.633379365127      40
0.8655555555555556     10196.025249492857      38
0.9022222222222225     13371.476518520694      44
0.8811111111111112     11689.730950824145      40
0.812222222222222     9141.91772414112      36
0.802222222222222     12626.209749125994      43
