0.8488888888888884     8441.733530258789      34
0.8644444444444443     9099.42153742615      35
0.8822222222222225     11118.683711164012      39
0.8411111111111111     8863.359621629852      35
0.7866666666666667     7280.826050033834      32
0.7722222222222221     7187.403817063035      32
0.901111111111111     10623.54530305353      38
0.861111111111111     9060.887449890311      36
0.8588888888888887     8943.3747203983      36
0.8377777777777778     8883.834974005515      35
0.8322222222222224     9674.645872668678      34
0.9055555555555556     11158.41828790186      39
0.7911111111111111     7376.981655762433      32
0.8444444444444444     10848.2815509995      39
0.8044444444444443     9555.703174779122      37
0.8688888888888888     9858.896030855492      37
0.7977777777777777     7630.910546149496      32
0.8755555555555554     10031.748032054      37
0.8900000000000001     11032.094363826769      40
0.8755555555555556     11599.618174737816      39
0.8855555555555553     10521.638668323576      38
0.8044444444444441     8139.251641295282      34
0.9033333333333333     11139.426040065036      39
0.8022222222222222     7778.635606415932      33
0.9100000000000001     12010.466457665778      39
0.8755555555555556     9993.639289688572      38
0.7688888888888888     7457.079327086474      32
0.8666666666666664     9124.900754275954      35
0.9022222222222224     9712.885274148332      36
0.7844444444444441     7212.197119053269      32
0.8777777777777778     10574.877016591796      37
0.9044444444444443     11478.800426352262      40
0.8511111111111108     10725.704033604054      38
0.8555555555555555     11113.85791148138      40
0.8488888888888887     8582.93346376219      34
0.8444444444444443     8401.992034099201      35
0.8744444444444442     9551.345497933296      36
0.8144444444444444     8483.957812915049      35
0.7811111111111113     10743.600155958831      39
0.7744444444444443     9200.851172005427      37
0.831111111111111     8795.38480527651      34
0.7199999999999999     7065.35179290103      32
0.8733333333333336     12037.770733353644      43
0.7211111111111109     6736.815738440373      31
0.7688888888888886     7485.948914458377      33
0.8866666666666666     13016.225751584896      43
0.8966666666666668     11342.585649679235      41
0.9155555555555556     13836.781607469884      44
0.9144444444444445     12736.781866614301      42
0.918888888888889     14374.103448433396      44
