0.8722222222222222     9803.046177545268      36
0.8722222222222221     9230.780716774832      36
0.8844444444444445     9692.404006323126      34
0.8855555555555558     9533.607022398544      35
0.9233333333333333     13623.635205748855      43
0.858888888888889     8856.164897413093      34
0.8377777777777777     7649.378491513839      31
0.8366666666666667     7592.688458764288      32
0.8788888888888889     9456.334955553883      35
0.8877777777777777     9731.844274520656      36
0.8588888888888888     8079.104947604491      32
0.897777777777778     9872.393797891476      35
0.8755555555555555     10130.654763164903      37
0.8688888888888892     9208.147624934141      34
0.8844444444444443     9841.09666165052      36
0.8122222222222221     7484.430257447533      31
0.8511111111111109     7632.4882267162      32
0.9355555555555558     15123.182912150933      45
0.8544444444444442     8651.406397347262      34
0.8822222222222224     9534.27019324235      34
0.8533333333333336     8707.078401216138      33
0.8611111111111107     8350.446836710711      33
0.8722222222222223     9353.872404425372      35
0.8944444444444445     9575.92471799695      35
0.8566666666666668     7813.761296304617      31
0.8722222222222219     8918.814000681115      33
0.8700000000000001     8555.923809214115      32
0.8311111111111105     6846.261592236272      30
0.9166666666666667     14384.019576524366      44
0.9055555555555557     11522.35595108941      39
0.9055555555555557     10531.067968244013      37
0.9211111111111113     13528.010290952381      43
0.9211111111111113     13103.214664678657      42
0.9222222222222225     14095.642688653932      44
0.8933333333333332     10588.949712013771      38
0.9166666666666669     11485.203050956246      38
0.9344444444444445     15102.271358954278      45
0.8411111111111107     14315.021634734929      44
0.9011111111111112     10281.363438002496      36
0.9344444444444445     16043.542683349482      47
0.85     13007.828040913473      43
0.918888888888889     11769.574020823578      39
0.8222222222222221     7856.400643879548      31
0.9277777777777778     15250.236942049127      46
0.8111111111111109     7175.92322611643      31
0.9333333333333333     13708.841072399211      42
0.9100000000000004     10856.713063460891      37
0.784444444444444     7361.256719101816      31
0.9188888888888893     12389.89145508311      40
0.7555555555555548     6662.744247760344      31
