0.8588888888888887     9121.955204000937      35
0.8611111111111113     9627.99122546521      36
0.8599999999999999     9262.697275244918      35
0.8844444444444446     10155.294586778376      37
0.8622222222222221     10601.905711977279      38
0.8577777777777775     9050.29232743038      35
0.8688888888888886     9434.696973320608      36
0.8711111111111108     9606.72845203643      36
0.8844444444444443     9793.874094803632      36
0.8788888888888887     9748.605137633422      37
0.8677777777777775     10896.186761038633      38
0.8833333333333332     10807.859338778924      38
0.8033333333333329     8372.23396394872      34
0.8511111111111107     10091.143563466492      38
0.8244444444444445     8472.643807172068      32
0.7888888888888885     7725.561964956205      33
0.8055555555555557     8552.911741607459      34
0.8299999999999996     8390.389279449422      34
0.8022222222222223     7793.893400758179      33
0.8644444444444443     10592.725733896612      39
0.8611111111111113     9569.310807500977      34
0.7866666666666665     6836.132029814602      30
0.8633333333333335     9190.714411708497      35
0.9111111111111111     11322.083480512481      38
0.8588888888888886     9306.241178308701      36
0.7166666666666663     6649.1748752791045      31
0.8777777777777777     9496.895244241254      36
0.9111111111111112     10723.15010574531      38
0.8477777777777777     8120.188190496962      33
0.8022222222222221     7806.156060421511      32
0.7311111111111107     6679.896528176959      31
0.828888888888889     8013.890335754371      33
0.8944444444444444     10268.437057927302      37
0.8844444444444447     10011.979504578354      37
0.8933333333333332     10592.529208526448      39
0.8566666666666667     8610.394847820571      34
0.7944444444444446     7554.837630753956      32
0.8955555555555555     11006.91183326163      38
0.8166666666666665     8969.972421626935      35
0.7855555555555552     6625.307357669028      31
0.8200000000000001     7375.944154884926      31
0.7644444444444443     6775.467230719946      30
0.75     6843.492717563535      31
0.9200000000000002     11647.020697995194      40
0.5766666666666663     4953.420574295566      27
0.908888888888889     12268.225336322848      41
0.9166666666666666     13013.867011074637      42
0.5855555555555549     5721.8054775877845      28
0.703333333333333     5854.106804248109      29
0.6577777777777774     5299.4533320810715      28
