0.8300000000000002     10207.537665240417      36
0.8366666666666668     10253.883802282566      36
0.7988888888888886     8904.08992292113      34
0.7988888888888883     8636.13699350263      33
0.7777777777777776     7630.107410123191      31
0.7644444444444438     7642.516957603131      31
0.725555555555555     6078.230208668764      28
0.7699999999999996     8482.494724860135      35
0.7988888888888888     9164.103334223162      35
0.765555555555555     8337.469978302193      34
0.7233333333333326     5615.119341740377      28
0.8200000000000001     9349.402804339144      35
0.8377777777777778     10996.455782171412      37
0.8188888888888888     8735.517722616702      33
0.8344444444444445     10226.08168055325      36
0.8377777777777778     11632.57333932156      39
0.8300000000000001     9733.469144547671      35
0.795555555555555     9039.443037304529      35
0.8177777777777776     10114.542782348695      37
0.795555555555555     8011.673708001444      32
0.7777777777777777     7814.113057558252      32
0.8022222222222223     9685.949205672408      35
0.7688888888888885     8607.266276028135      34
0.8344444444444445     11432.536315559337      39
0.7055555555555553     6064.545465650066      28
0.808888888888889     9772.39105039613      37
0.8177777777777778     11337.145589705033      39
0.7955555555555553     8226.966414724344      32
0.7144444444444438     7501.759398850585      31
0.7611111111111106     7548.676841994062      31
0.7288888888888881     7540.5945908284175      33
0.6877777777777774     5664.079777622798      28
0.8266666666666667     10255.768385456719      37
0.7199999999999995     7244.141573282373      32
0.7544444444444437     7021.69138732734      30
0.6911111111111107     5336.6539988      26
0.8144444444444443     10098.426033481874      36
0.7722222222222217     6966.504506315699      31
0.7033333333333328     7181.5803633391315      30
0.7877777777777776     8747.684562448552      34
0.8311111111111112     12017.04906728816      40
0.8188888888888889     10706.131186689792      38
0.8211111111111113     13438.83640423147      43
0.7366666666666659     6222.58814927415      29
0.7499999999999996     6488.03476155525      28
0.8444444444444448     13446.84374709188      43
0.6877777777777774     5088.341162760819      26
0.6577777777777771     5016.341925084969      26
0.8255555555555557     12471.773896769217      40
0.635555555555555     4796.870042626156      26
