0.7677777777777773     7783.571804465617      33
0.7644444444444443     8154.336934998872      33
0.8088888888888887     9987.882221042937      38
0.7866666666666663     8608.286325820438      34
0.8133333333333331     10035.300981648285      38
0.8311111111111112     11924.674793780223      41
0.8222222222222222     10250.213699793876      38
0.7488888888888884     6691.261630757721      30
0.7855555555555556     8205.0194921838      33
0.764444444444444     6733.138103695103      30
0.7199999999999992     6971.992756561033      31
0.8044444444444443     9000.048296966397      35
0.7577777777777773     7583.659607025568      32
0.7755555555555553     8345.740929136487      34
0.7055555555555553     6841.402504506063      31
0.8377777777777781     13970.200906714794      44
0.8366666666666668     13065.909556754903      43
0.7999999999999999     9837.021707316691      37
0.8344444444444447     12533.877761093956      42
0.7377777777777773     7096.68923883151      31
0.7088888888888887     7276.327382897218      32
0.8333333333333335     13560.059139543264      44
0.8122222222222222     10836.80135668378      39
0.8300000000000002     11341.935684158037      40
0.8033333333333332     10582.634354703641      38
0.7499999999999996     8291.27427658916      34
0.6877777777777776     7509.567178821484      33
0.7666666666666663     8355.716885893455      34
0.7233333333333324     7849.361918917594      34
0.7855555555555552     8723.261904456478      35
0.8055555555555555     10932.498928407427      39
0.7455555555555551     7892.7929786341965      33
0.8133333333333331     10976.481378107312      40
0.7322222222222217     8211.579624378983      34
0.8099999999999998     11683.219019331642      40
0.7766666666666664     8639.813917041329      34
0.7511111111111106     8950.92323414879      35
0.7922222222222219     9282.995893372916      36
0.8333333333333335     13588.659934002837      44
0.7977777777777779     13811.053946433738      45
0.7911111111111107     10763.118227278585      40
0.7188888888888885     7824.928059407364      33
0.7644444444444443     8887.383855341139      36
