0.7222222222222221     6291.525744930665      28
0.8088888888888889     9412.813154164549      35
0.7822222222222222     8117.62081732645      34
0.7844444444444442     8698.46741750487      35
0.8044444444444441     9302.729072859804      35
0.8166666666666665     9086.910255493773      36
0.7277777777777775     6518.148381849295      29
0.772222222222222     7273.422790147829      32
0.8144444444444444     9489.953642413482      34
0.6488888888888882     5502.208028952109      29
0.7544444444444441     7233.979928386458      31
0.7822222222222219     8512.574396116794      33
0.788888888888889     8719.242556404306      35
0.7999999999999998     8939.178239193503      34
0.7599999999999997     7187.245735933504      32
0.7722222222222219     7368.120723600847      30
0.4911111111111105     4244.662550078505      25
0.7511111111111107     6557.474489387629      29
0.7999999999999998     10112.214035278106      37
0.744444444444444     6797.995470028805      29
0.7955555555555552     9521.547360109571      35
0.7277777777777772     7219.979688592012      32
0.7811111111111108     8388.401777588495      34
0.8166666666666667     10974.016503073053      38
0.7933333333333332     10969.602953986607      39
0.7588888888888885     7917.141910517248      32
0.7455555555555554     8835.79445238545      36
0.7355555555555552     7222.612140668492      31
0.7877777777777778     10916.80380228589      39
0.7655555555555553     8946.278916919777      36
0.743333333333333     8401.180323507042      34
0.7722222222222217     9967.251258119979      38
0.7222222222222218     5534.528547705073      27
