0.9422222222222226     21320.03575085658      53
0.9300000000000004     20152.974837271475      52
0.9011111111111112     18790.86087667148      50
0.945555555555556     22643.87584996713      53
0.9388888888888893     20434.248010008163      52
0.9200000000000004     20329.729862122553      52
0.9411111111111115     20973.973452244725      53
0.9166666666666667     18936.093808447447      50
0.9344444444444446     21834.57923719021      52
0.9388888888888893     20706.40828983462      53
0.9300000000000004     20468.81463214641      52
0.9388888888888893     21045.893670896894      53
0.9377777777777784     21887.509249129886      52
0.9411111111111116     21210.05843098563      53
0.9411111111111115     21279.78913710109      53
0.9166666666666673     21581.640479591002      52
0.926666666666667     21684.29468342345      52
0.945555555555556     23263.283502208687      54
0.9477777777777783     23468.164815789405      54
