0.9377777777777783     18168.096244169472      50
0.9422222222222227     20233.61983535789      51
0.9444444444444449     21785.273806471992      53
0.9422222222222225     20456.531908213085      53
0.9377777777777783     18858.479125849284      51
0.9411111111111116     20812.12464055275      52
0.9344444444444447     19448.18269357835      52
0.9422222222222225     21956.145978048084      55
0.9477777777777783     22625.069779274036      54
0.9322222222222226     19452.87834664771      52
0.9477777777777783     23097.50767804894      54
0.9455555555555561     22510.32179742883      54
0.9411111111111115     19721.892341565912      52
0.9400000000000005     20961.45967673036      52
0.9355555555555558     20177.67475876824      53
0.945555555555556     22800.782675320403      54
0.9488888888888893     23382.10626846528      55
0.9500000000000005     25096.354718612227      57
0.9488888888888893     23895.32378826838      55
0.9500000000000005     26138.939526087957      58
0.9500000000000005     26824.099832538584      58
0.9511111111111117     27637.688903224913      60
0.9511111111111117     31365.295309674257      64
