0.8677777777777779     9921.551601614137      32
0.8666666666666668     10277.487207800637      32
0.8677777777777779     9581.80475912452      33
0.8677777777777779     9981.203113816571      34
0.8411111111111109     8152.853776525828      29
0.8533333333333332     8775.998782622166      30
0.8666666666666668     10563.255888137379      33
0.8833333333333331     10902.432597383095      35
0.8255555555555552     8003.2574363396925      29
0.8266666666666667     8059.080690576243      29
0.8422222222222221     8255.255113456402      31
0.8922222222222227     12042.078369065073      36
0.8944444444444448     13819.767516740101      39
0.8077777777777779     6843.2876594325      28
0.8533333333333333     8301.368079514705      31
0.8622222222222221     9293.113028962722      33
0.8411111111111109     8454.327956027013      30
0.8777777777777775     10739.473137261542      36
0.8022222222222223     6341.776792001064      27
0.8977777777777781     14769.862329219153      39
0.8533333333333335     8649.054293652378      31
0.8533333333333332     9050.466335795712      31
0.8711111111111111     10353.502005824652      34
0.8811111111111115     12582.0808676075      37
0.8388888888888888     7894.340563201124      31
0.8366666666666668     7833.152050283695      30
0.8655555555555557     9495.315613354014      33
0.8955555555555557     13043.62435843347      40
0.8688888888888889     10312.790701158408      35
0.7777777777777776     6201.819088767308      26
0.8244444444444444     7119.628925914143      29
0.8755555555555555     10743.205622593028      34
0.8233333333333333     7498.847431939701      28
0.8922222222222222     22291.4601919037      39
0.878888888888889     11105.367510139251      35
0.7666666666666665     6511.187890503093      29
0.88     10853.86620282221      36
0.87     10898.48227238317      36
0.8244444444444444     7424.22867888625      30
0.8722222222222223     10909.894272939826      36
0.8188888888888886     7801.912198926277      29
0.858888888888889     8895.153564096367      32
0.8388888888888887     8292.261486065807      29
0.861111111111111     9576.84174183588      32
0.8377777777777775     8083.176957798243      28
0.858888888888889     9195.367906355663      33
0.8655555555555557     11320.814478138911      37
0.8811111111111112     11913.499676515652      38
0.8533333333333332     8730.286565445173      32
0.8099999999999998     7428.149749544415      28
