0.8733333333333333     9429.309902543688      33
0.8777777777777778     10142.876630986071      34
0.8944444444444446     11847.880857098597      38
0.8866666666666669     13474.151854560745      38
0.8844444444444445     11876.668117923597      37
0.8333333333333331     8235.540643623614      32
0.8788888888888889     11180.132282157758      36
0.8711111111111112     9398.100102893353      33
0.8777777777777778     10800.90927420144      36
0.9000000000000004     13588.356510056788      38
0.8733333333333332     9885.229294029332      33
0.8255555555555555     7990.1803121403855      30
0.8766666666666666     10259.118012136201      35
0.8788888888888888     10931.318353855942      35
0.8733333333333333     9812.881419415555      34
0.88     19608.758927949868      35
0.8944444444444446     13747.769126609157      40
0.8733333333333332     10268.440661342196      34
0.87     9520.29539460254      33
0.8722222222222222     9741.396633614439      34
0.8166666666666667     7748.089305561007      30
0.7977777777777776     8151.191760742969      32
0.8766666666666667     10837.157125731721      36
0.8766666666666666     10524.811466355297      35
0.8788888888888889     11507.42207736881      37
0.8944444444444448     15109.530201037156      42
0.8777777777777778     11342.91835931204      37
0.8711111111111111     9905.990081800375      34
0.8788888888888889     11544.519415994147      37
0.8755555555555556     10728.089421529616      35
0.8833333333333333     11824.123167986381      37
0.888888888888889     13019.083219711127      39
0.8711111111111111     11095.127294181153      37
0.8866666666666667     12433.592949554657      38
0.8655555555555555     8928.566941682519      32
0.8755555555555556     11158.364508440367      36
0.8866666666666667     13613.923105255619      41
0.8555555555555555     8299.784767719715      31
