0.7944444444444445     8578.443097285055      32
0.7811111111111111     8201.302104472783      32
0.8688888888888889     10738.540053638148      35
0.8411111111111111     10343.896609128604      34
0.888888888888889     13500.31762997184      40
0.7711111111111106     7641.631468461548      31
0.8200000000000001     9961.743991562731      34
0.8533333333333332     10482.547625657577      35
0.8677777777777779     10660.318931620992      35
0.7433333333333326     7531.931744500856      31
0.8811111111111111     11904.134926381843      37
0.807777777777778     9093.84794666565      34
0.8444444444444442     10303.629494027418      35
0.8288888888888888     10348.793200822523      35
0.8333333333333331     10518.316191404943      35
0.8222222222222223     10354.9812503575      37
0.8744444444444444     12401.307528501822      38
0.8677777777777779     11863.211160435118      38
0.8744444444444444     14690.70662167295      42
0.7544444444444443     8013.679221997927      32
0.8077777777777778     8881.773214311661      33
0.8088888888888889     9218.516845245571      34
0.7399999999999997     8051.218345981969      32
0.86     11710.119891247517      37
0.7599999999999999     8153.484453247545      32
0.8111111111111111     9354.988752896306      34
0.8299999999999997     10372.190104691259      35
0.8433333333333332     10533.11853721165      36
0.8166666666666667     10145.041274176978      36
0.7944444444444445     8901.420759232873      33
0.8044444444444442     8980.555624995975      32
0.8111111111111111     9369.174418495057      34
0.8033333333333336     9472.044960220233      34
0.7744444444444445     8379.408621494675      32
0.8166666666666663     10006.584730225119      35
0.7577777777777777     8148.138763296804      32
0.8677777777777779     13715.914325198724      41
0.7977777777777776     9483.813276378803      34
0.8166666666666663     10088.38060403104      35
0.8111111111111111     10534.90447249216      36
0.8033333333333333     10476.306306515557      36
0.7644444444444443     8341.12393429179      32
0.8633333333333334     12289.331142703186      38
0.8511111111111112     11030.567240831406      36
0.7911111111111112     8455.435191200088      32
0.7944444444444443     8590.790221967842      33
