0.7874999999999993     421.1534709613427      11
0.7958333333333326     512.1371036419947      12
0.8333333333333325     955.660165144351      16
0.8208333333333325     682.229432107097      14
0.7874999999999993     491.61243130066225      12
0.7624999999999995     488.39986895794016      12
0.8083333333333326     578.371418576685      13
0.8291666666666658     710.8906474900311      14
0.7499999999999996     423.91637805910113      11
0.7958333333333326     515.0616889603035      12
0.8208333333333325     905.8300404683893      16
0.8249999999999991     911.6254845756248      16
0.7458333333333329     479.01816566380523      12
0.7499999999999996     481.40174235639984      12
0.8166666666666659     606.3128365743677      13
0.7291666666666663     338.0200436741818      10
0.7249999999999996     338.916974943575      10
0.7499999999999996     490.9435605350599      12
0.8041666666666659     575.022409158422      13
0.7291666666666663     426.5873853099845      11
0.7874999999999993     495.14232364509917      12
0.8083333333333327     910.6672075266696      16
0.7999999999999993     593.8067815433006      13
0.7874999999999993     571.1333082655617      13
0.791666666666666     823.4802635075737      15
0.7291666666666663     475.3809862248503      12
0.7124999999999997     482.46186470984094      12
