0.8416666666666657     833.256878880235      15
0.7833333333333327     623.9371720584912      13
0.7374999999999995     445.01975828031533      11
0.7749999999999994     606.2801753056275      13
0.8083333333333325     825.6065918332565      15
0.7833333333333327     715.9335921265937      14
0.7999999999999992     741.7669001469616      14
0.8333333333333324     851.6300075910877      15
0.7416666666666661     518.9493082362625      12
0.8166666666666658     855.9947658605097      15
0.7333333333333328     424.6416534064141      11
0.8291666666666657     954.1804015001218      16
0.8541666666666656     1096.397918291497      17
0.8416666666666657     959.8959230585431      16
0.8416666666666657     1075.2218453802238      17
0.766666666666666     542.9832150394537      12
0.8208333333333325     954.4712897507571      16
0.8291666666666658     994.9604138442346      16
0.7833333333333327     719.4637444891727      14
0.7166666666666662     293.4516550452043      9
0.8041666666666659     838.5573621157697      15
0.7958333333333326     725.7657044170559      14
0.7583333333333327     606.1103108860137      13
0.8458333333333323     1204.6720098916721      18
0.7499999999999994     609.7363109940205      13
0.8124999999999991     856.3654645030723      15
0.7916666666666659     763.4762486494925      14
0.8291666666666658     1125.8982441275252      17
0.8124999999999991     910.0155801310352      15
0.8124999999999991     1004.4453022834957      16
0.8249999999999992     1012.4295889116731      16
0.8333333333333325     1280.7348082783512      18
0.7333333333333328     498.14337778158676      12
0.7916666666666659     831.4374225966502      15
0.8083333333333326     965.5960937496602      16
0.8124999999999992     1078.9945823693427      17
0.7374999999999995     526.3336814875526      12
0.7249999999999995     442.03860562394283      11
0.7166666666666662     356.4440777554681      10
0.779166666666666     613.798540004424      13
0.7208333333333329     431.3052057712926      11
