0.791666666666666     604.5537584961453      13
0.8666666666666657     1486.7497438794255      20
0.8666666666666656     1187.3490313300902      18
0.7708333333333327     582.3533296350284      13
0.862499999999999     938.6552783134807      16
0.8416666666666657     918.7814326213642      16
0.8458333333333323     944.9039837077981      16
0.8666666666666657     1706.8821220508876      21
0.862499999999999     1057.4344254361429      17
0.862499999999999     1060.0164221931152      17
0.837499999999999     924.6744931852035      16
0.8666666666666657     1852.849657299103      22
0.862499999999999     1080.4077573895531      17
0.8583333333333324     1077.2573253603364      17
0.8416666666666657     925.2794480596292      16
0.7958333333333326     691.535938748305      14
0.8333333333333325     800.5874144936885      15
0.862499999999999     1082.607572649049      17
0.791666666666666     691.8040520111194      14
0.8458333333333323     1306.0324703468098      19
0.8499999999999991     1314.4454184524457      19
0.791666666666666     712.8473700342923      14
0.8416666666666657     1058.3490806257537      17
0.7916666666666659     702.9281267463386      14
0.791666666666666     811.7313978761986      15
0.8416666666666657     1154.2767294741632      18
0.7583333333333327     780.8836639607385      15
0.8416666666666658     1614.3192270650143      21
0.8416666666666657     1167.859033672003      18
0.837499999999999     1034.0367688784397      17
