0.7333333333333327     159.44511819269826      28
0.8541666666666657     46.683541231080845      40
0.8333333333333324     35.44010599487095      35
0.8583333333333323     35.44010599487095      42
0.8124999999999992     159.44511819269826      33
0.8666666666666656     159.44511819269826      38
0.837499999999999     80.37666415421873      37
0.7083333333333329     26.258503830557355      31
0.7166666666666662     159.44511819269826      30
0.7374999999999993     159.44511819269826      32
0.7374999999999994     25.849942011931674      34
0.8499999999999991     159.44511819269826      41
0.8083333333333325     46.683541231080845      33
0.7249999999999994     159.44511819269826      31
0.8041666666666659     24.454696293495616      36
0.8083333333333325     35.44010599487095      34
0.7416666666666661     80.37666415421873      33
0.7749999999999992     159.44511819269826      33
0.791666666666666     46.683541231080845      36
0.7374999999999995     80.37666415421873      33
