0.7999999999999993     35.44010599487095      33
0.7583333333333327     35.44010599487095      29
0.7624999999999993     46.683541231080845      34
0.8333333333333324     26.258503830557355      36
0.8374999999999991     35.44010599487095      44
0.8291666666666658     80.37666415421873      37
0.8208333333333324     80.37666415421873      39
0.7874999999999992     46.683541231080845      35
0.7333333333333328     29.236430333030164      29
0.7291666666666661     25.849942011931674      33
0.7583333333333326     29.236430333030164      32
0.7458333333333328     29.236430333030164      36
0.7458333333333328     35.44010599487095      32
0.7249999999999993     29.236430333030164      31
0.8291666666666657     46.683541231080845      47
0.8333333333333325     159.44511819269826      38
0.7249999999999994     28.442328110349553      33
0.8416666666666657     159.44511819269826      39
0.7833333333333325     80.37666415421873      36
0.8291666666666657     159.44511819269826      39
0.7999999999999992     26.258503830557355      37
0.741666666666666     80.37666415421873      35
