0.908888888888889     15507.581475812742      46
0.9288888888888892     16712.655943929076      48
0.9266666666666669     16741.11054490104      48
0.9266666666666669     16965.799885234952      48
0.9433333333333339     17536.016030424213      49
0.9266666666666669     16985.742991213745      48
0.9266666666666669     17412.045854950757      48
0.9144444444444446     17040.621435448644      48
0.9466666666666672     17629.808594001428      49
0.8888888888888892     19445.716627003603      45
0.9300000000000005     17223.660573381007      49
0.8611111111111113     19039.33419200901      45
0.8966666666666668     22388.70570852464      46
0.8422222222222223     15986.809276502414      45
0.9466666666666672     18741.066881560684      51
0.8166666666666667     16190.384217870473      45
0.8744444444444448     21634.75308670645      45
0.9477777777777783     20928.62465250802      54
0.9555555555555562     21570.86811331098      50
0.9466666666666672     19442.933001184298      52
