0.9388888888888891     19637.14485239351      47
0.937777777777778     19039.137691262906      47
0.9388888888888891     19702.89769376521      48
0.937777777777778     19599.4211918863      48
0.9477777777777783     21832.594403560244      51
0.9444444444444448     20526.621388731735      49
0.9422222222222225     19851.9770830349      48
0.9400000000000003     19848.946284042802      48
0.9455555555555558     20879.03365094548      49
0.9411111111111113     20052.390569877025      48
0.9433333333333336     20591.563218729494      49
0.9455555555555559     21704.391998601284      51
0.9488888888888893     23147.455673113767      53
0.9433333333333336     20953.61364405212      49
0.9488888888888893     28724.49230762254      60
0.9488888888888893     32337.780406023296      64
