0.24666666666666645     35805.02313607032      75
0.26222222222222213     36622.76127745515      75
0.23111111111111093     35966.18384715441      75
0.2177777777777776     36030.718828815756      75
0.19999999999999984     36421.476328387995      75
0.21888888888888872     36575.49261409564      75
0.19888888888888875     36488.98414268402      75
0.1877777777777776     35455.09382694177      73
0.2266666666666664     36956.71004520838      75
0.19111111111111104     35979.25287118328      75
0.18777777777777768     37277.271334467674      75
0.1633333333333332     37286.589583359986      75
