0.14999999999999986     35495.948704429306      74
0.2677777777777777     35710.40553264461      75
0.14888888888888877     35769.26592506732      73
0.2555555555555554     35518.394629518414      75
0.14777777777777765     35264.0399874928      73
0.2688888888888889     37031.09299447015      75
0.21333333333333318     35131.70581374168      75
0.25333333333333324     36335.94688516744      75
0.18333333333333326     35316.60029698086      75
0.25555555555555537     36530.702492707125      75
0.24888888888888888     35458.272243729676      75
0.1622222222222221     37761.71971486612      75
