0.6374999999999998     3914.789870496588      31
0.6291666666666665     3671.9358612880856      30
0.6124999999999999     3321.071087712576      29
0.6041666666666666     3296.1884687380816      29
0.6458333333333331     4179.536888519171      32
0.6624999999999998     4432.239844426057      33
0.6374999999999998     4157.143157899622      32
0.6374999999999998     4433.312732126007      33
0.6166666666666666     4184.332181947127      32
0.6624999999999998     4439.3281101225075      33
0.6083333333333333     4257.479313890053      32
