0.8511111111111114     18881.121521051817      52
0.8533333333333336     19447.341685510797      53
0.8566666666666669     19777.7492185232      53
0.8566666666666669     21091.36726261684      55
0.8555555555555558     19579.976141224866      52
0.8555555555555558     20329.700274558836      53
0.8577777777777781     22441.639589932314      56
0.8577777777777781     22473.51030388584      56
0.8577777777777781     23091.074787548987      57
0.8566666666666669     21635.90896751789      55
0.8577777777777781     24498.53637154989      59
0.8566666666666669     21667.058850181264      55
0.8600000000000003     35078.50736782724      71
0.8577777777777781     34627.38614398628      71
