0.8577777777777781     15733.973491182676      46
0.856666666666667     15629.135574034317      46
0.8544444444444449     15089.07480274552      45
0.8633333333333336     17098.703107811176      47
0.8600000000000003     15764.281813407313      46
0.8611111111111115     16386.372177773115      47
0.8633333333333336     17314.25424251864      47
0.8633333333333336     18471.71136003781      49
0.8633333333333336     18859.75615653901      50
0.8633333333333336     19559.92534228763      51
0.8633333333333336     20201.343810266128      52
