0.7011111111111114     11418.90708550504      41
0.6488888888888886     8678.441479937299      37
0.6466666666666668     8794.280868359205      37
0.6444444444444443     9150.513358008711      38
0.6422222222222222     8650.994007603616      36
0.6488888888888891     8859.13220427559      37
0.7011111111111111     12289.758467820131      42
0.7111111111111112     12013.408236051288      42
0.6655555555555557     9545.153770483512      37
0.6366666666666668     9079.342968595181      36
0.6722222222222222     10281.508141483317      39
0.6788888888888891     11500.150654598943      42
0.688888888888889     11115.699753769382      40
0.661111111111111     9233.565959571908      38
0.6711111111111111     9821.915867474572      39
0.6588888888888891     9011.180603776076      37
0.6633333333333333     10710.593671241173      41
0.72     13588.055226393599      46
0.681111111111111     10224.281980465974      40
0.6477777777777777     9072.612988455288      36
0.7000000000000001     11381.869061267658      41
0.6855555555555557     10488.534626777373      40
0.6755555555555559     10561.142463923461      38
0.6877777777777777     11046.198836861491      42
0.6411111111111113     9126.050272221635      35
0.6755555555555556     10510.35418055162      39
0.7233333333333333     13505.97716542896      46
0.6866666666666664     10576.742417712025      41
0.7111111111111112     13436.43874009162      44
0.6455555555555554     9499.245750798185      37
0.6388888888888886     9595.365317373828      38
0.6466666666666666     11773.694679216364      44
0.6700000000000002     9732.346007593545      37
0.6099999999999998     7479.2453766116305      34
0.6833333333333333     10982.348893445425      40
0.7077777777777778     13511.81325678678      45
0.7022222222222223     12947.807029259804      44
0.652222222222222     10471.216312229833      39
0.6933333333333335     12049.290313707128      41
0.66     12395.46372048692      42
0.7122222222222221     13242.973342249361      45
0.6155555555555557     8535.451853192571      35
0.691111111111111     11626.951338090672      43
0.5988888888888889     7427.582574171533      35
0.631111111111111     8302.288095249278      36
0.627777777777778     7605.847908000582      34
0.7166666666666668     14200.395421417385      46
0.7188888888888891     14992.298236193124      48
0.7233333333333334     13937.776822378333      46
0.5955555555555554     6852.945566327632      33
