0.8166666666666659     954.0694790411345      16
0.8124999999999993     747.4705370193508      14
0.8333333333333325     978.1196143276023      16
0.8458333333333324     1434.8642010958897      19
0.8291666666666658     958.8050335814559      16
0.8416666666666658     1358.8495637833355      19
0.8333333333333325     1226.3713773850684      18
0.791666666666666     781.216289559003      15
0.8458333333333324     1542.9517203098842      20
0.8416666666666658     1499.2297980780538      20
0.8124999999999993     845.3634012088515      15
0.8499999999999991     1626.2114361863903      21
0.7291666666666662     554.7249130910227      12
0.8499999999999991     1672.700703526326      21
0.7916666666666659     830.0184177935276      15
0.8333333333333325     1315.45939209408      19
0.8291666666666658     1202.5290758412552      18
0.779166666666666     565.9438226202479      12
0.8374999999999991     1396.3027087572918      19
0.733333333333333     560.8506179892296      12
0.8499999999999991     1818.6751838444986      22
0.7749999999999995     706.225033524021      13
0.8374999999999991     1493.5258139373072      20
0.7708333333333328     722.1326348803715      14
0.8499999999999991     1825.124990169511      22
0.7999999999999993     836.3087364236379      15
0.766666666666666     695.402757743896      14
0.8208333333333325     969.0732049505519      16
0.7124999999999996     388.4114287878316      10
0.8541666666666657     2465.098520761988      25
0.8166666666666659     1032.749267005181      17
0.7999999999999993     1246.801039989319      18
0.791666666666666     1309.5390667797046      19
0.8499999999999991     1929.6948819466209      22
0.8416666666666658     1805.281218492782      22
0.8166666666666659     1485.3409598454652      20
0.8374999999999991     1654.7049356814202      21
0.8333333333333325     1802.4548480440335      22
0.766666666666666     833.0749661177315      15
0.7749999999999995     892.1526868713541      15
0.7624999999999995     1356.1899583784377      19
0.8499999999999991     2021.0903053478132      23
0.7124999999999997     475.2304317074353      11
0.8041666666666658     1719.1896776639908      21
0.766666666666666     1458.3099452582735      20
0.7916666666666659     1837.338369558172      22
0.6916666666666663     1172.0371235151115      18
