0.9633333333333338     19712.005764909547      52
0.9700000000000005     21657.04626307327      54
0.9666666666666672     20573.07000682055      53
0.965555555555556     20334.753220073006      53
0.9666666666666671     20781.64755424323      53
0.9677777777777783     21263.337539317956      54
0.9766666666666672     25497.79404773342      55
0.9722222222222228     23915.088741510146      53
0.9700000000000005     23411.49331928619      57
0.9644444444444447     23308.666763140278      53
0.9733333333333338     24603.660113819788      54
0.9788888888888895     25901.727481822913      55
0.9733333333333337     24764.64589240917      54
0.9766666666666671     25707.49909258863      55
0.9800000000000005     26615.967493421307      56
0.9755555555555562     24794.742868202287      54
