0.9377777777777777     21014.576017177515      54
0.9600000000000002     23634.054619735445      57
0.9433333333333334     21973.284636225624      55
0.9577777777777781     23359.291736592582      57
0.9555555555555557     22811.238820591432      56
0.9633333333333337     24352.65918650033      58
0.9588888888888893     25014.18255359015      54
0.9444444444444442     23333.151028670243      52
0.9455555555555558     24371.43961214586      54
0.9544444444444445     22650.591697121057      56
0.9600000000000003     25242.13649740823      55
0.9666666666666672     26404.63507186105      56
0.9700000000000005     27425.641934168238      58
0.9611111111111114     26104.688533701432      56
0.9700000000000003     27929.448837711032      58
0.9677777777777783     26735.29488093527      57
0.9733333333333338     28660.52453536277      59
0.974444444444445     28726.520785203327      59
0.9755555555555562     30315.79689090405      61
0.9777777777777783     32354.423391032957      64
0.9777777777777783     35979.534519355875      69
