0.9633333333333336     22818.3560257318      57
0.9622222222222225     22224.4487817817      56
0.9677777777777781     23847.795942550543      58
0.9688888888888892     24594.446005039732      59
0.9744444444444449     27209.07338039772      58
0.966666666666667     25835.971021098492      56
0.9566666666666668     24660.793684795583      55
0.9366666666666668     24482.120866459085      55
0.9744444444444448     27076.54520728002      58
0.966666666666667     23243.589566403487      57
0.9488888888888892     24635.15417983275      55
0.9488888888888891     24664.14547556489      55
0.9577777777777781     25329.376862136254      56
0.9500000000000003     24713.784241071484      55
0.9766666666666671     27543.150652116303      58
0.9733333333333337     26472.17305710773      57
0.9777777777777783     28157.821934485535      59
0.9788888888888894     31045.63186764256      63
0.984444444444445     38451.32714790208      71
