0.9611111111111115     25224.410941528684      60
0.9500000000000001     23976.92263605024      59
0.9566666666666669     24894.75153297019      60
0.9466666666666669     23215.076699147816      58
0.9500000000000001     24009.934159747154      59
0.938888888888889     23370.207798219093      58
0.9500000000000003     24048.641681451834      59
0.9288888888888893     23774.507896934152      58
0.9544444444444448     25160.346263004914      60
0.9633333333333338     26593.07260013583      62
0.9533333333333337     24120.28292784808      59
0.9644444444444449     26865.502619922707      62
0.9577777777777782     25234.276904977596      60
0.9666666666666671     29180.183743201498      61
0.9633333333333338     29078.496948387583      61
0.9622222222222226     28243.92036323161      60
0.9700000000000005     30246.989475049017      62
0.9611111111111115     26784.98468501349      62
0.9488888888888892     27324.81435579634      59
0.9711111111111117     31101.74078087993      63
0.9655555555555559     29098.46380839434      61
0.9677777777777783     30027.343489115363      62
