0.7416666666666661     596.5816825005212      13
0.8041666666666658     734.8565725691374      14
0.7416666666666661     613.7313912970952      13
0.7333333333333328     613.3935056228627      13
0.8666666666666657     1224.7543835186887      18
0.8458333333333324     881.3550381756472      15
0.7083333333333329     435.03194457444476      11
0.8458333333333324     978.3745505149109      16
0.8458333333333323     1066.3629723282934      17
0.8791666666666655     1485.989703899488      20
0.7999999999999993     719.0396952462299      14
0.7499999999999993     637.3925319918072      13
0.7958333333333326     721.8763447609696      14
0.779166666666666     650.833762747318      13
0.8666666666666657     1341.878276105251      19
0.8833333333333322     1653.7477502420704      21
0.5708333333333334     433.3442390427808      11
0.7249999999999995     546.763946685874      12
0.8333333333333325     884.4103268455999      15
0.8749999999999989     1704.4901285881926      21
0.5625000000000001     413.3673995680634      11
0.8791666666666655     1764.476439767881      22
0.7249999999999995     586.3147203047096      13
0.7083333333333328     547.6121085604495      12
0.4958333333333337     414.5290816287578      11
0.7874999999999993     747.6152940374755      14
0.8583333333333323     1069.3978307316274      17
0.8416666666666658     1070.4300779565929      17
0.8416666666666658     1076.80342712579      17
0.862499999999999     1085.333224716798      17
0.8583333333333323     1256.52755021185      18
0.8249999999999992     760.1760140870855      14
0.6624999999999998     442.72009145467933      11
0.837499999999999     1348.5562328295216      19
0.7958333333333326     862.3910358008667      15
0.8333333333333325     967.5361375776564      16
0.8499999999999991     1384.6673606685101      19
0.6458333333333331     515.2242824625143      12
0.7708333333333327     718.3154656400709      14
0.5416666666666669     579.8754899607601      13
0.7374999999999995     818.7668176523246      15
0.516666666666667     666.7745606333467      14
0.7583333333333329     833.1590412684702      15
0.7874999999999993     862.9416614892673      15
0.8124999999999992     1082.1788198285924      17
0.8708333333333323     1504.9207697911484      20
0.8874999999999988     1883.768517713387      22
0.7333333333333328     724.8220242843171      14
