0.8249999999999992     882.6660868351427      15
0.8249999999999991     845.3003138861083      15
0.7874999999999993     640.6188307490047      13
0.8874999999999988     1934.6958441629142      22
0.8333333333333325     925.4442060316825      16
0.874999999999999     1444.3079973482184      19
0.7708333333333327     692.4396780707372      14
0.6666666666666664     530.7876494476045      12
0.6499999999999997     472.0755318809096      11
0.6583333333333331     522.5858323927922      12
0.7499999999999993     601.3985898378714      13
0.7291666666666661     695.9861356785561      14
0.6458333333333331     446.4246713232064      11
0.7624999999999995     712.1383314062123      14
0.8333333333333325     1052.6778985195467      17
0.6458333333333333     540.8816786374452      12
0.8124999999999992     929.6392455578543      16
0.8666666666666656     1056.0897658047063      17
0.8249999999999991     980.756206043278      16
0.8666666666666657     1243.8692268995085      18
0.8583333333333324     1085.819679489143      17
0.8458333333333324     1081.5103297220192      17
0.8916666666666655     2454.6672086616963      25
0.8749999999999989     1363.3483502054885      19
0.5375000000000002     412.9276201185341      11
0.6874999999999997     609.1015529666865      13
0.6541666666666665     612.9159053998745      13
0.8041666666666659     755.2084635823453      14
0.779166666666666     869.9705189619818      15
0.8874999999999988     2247.670934930755      24
0.766666666666666     712.5868863281677      14
0.7833333333333328     899.592648910471      16
0.741666666666666     824.9883746899352      15
0.7624999999999994     1067.1239733146374      17
0.8333333333333325     1108.4432657764423      17
0.7583333333333326     1041.0144496405703      17
0.779166666666666     1205.9664432701002      18
0.8833333333333322     1548.5998935059815      20
0.8666666666666657     1369.865721972502      19
0.7541666666666661     1236.4441382299017      18
