0.862499999999999     1212.5149190398363      18
0.874999999999999     1625.2769862895411      21
0.8166666666666658     915.2611326248262      16
0.8541666666666657     1088.7589338431596      17
0.8833333333333322     1639.1514335911054      21
0.8583333333333324     1207.3859575492997      18
0.8708333333333322     1352.412965746284      19
0.8499999999999991     1030.9196163491674      17
0.8083333333333326     839.9066540757001      15
0.8041666666666659     622.3863419447807      13
0.8416666666666658     951.5317582028084      16
0.7666666666666662     891.5079799490941      15
0.8749999999999989     1499.152767151525      20
0.8874999999999988     1701.6516234747069      21
0.7416666666666661     527.3830441514889      12
0.7041666666666663     717.7241155694786      14
0.575     476.17148472248596      12
0.862499999999999     1337.5534608557637      19
0.849999999999999     973.7906907052449      16
0.7083333333333328     857.9003442516745      15
0.8708333333333322     1570.1714121970995      20
0.8458333333333324     1168.7406322873853      18
0.8833333333333322     1985.2573686940884      23
0.8708333333333322     1792.7229056711262      21
0.8166666666666659     934.5678516998944      16
0.7958333333333326     953.3916774811073      16
0.8041666666666658     1377.106061029072      19
0.7791666666666659     974.9500726903943      16
