0.19777777777777766     24954.02728896566      74
0.17888888888888874     20997.47841951075      68
0.18222222222222217     22100.827685845456      70
0.2044444444444443     30231.043137135235      82
0.1933333333333331     23416.31655748027      73
0.19999999999999984     25265.906358268967      75
0.11777777777777766     19261.247671070552      66
0.19777777777777766     28456.14465709847      80
0.20333333333333314     29458.066517300893      81
0.19555555555555534     28739.96073563545      80
0.19444444444444425     23523.968707838896      73
0.18333333333333318     26265.933131334517      76
0.17999999999999985     21849.509435456213      70
0.14777777777777765     22788.32892746128      71
