0.7744444444444445     9609.672505371014      38
0.7211111111111108     7111.468557244461      32
0.7733333333333333     9506.907419373016      37
0.5999999999999995     5067.890891210165      28
0.6977777777777772     5837.871124383741      28
0.7688888888888888     8683.872968285135      35
0.5833333333333327     4999.469072172603      28
0.6044444444444438     5070.201084338106      27
0.6888888888888881     5617.82769854382      28
0.7711111111111111     8910.265512157244      35
0.6866666666666663     6691.135477337638      31
0.7755555555555556     9759.494199264898      38
0.7577777777777778     9011.433740495222      36
0.7555555555555555     9265.23994879602      37
0.7188888888888887     6915.856973298171      31
0.6699999999999993     6092.208917154594      29
0.5755555555555548     4865.091651388962      27
0.6555555555555548     5445.818532173213      27
0.6133333333333327     5316.243176855038      28
0.6866666666666659     6317.455312623323      30
0.5455555555555551     4796.353317543433      28
0.4988888888888886     4500.8577980560285      26
0.5911111111111105     5712.7457633361655      28
0.7877777777777778     9895.352110928003      37
0.7511111111111112     7844.1721910842625      33
0.6633333333333329     7055.202217323243      32
0.5411111111111107     4792.36446356775      27
0.6211111111111103     6194.333447720062      31
0.454444444444444     4097.55097598378      26
0.7544444444444444     13094.949529740588      44
0.5522222222222221     5233.358625608683      28
0.7433333333333332     9572.146865336696      37
0.594444444444444     5683.42610690819      30
0.6088888888888881     6740.590365590972      31
0.6033333333333329     5772.853860453106      30
0.7433333333333331     7413.220636472732      32
0.5622222222222218     6928.835012009485      33
0.7355555555555555     8350.005853623776      34
