0.7755555555555551     8221.266549995591      34
0.7533333333333327     7237.213976916329      32
0.7744444444444443     7875.422801672996      33
0.765555555555555     7761.858755212791      33
0.7411111111111106     6888.854793295151      31
0.7511111111111108     7268.1590044227505      32
0.7144444444444439     6182.68132741136      30
0.792222222222222     10319.688484876458      39
0.772222222222222     7767.142879040257      33
0.7555555555555551     7547.424720968044      33
0.7399999999999994     6901.895575190468      31
0.7488888888888886     6935.923682429918      31
0.765555555555555     7771.4586752668265      33
0.7544444444444441     7339.806275012686      32
0.7333333333333331     6459.146824393116      30
0.702222222222222     5793.924489851556      28
0.7822222222222222     8287.60117414954      34
0.7111111111111107     6311.879162880216      30
0.7599999999999999     7690.570368064813      33
0.7433333333333328     7212.802284747945      32
0.7411111111111105     7200.068396894741      32
0.7411111111111108     7334.211039522814      32
0.7011111111111107     6379.098881903609      30
0.7377777777777772     6763.8780142216265      31
0.7266666666666663     6742.959698262393      31
0.7866666666666664     8848.641820456176      36
0.7866666666666662     9034.383476957568      36
0.7166666666666662     6383.9239564940835      30
0.7755555555555549     8192.775417723275      34
0.7755555555555549     8228.566919060251      34
0.7388888888888886     6830.760037915251      31
0.7533333333333327     7545.931071011      33
0.7499999999999994     7503.4725782564055      33
0.7277777777777773     6970.87684629948      32
0.7355555555555552     7441.262471966029      33
0.7811111111111111     8398.582932582463      34
0.7166666666666663     6491.030852354329      30
0.7799999999999997     8397.837249660684      34
0.7511111111111111     7537.04207000032      32
0.7744444444444442     7794.91188712138      33
0.7655555555555549     7692.21458027626      33
