0.7799999999999996     8448.620107441153      35
0.7299999999999993     7453.379121029129      32
0.8222222222222224     10218.482670550704      37
0.8111111111111112     8946.957638877839      35
0.7966666666666666     8525.871305802786      34
0.7966666666666664     8703.819507980163      34
0.8011111111111112     8696.292555637556      35
0.8011111111111111     8725.379851457017      35
0.8277777777777776     11041.87053752041      39
0.7188888888888887     6509.888178547355      30
0.8333333333333336     13496.067895595821      45
0.7722222222222219     7827.913144024043      33
0.83     11249.538277549878      40
0.7977777777777776     8905.37394386121      35
0.8233333333333336     11012.810399859252      38
0.827777777777778     11162.644072608357      39
0.8122222222222223     8976.042223036002      35
0.79     8588.028928449614      34
0.8211111111111112     9413.631384677958      36
0.828888888888889     11574.210001899664      40
0.7155555555555554     7307.89132596024      32
0.8055555555555556     9224.175648600389      36
0.7188888888888881     7244.356312799525      33
0.8111111111111112     9274.503436240273      36
0.8177777777777777     9392.33730824152      36
0.7644444444444445     8230.319919841948      34
0.8233333333333334     10850.434411506048      38
0.818888888888889     10345.764935934736      38
0.8222222222222224     10560.675593597856      38
0.7966666666666666     8852.281222655256      35
0.7766666666666664     8340.048336561826      33
0.8222222222222224     10573.936373070741      38
0.8133333333333335     9785.07099304209      36
0.7899999999999996     9060.093343982895      36
0.8177777777777779     10188.538610199123      38
0.7444444444444442     8168.216418323354      34
0.8222222222222224     10623.246984936126      38
0.7999999999999999     9096.856294179997      35
0.7944444444444444     9153.804314358023      36
0.7699999999999999     8587.312700066315      35
0.8033333333333331     9447.271385628977      35
0.8188888888888889     10330.946346711973      38
0.8144444444444445     9881.304687934513      37
0.8177777777777778     10003.045186268495      37
0.8222222222222224     10832.185898248348      39
0.8255555555555558     11517.552759741577      40
0.8244444444444445     12208.147484446214      42
0.8166666666666667     10632.952073170129      39
0.7866666666666664     9082.050341428978      36
0.8144444444444445     10214.650462054133      38
