0.7733333333333337     8061.619045116491      33
0.8244444444444444     9994.909362797987      37
0.8244444444444444     10358.089328768145      38
0.7233333333333334     6173.467505627958      29
0.7733333333333338     8515.52096550837      34
0.7388888888888888     7023.8375359460115      31
0.82     9549.000963636923      36
0.7411111111111113     7334.344372813206      32
0.8411111111111113     12564.258184157701      42
0.8333333333333333     10988.904605654789      39
0.7733333333333332     8029.130374764636      33
0.7633333333333335     8011.183572752807      33
0.7388888888888889     7172.529775197677      31
0.8133333333333335     9662.38241069197      36
0.7177777777777775     6978.43947174608      31
0.7644444444444445     8390.925381668918      34
0.8     8649.509343831767      34
0.7622222222222225     7930.167176684433      33
0.8322222222222221     10543.581869048172      38
0.8211111111111111     10787.62318490401      39
0.7488888888888888     7388.545147460272      32
0.8166666666666668     10198.482486309438      38
0.8333333333333334     11685.66480922183      41
0.7611111111111114     7405.949727616839      31
0.7711111111111114     8440.514374005028      34
0.7933333333333333     8576.37064218201      34
0.8033333333333335     8911.692687283854      34
0.8066666666666668     9087.681185926644      35
0.8155555555555555     9873.017715080978      37
0.7633333333333333     8230.406023742937      34
0.828888888888889     11720.5984728549      41
0.8088888888888891     9591.272833021909      36
0.7522222222222221     7503.730501974376      32
0.7955555555555557     8876.104201177526      35
0.81     9879.432568822676      36
0.7577777777777778     7524.990948881752      32
0.7400000000000001     7644.301645391505      33
0.8277777777777778     11335.186840287077      40
0.8333333333333333     12212.085157451853      42
0.8133333333333334     10555.068736827483      39
0.808888888888889     9538.269788504176      36
0.8255555555555557     11541.473066409264      40
0.7955555555555559     9087.305804858961      35
0.8111111111111112     9877.86318471318      37
0.8099999999999999     9718.219610284366      37
0.7700000000000002     8436.291654744158      34
