0.7999999999999998     4998.4641315969475      25
0.7555555555555556     4486.720789555085      24
0.8688888888888889     6609.979867841368      28
0.8044444444444441     5539.388282496753      27
0.8166666666666665     5640.246078502422      26
0.7422222222222222     4086.886965705342      23
0.8644444444444446     7487.728038703889      31
0.7555555555555554     4150.236170201948      23
0.8244444444444443     5720.245049023718      27
0.7500000000000001     4652.96239718126      25
0.8088888888888889     5668.580710925485      27
0.8688888888888889     8128.747232143827      33
0.8266666666666665     5764.551411509588      27
0.8744444444444446     8142.090035350259      32
0.781111111111111     4839.2051065835685      25
0.8677777777777775     8474.63850575316      34
0.8588888888888886     8200.98479882028      33
0.8222222222222224     5714.189373215643      27
0.7799999999999999     4796.994759037946      25
0.758888888888889     4663.154372522918      25
0.8622222222222221     8515.664890503323      34
0.7244444444444446     4807.117594065627      25
0.8222222222222224     5734.842043478259      27
0.8555555555555555     6728.042281554465      29
0.8533333333333334     7749.655617598423      32
0.8155555555555555     5689.771673307419      27
0.7999999999999998     5000.712323563858      25
0.8511111111111113     6128.013108965708      27
0.8333333333333331     6202.617501392424      28
0.8477777777777781     6911.110204823362      30
0.841111111111111     6291.425240398661      28
0.8488888888888888     7294.360332285672      31
0.8388888888888889     6249.409212921067      28
0.8222222222222222     6637.074801533475      30
0.8555555555555555     8548.547458267161      34
