0.8944444444444446     7680.349603665621      30
0.7699999999999997     4661.642392146748      24
0.7422222222222221     4259.028751955668      23
0.8966666666666667     8306.671834086514      31
0.7699999999999995     4399.001183798159      22
0.8244444444444442     5629.657500842606      26
0.8966666666666666     8679.18873989796      33
0.8088888888888884     4998.875884976279      24
0.882222222222222     6916.650945825221      28
0.8944444444444446     8307.49750052436      32
0.7188888888888885     4010.7813259951786      22
0.8199999999999998     5810.238788806665      27
0.8811111111111113     7610.853750402684      30
0.8977777777777778     9331.45547752383      34
0.8155555555555555     5590.207593920351      26
0.8144444444444442     5817.385821475122      27
0.8966666666666667     9237.540664197542      34
0.861111111111111     6114.633925307381      26
0.8677777777777779     6813.041058529116      28
0.8588888888888889     7021.482908830719      29
0.8066666666666666     5390.414480972688      25
0.8566666666666667     7142.597553762091      30
0.8833333333333334     7649.183330219158      30
0.8899999999999997     8528.980840447022      32
0.8944444444444446     8635.192962455012      33
0.8700000000000003     7205.117505253731      29
0.8144444444444443     5965.756683744412      27
0.7922222222222219     5094.662559426094      25
0.8744444444444446     7388.787317133798      30
0.7922222222222219     5131.576168536959      25
0.8566666666666669     7311.110939237507      30
0.812222222222222     5736.166902538077      27
0.7577777777777777     5146.268051618175      26
0.8877777777777779     7750.500829242275      30
0.8600000000000001     7581.741515379759      31
0.8766666666666667     7694.497033273376      31
0.871111111111111     7989.1342842001795      32
0.8877777777777779     8311.415784841738      32
0.8066666666666663     5220.793384299649      25
0.8544444444444446     6302.432837845394      27
