0.8944444444444442     8587.684562365017      33
0.8222222222222223     6668.88670977923      30
0.9066666666666666     9159.757283356168      34
0.8588888888888886     6715.0181470193465      30
0.8188888888888884     6605.022473944736      30
0.9188888888888891     10666.321128461304      37
0.8011111111111113     5187.889126359437      26
0.8633333333333335     7132.120980879869      30
0.8144444444444444     7193.71697930517      31
0.9155555555555558     10147.98042281102      36
0.8966666666666665     8888.360721887044      34
0.8888888888888891     8458.07400951787      33
0.8877777777777776     8046.681174724748      32
0.9088888888888887     10953.003900854099      38
0.8644444444444445     7722.876116123667      32
0.8855555555555552     8308.15669588024      33
0.8844444444444443     8210.789870973544      33
0.8688888888888888     7995.3549066281885      32
0.8944444444444442     8595.348577753655      33
0.8599999999999999     7396.69969071078      31
0.8511111111111112     7437.306625533553      32
0.8533333333333332     7628.798827274053      32
0.8877777777777776     8350.798782110676      33
0.8466666666666668     7644.955653901346      31
0.8333333333333334     7205.674295076655      31
0.8633333333333335     7855.637002283182      32
0.8466666666666667     7323.801955624893      31
0.9066666666666665     10319.311099127792      37
0.8588888888888888     7679.657008695636      32
0.9022222222222221     10211.547316654636      37
0.847777777777778     7899.377731985546      33
0.86     7935.217520795044      32
0.8822222222222219     8461.47992317495      34
0.8744444444444444     8092.490690952942      32
0.881111111111111     8536.960389504917      33
0.8944444444444442     8921.327610913686      34
0.8188888888888887     7228.340856289244      31
0.8266666666666668     7299.597827335674      31
0.8377777777777782     7579.309448362257      31
0.8566666666666667     7986.482986041775      32
0.8999999999999999     9043.43389694167      34
0.8999999999999999     9780.425169738543      36
