0.8266666666666664     5698.324777686392      27
0.8066666666666664     5131.050821961565      25
0.8188888888888888     5449.744695497521      26
0.8199999999999997     5566.384147774022      26
0.7922222222222222     5035.3739015165675      26
0.8422222222222223     5828.120228922896      27
0.7633333333333331     4211.680359005009      22
0.8511111111111107     5922.5735082923675      27
0.8699999999999999     7240.5988452349575      31
0.7377777777777774     5145.180075931083      26
0.8777777777777774     7508.415827637004      31
0.8666666666666666     6587.7741658777495      29
0.8211111111111111     5781.721736187456      27
0.8766666666666664     8111.041355450191      33
0.8188888888888888     5475.7639706413765      26
0.8688888888888885     7925.619649339032      33
0.8677777777777775     7559.4212411846565      32
0.8577777777777779     6702.305583376163      29
0.8644444444444442     6961.955575398602      30
0.8511111111111108     6780.544223115682      30
0.8488888888888889     6812.684562037687      30
0.8466666666666668     5945.709909637796      27
0.8366666666666666     5859.150068252726      27
0.8111111111111106     5569.988404282885      26
0.8066666666666664     5701.479337329531      27
0.8388888888888886     6081.038233455828      28
0.8111111111111111     5743.555951400424      27
0.8644444444444443     7931.795929358343      33
0.856666666666667     6940.85822601433      30
0.8466666666666668     6495.968662151315      29
0.8188888888888888     5784.747979058234      27
0.8044444444444446     5516.593963975603      27
0.8255555555555556     6227.64533180572      29
0.8433333333333335     6549.560804263117      29
0.8466666666666668     6796.016248684596      30
0.8466666666666668     6817.773148528203      30
0.8166666666666668     5980.449520901277      28
0.8133333333333331     6029.390700826009      28
0.8055555555555557     6156.329023764697      28
