0.7611111111111113     7612.1893497117635      29
0.71     5632.524709929435      25
0.701111111111111     5415.3627456308395      24
0.7711111111111111     7967.7778046237      29
0.7199999999999996     5812.515797505413      24
0.7566666666666667     7225.146478544145      28
0.7099999999999997     5861.0042085628575      26
0.7400000000000001     5911.140523584551      24
0.7388888888888888     6560.242482363506      26
0.7155555555555556     5906.667293565236      26
0.7822222222222224     8782.692525713881      32
0.711111111111111     5893.163481424493      26
0.7577777777777779     7409.76392040551      28
0.732222222222222     6596.410898059049      27
0.7533333333333334     6995.925702009775      27
0.778888888888889     8015.932579805817      29
0.7733333333333333     8089.5555392991      30
0.7677777777777778     7674.310965345419      29
0.7577777777777779     7501.197990539211      28
0.7333333333333333     6649.074954503666      27
0.7666666666666666     8108.172408038467      30
0.7733333333333332     8910.267677320608      32
0.7333333333333333     6657.50681489181      27
0.7266666666666666     5936.18326736616      25
0.7311111111111108     6272.474430214022      26
0.7577777777777779     7515.981854373908      28
0.7500000000000001     6673.305351414635      26
0.7433333333333333     6674.541566932438      26
0.7500000000000001     6926.712760026141      27
0.7588888888888888     7642.622130452157      29
0.7566666666666667     7244.027517756183      28
0.7500000000000001     7174.547534662455      28
0.7244444444444443     6349.769059138943      26
0.7111111111111108     5936.692782717466      25
0.7455555555555555     7350.61724849007      28
0.7177777777777776     6064.750670345485      26
0.7244444444444444     6645.981107395674      27
0.7500000000000001     7494.676583969228      29
