0.7811111111111111     8509.727620080372      31
0.8122222222222224     10321.054123617592      35
0.8044444444444446     9271.704211704351      33
0.8022222222222224     9246.920933311716      33
0.8044444444444446     9397.100888961673      33
0.8100000000000003     10241.412670714495      35
0.7866666666666667     8694.064459894777      33
0.8111111111111114     10863.124689749317      36
0.7755555555555554     8463.239235227937      33
0.7722222222222221     8097.713855440764      31
0.758888888888889     7157.719554955979      29
0.7466666666666665     7116.782841411756      29
0.7555555555555556     7627.0974510997685      30
0.7644444444444443     8111.975931681375      31
0.8011111111111113     9679.954469824785      33
0.8044444444444446     9617.345012499327      34
0.7944444444444446     9205.316380726059      33
0.7644444444444443     8459.85481929778      32
0.8088888888888893     10107.578249976434      34
0.7922222222222225     9106.83438040463      33
0.7788888888888889     8813.253137907977      33
0.8100000000000003     10649.105793106164      36
0.8055555555555558     9819.833931270976      34
0.7977777777777778     9682.931727402149      34
0.788888888888889     9119.77496233164      33
0.7555555555555554     8111.116074208891      32
0.8100000000000002     10810.202155749075      36
0.7588888888888886     8291.698926940533      32
0.817777777777778     10917.790808573061      36
0.7944444444444447     9229.404337538517      33
0.7877777777777778     8836.475952051966      32
0.8166666666666671     12496.367096854323      40
0.7944444444444445     9512.483332025995      34
0.8088888888888893     10265.447928504822      35
0.777777777777778     8533.169071475737      33
0.8144444444444449     11690.43915844182      38
0.7755555555555554     8839.690653145171      34
0.7566666666666669     8319.516303054399      32
0.7544444444444443     7349.267352951681      29
0.8133333333333336     11136.881104822587      37
0.8044444444444446     9779.364456808387      34
0.8044444444444446     10098.87386300997      35
0.7566666666666667     8121.722859855242      31
0.711111111111111     7731.624092994985      32
0.7911111111111114     9487.30960988938      34
0.7677777777777779     8858.56641264989      33
0.7488888888888885     12569.701858054383      32
0.8055555555555558     10138.64045181731      35
0.7944444444444445     10142.598387141506      35
0.7911111111111111     9236.269994963666      33
