0.7055555555555552     5224.807353332636      25
0.7133333333333333     5583.429446240288      26
0.7522222222222222     6571.37111646578      28
0.8044444444444446     8929.45560663054      31
0.7988888888888891     9708.031716372967      35
0.7733333333333337     7574.607109315913      30
0.7822222222222222     7802.9082971910575      29
0.7722222222222226     7294.672247978183      29
0.7455555555555554     6449.515379694083      28
0.782222222222222     7692.434660312827      29
0.7933333333333333     7952.822733068697      29
0.7744444444444444     7739.098151372057      30
0.7333333333333332     5829.131305517305      26
0.7700000000000004     7427.38616657016      29
0.723333333333333     5704.994542711583      26
0.7444444444444442     6513.597473865732      27
0.7055555555555554     5612.749563076715      26
0.7422222222222221     6298.668119855393      27
0.7711111111111111     7404.6409004615      30
0.7822222222222223     8385.10430953328      31
0.7677777777777779     7679.297704897412      30
0.7566666666666669     6597.6255304393735      27
0.737777777777778     5838.151423146872      26
0.7655555555555555     6755.214211462202      28
0.7422222222222221     6553.639257741139      28
0.7266666666666665     5742.6698810042535      26
0.7788888888888889     8562.59516416245      33
0.7155555555555554     5802.685222013402      27
