0.5011111111111107     37732.6920641921      75
0.5499999999999996     40270.0012958806      75
0.5277777777777775     38353.72120301892      75
0.571111111111111     40372.80512155258      75
0.5333333333333332     38807.09912776897      75
0.43111111111111106     37864.64031958475      75
0.5488888888888885     40192.59321363268      75
0.5255555555555552     39210.54561299345      74
0.5099999999999997     37994.52406993513      75
0.5277777777777775     40099.879987081724      75
0.5011111111111108     39947.89886702085      75
0.541111111111111     40322.734875109745      75
0.4777777777777774     40627.08822158309      75
0.4433333333333329     39170.34648817613      75
