0.8700000000000001     7149.605144949001      30
0.9177777777777782     10651.621122310953      35
0.8044444444444441     6557.551622081137      29
0.8733333333333336     7393.926588543044      30
0.9144444444444444     8345.450250892585      32
0.885555555555556     7928.031274916135      31
0.8677777777777779     8137.502238089889      29
0.8277777777777774     6648.88254989455      29
0.9155555555555559     10318.726492750662      35
0.804444444444444     6164.632377758964      28
0.8866666666666669     8383.770572216647      31
0.9277777777777779     10850.459748961572      37
0.7866666666666666     6362.75561699294      29
0.8900000000000002     7945.297274485453      32
0.86     7678.665919390609      29
0.9300000000000003     10895.871214269551      38
0.8577777777777779     6802.8130855886675      29
0.8633333333333334     7112.415217572513      30
0.9088888888888889     8527.225959389485      33
0.8599999999999995     6871.533594717134      29
0.926666666666667     10418.283886913985      37
0.878888888888889     8643.13038977592      34
0.9177777777777782     11001.016475217039      36
0.88     10509.640752358238      34
0.6866666666666662     4902.230610918935      26
0.843333333333333     6965.985292679024      29
0.7244444444444444     6337.092672599211      29
0.8455555555555556     7012.312004283084      30
0.8299999999999996     6671.14819376053      29
0.9177777777777782     11678.0419072457      37
0.7066666666666662     5434.4842510966      27
0.857777777777778     7584.832922550355      31
0.7788888888888886     6525.706179154533      28
0.8511111111111112     7581.3574314310545      32
0.822222222222222     7100.271777702719      30
0.8777777777777779     7912.01750604505      31
0.9011111111111111     9592.74739323121      35
0.8666666666666664     8063.725434634097      32
0.8988888888888888     10769.73789555116      39
0.9188888888888894     11940.90023435289      38
0.851111111111111     7968.586133798045      32
0.8111111111111111     8823.946607632057      35
0.8944444444444446     9857.22409318495      35
0.8833333333333336     10611.976007006944      37
