0.9133333333333334     9919.538678220308      32
0.8733333333333336     9353.374819936314      31
0.8966666666666667     8266.938024625948      32
0.9     9017.936927094604      34
0.8744444444444445     7999.520124085801      32
0.9244444444444447     11192.61458458445      35
0.8877777777777779     9252.332105178346      34
0.9144444444444446     9894.803395698626      35
0.8211111111111115     6758.323174869728      30
0.8666666666666666     9695.283259282412      33
0.9077777777777777     9877.9123270953      32
0.9011111111111113     9922.452219210512      32
0.9366666666666672     13175.13999266061      38
0.935555555555556     11188.927436664895      36
0.9244444444444447     11518.82436448303      38
0.7966666666666665     6366.262224071292      29
0.9422222222222226     12861.875150920396      40
0.925555555555556     12895.158060265814      38
0.9022222222222224     10218.628241461949      33
0.7777777777777775     6714.445620704772      30
0.8822222222222221     8721.223547783204      34
0.9233333333333338     10472.442056519554      33
0.7455555555555553     6761.80043934672      31
0.9155555555555556     10497.575921266902      36
0.9266666666666671     15014.201425123141      43
0.8311111111111108     6824.681522204156      29
0.8777777777777778     9194.135121773867      34
0.8655555555555557     7198.413270394072      27
0.9055555555555554     9588.046491349915      35
0.888888888888889     9450.771929106477      34
0.9111111111111114     11762.958752340295      38
0.9     9778.128809618911      36
0.8466666666666665     7885.458047086014      33
0.784444444444444     7508.6157998987965      33
0.8955555555555557     9207.231880230798      35
0.8655555555555556     10339.521496747284      36
0.9011111111111113     10478.160121556903      35
0.8188888888888884     8946.441421119905      32
0.852222222222222     8510.533920262496      33
0.8200000000000001     11004.165865378127      36
