0.8766666666666667     7831.887218205764      31
0.8833333333333332     8620.698266357556      33
0.8911111111111113     8647.153868861024      33
0.7766666666666662     5838.341610287757      28
0.9111111111111112     8974.614622950581      34
0.7599999999999995     6034.7612124032      27
0.7788888888888885     5861.011309491027      28
0.8988888888888892     9289.146735290447      34
0.8166666666666663     6172.6735451617305      28
0.7688888888888884     7268.576186305676      27
0.9322222222222227     10282.363863027049      36
0.88     8543.904080874143      34
0.8488888888888887     7287.277109926558      30
0.9233333333333337     9603.683550955844      33
0.8688888888888888     7797.514739045823      31
0.91     9749.081448457493      35
0.936666666666667     10520.219711992      36
0.7866666666666662     5944.164468205526      28
0.726666666666666     5472.140228111271      27
0.7566666666666663     5688.938156334376      28
0.8455555555555553     6916.913516302278      29
0.7211111111111104     6597.481003121219      30
0.7855555555555553     6931.9137360292025      31
0.7811111111111109     7445.556847379019      31
0.7099999999999996     7283.258571868389      32
0.7411111111111106     7354.200562648191      32
0.8955555555555555     11464.854449214987      39
0.935555555555556     13633.789106266855      42
0.8855555555555557     8949.433343311997      34
0.89     9291.244791184474      34
0.8866666666666667     11241.046084933283      39
0.9355555555555559     13044.617337860938      41
0.8788888888888887     8438.74255543654      33
0.8666666666666668     10146.843494206489      37
0.9255555555555559     11770.24678512536      38
0.8422222222222221     7856.2535351043825      32
0.8266666666666667     8360.386538318666      34
