0.9200000000000003     10069.294047103407      35
0.8988888888888891     8247.760635458137      32
0.8677777777777776     7274.281670799686      30
0.9166666666666669     9629.089390568124      35
0.9122222222222223     9438.872554488882      35
0.8822222222222221     7637.673345331732      31
0.9055555555555554     8272.00438252547      32
0.8444444444444446     7088.400508371122      31
0.8822222222222224     8059.119584015958      32
0.8399999999999999     6804.493851746425      30
0.8655555555555553     7547.2081235943215      31
0.8399999999999999     7146.5304317869395      31
0.8377777777777776     6952.662461010649      29
0.9200000000000002     9707.657758833244      35
0.8266666666666663     6788.732404519684      30
0.8833333333333333     8148.107403765556      31
0.9288888888888891     10783.337878881925      37
0.8222222222222219     7187.64603105038      29
0.9233333333333336     10978.876635991115      36
0.9200000000000004     11140.070752016667      38
0.8155555555555558     6464.107234037915      29
0.7944444444444443     6522.698985949611      30
0.9088888888888891     9184.718608350728      34
0.792222222222222     6239.455954553084      29
0.9322222222222225     11496.26778177155      37
0.7522222222222219     5499.541135691831      27
0.8444444444444446     7266.567855750882      31
0.8888888888888892     8121.002358729962      32
0.9200000000000002     9746.735454263284      35
0.9055555555555557     10613.485925340368      37
0.8911111111111111     8657.093251397315      33
0.8599999999999999     7351.619652374681      30
0.8344444444444443     7219.067630676403      31
0.917777777777778     10916.942385483064      38
0.8644444444444442     8089.073141614404      32
0.8755555555555556     10163.57042641722      37
0.9166666666666667     13225.682407209602      42
0.8644444444444443     8113.5706593399245      33
0.851111111111111     7651.059449023536      31
0.9200000000000004     13930.421121492865      44
0.8988888888888891     11307.432162014868      39
0.8233333333333333     6714.176845214875      30
0.7822222222222222     7336.4846797979735      30
0.7966666666666661     7936.523614875549      33
0.8933333333333334     10425.596405861064      38
0.7577777777777774     6820.588536577717      31
0.7744444444444443     7113.7057770854035      32
0.8566666666666664     8667.577503938463      33
0.8277777777777777     8221.586653213119      33
