0.9200000000000005     9363.830823997394      34
0.8588888888888891     7326.609448373794      31
0.8855555555555555     7699.8783780376025      31
0.9022222222222221     9148.608376387529      35
0.9333333333333337     10491.167950505112      35
0.8877777777777778     8218.162965186202      33
0.9311111111111116     10477.062583423105      36
0.934444444444445     11981.602275382902      38
0.8499999999999999     7119.634866584992      30
0.8733333333333334     7402.059246327385      31
0.9200000000000003     9809.954045994731      35
0.9411111111111116     13611.464416125022      41
0.8188888888888889     6565.631191043846      30
0.7822222222222218     6508.0140877467065      29
0.897777777777778     8560.579663935778      32
0.9400000000000004     12849.303942767969      39
0.9422222222222225     13821.909035967506      40
0.9200000000000004     10720.21691678787      38
0.9300000000000004     15027.574478199589      44
0.9100000000000005     11838.75288136855      39
0.812222222222222     6668.510940196512      29
0.7722222222222223     5828.950777921922      28
0.9333333333333338     18517.236563597773      50
0.904444444444445     9175.999744206116      34
0.9033333333333333     9787.8329930424      36
0.6955555555555548     5690.019470700445      28
0.8955555555555557     9886.887209350343      35
0.8244444444444444     7971.011808460258      33
0.9011111111111114     11132.468464015275      39
0.8233333333333331     7129.016078997052      30
0.9266666666666673     12386.196078391527      39
0.8911111111111115     9800.240960894236      35
0.8866666666666666     9308.001960897285      35
0.7811111111111108     7156.885423851473      31
0.8644444444444446     8843.76209801889      34
0.8688888888888892     9394.736982316272      35
0.7766666666666662     7837.08943263183      32
0.8533333333333335     8453.360193310913      33
0.9233333333333338     14298.160059327729      41
0.8933333333333332     9796.723819479035      37
0.9111111111111115     11902.969098937021      39
0.8455555555555552     8032.464904755774      31
