0.7277777777777777     5721.085203847944      25
0.7522222222222226     6405.74642221563      27
0.7888888888888888     7908.803334654171      29
0.7577777777777777     6435.004756954845      27
0.7288888888888885     5925.69637060501      26
0.7477777777777781     6343.762990762166      26
0.7477777777777775     6176.041328523033      26
0.7699999999999999     6817.217138567407      26
0.7288888888888891     5933.8855758527725      26
0.7744444444444445     6941.291765773389      27
0.7611111111111108     6506.738184139984      26
0.777777777777778     7207.062201157351      28
0.7422222222222223     5983.341013573668      25
0.7433333333333336     5940.71010451616      26
0.7177777777777774     5586.13803375776      25
0.7866666666666667     7524.068280872869      28
0.7866666666666668     7839.280866793835      28
0.7666666666666666     6782.1926712482145      27
0.7188888888888887     5692.146909234355      26
0.7955555555555557     8123.469390431476      29
0.613333333333333     4216.370566189244      23
0.7055555555555553     5763.393058748221      26
0.7722222222222224     7479.921901785964      28
0.7633333333333332     7538.255986460272      30
0.5699999999999995     4778.161359214099      26
0.7555555555555555     6988.474819834153      27
0.7522222222222222     7403.446376634606      29
0.7500000000000002     6575.825983798317      27
0.8066666666666669     11827.776927927614      38
0.7855555555555556     7987.030893191919      29
0.7444444444444441     6505.575462240196      27
0.742222222222222     6318.200187409028      26
0.7855555555555559     8510.121858921997      30
0.7911111111111111     8601.719245061202      31
0.7744444444444444     8180.152120558207      31
0.7588888888888888     7508.125284934746      29
0.7988888888888889     8643.689591333317      30
0.7644444444444444     9141.20595154532      34
0.7366666666666662     5937.063715066956      26
0.7544444444444448     8114.1948127613905      31
0.7811111111111114     9343.719759157293      33
