0.7711111111111111     6807.885075195844      28
0.7844444444444445     7245.42098617239      29
0.7499999999999998     6286.34169630927      27
0.768888888888889     6745.829611796946      28
0.7677777777777777     6456.990904275482      27
0.7577777777777778     6691.707225299449      27
0.7488888888888887     6265.639279450557      27
0.7566666666666667     6326.691861720388      26
0.8     8733.888998234794      31
0.7633333333333334     6850.452753652057      28
0.7966666666666669     8268.536255563455      31
0.8088888888888891     9987.59960719148      35
0.8044444444444447     8998.515907910683      33
0.7866666666666666     7982.899606386184      31
0.7855555555555559     7850.853049954486      30
0.7911111111111111     8145.018487692667      30
0.7166666666666661     5909.063827572556      26
0.8000000000000002     9185.191437123744      32
0.8022222222222224     9875.794748776074      34
0.7788888888888889     7245.876903913216      27
0.7966666666666671     8484.136619198673      32
0.7922222222222224     9775.707182553422      35
0.744444444444444     6511.471842956536      28
0.7344444444444445     6018.145155929809      27
0.7022222222222219     5626.404474450719      26
0.72     6128.229013485305      26
0.7977777777777778     10348.116494629334      36
0.6722222222222223     5536.241991857751      26
0.7888888888888892     7997.232810653988      31
0.788888888888889     9564.510107232138      35
0.75     6713.023508453115      29
0.786666666666667     8378.429340001825      31
0.7755555555555553     7010.542615669875      28
0.7833333333333335     8198.431308954248      31
0.7800000000000002     8060.416995117846      30
0.6722222222222219     5570.3689899062865      27
0.7866666666666667     9337.268204159454      35
0.7811111111111112     8417.88663139618      32
0.7155555555555554     5806.770916946493      26
0.78     9932.058614543585      35
0.7355555555555555     6424.498528900672      28
0.7944444444444447     11126.092517970208      37
0.7722222222222223     7472.465881566389      29
0.7922222222222224     11741.864972583524      40
0.756666666666667     8734.119355805482      34
0.7677777777777776     9572.450971339167      35
0.7422222222222221     6868.109965381838      30
