0.8011111111111114     8980.164927515896      31
0.7711111111111113     7891.701104679298      30
0.7955555555555558     7976.624268032743      29
0.7711111111111111     7568.180017861674      30
0.7855555555555559     7883.605069937005      29
0.7677777777777776     7266.410883914396      28
0.7733333333333337     7218.69485155093      29
0.7944444444444447     7904.8366018123725      29
0.7900000000000004     7639.7174623260435      29
0.766666666666667     6850.496679763134      28
0.7955555555555559     8869.919959120904      33
0.7888888888888892     8065.695106391253      31
0.7844444444444446     8286.151394733797      31
0.7388888888888889     6969.084887693328      28
0.7733333333333335     7842.362786797453      31
0.7688888888888891     7184.3098114005115      29
0.8033333333333337     9499.825449622977      33
0.8055555555555558     9635.603551895629      33
0.7900000000000004     8702.862805985927      32
0.786666666666667     8403.1656022063      31
0.8022222222222226     8912.85036294161      31
0.7933333333333336     9876.292997541774      35
0.77     7285.681619342494      28
0.742222222222222     6381.948088809952      27
0.7766666666666672     7301.569280873584      28
0.765555555555556     6734.508539374665      28
0.7900000000000003     9131.542805156741      33
0.8011111111111114     9190.292903118789      32
0.8022222222222223     9308.277252417709      32
0.7433333333333335     6187.780117458312      26
0.8000000000000004     8377.398522070742      30
0.7633333333333335     6945.631607212464      29
0.7244444444444447     6780.091131061452      28
0.7400000000000002     6316.917703684057      27
0.7377777777777779     9020.684633918447      35
0.797777777777778     8013.990152586461      29
0.7877777777777781     7511.892639555384      28
0.7900000000000004     9371.575462512252      34
0.8055555555555559     9945.06612678705      34
0.7355555555555556     6153.97125879013      27
0.7755555555555558     8235.848913217562      30
0.762222222222222     6349.741627305591      26
0.7288888888888893     5879.649808240761      26
0.7811111111111109     8288.42613530698      31
0.8022222222222224     10367.610838942517      35
0.7499999999999998     6000.257084468936      26
0.7522222222222222     6326.463673882603      27
0.72     5805.892424405292      26
0.7122222222222219     5322.195674962536      25
0.8044444444444447     10753.595933370101      36
