0.9344444444444446     20404.4320982932      55
0.9300000000000003     18989.40156025754      53
0.9300000000000003     20150.994387097697      55
0.9311111111111113     20422.369780347388      55
0.9366666666666669     21151.389962807694      56
0.9055555555555554     17190.035712878434      51
0.92     18591.113719249148      53
0.936666666666667     21257.301573013207      56
0.9322222222222226     20489.51968446958      55
0.9277777777777778     18833.426907173078      53
0.936666666666667     23248.593167791652      59
0.927777777777778     19422.81582515653      54
0.9333333333333335     21604.287407953845      57
0.9333333333333335     22271.09627551087      58
0.9300000000000004     20878.71560662402      56
0.92     19200.43828513006      54
