0.9300000000000005     15393.008422149318      46
0.9311111111111116     16343.268246424877      47
0.9233333333333337     14649.846173801043      45
0.9288888888888894     14861.288476284228      45
0.9300000000000005     15434.632351474052      46
0.9300000000000005     15935.751231806154      47
0.9288888888888894     14902.69058006616      45
0.9300000000000005     16435.283892343963      48
0.9222222222222226     14145.578653892599      44
0.9233333333333337     14765.011943930202      45
0.9288888888888894     14976.876293202879      45
0.9222222222222226     14260.858258094288      44
0.9311111111111116     17403.064064946066      49
0.9233333333333337     15276.325285335077      46
0.9300000000000005     16530.19279260043      48
0.9300000000000005     16861.988859508558      48
0.9288888888888894     15917.289311234812      47
