0.7866666666666666     11402.837439218696      42
0.8677777777777778     12239.743755916363      43
0.8922222222222219     13189.099891058017      44
0.8911111111111111     14253.50878060537      46
0.9066666666666664     14600.393633224645      46
0.8855555555555552     13762.613038753603      45
0.8722222222222219     14042.964692291582      46
0.9133333333333333     14772.464702746734      46
0.8166666666666667     11506.693568144126      42
0.8811111111111111     14397.423870741555      47
0.8677777777777774     13037.3281844516      44
