0.9177777777777779     9397.323746961414      34
0.8188888888888884     6391.507100757819      28
0.9055555555555558     8177.9207922843325      31
0.9155555555555557     9254.527061879953      32
0.8588888888888886     6663.596858753424      29
0.9211111111111113     9674.234442200903      33
0.85     6695.685086313358      30
0.8144444444444444     6375.19042356315      30
0.8944444444444446     7556.908410096326      30
0.8066666666666664     6274.867423425095      28
0.828888888888889     6579.947458847102      29
0.888888888888889     7181.619222151777      29
0.7999999999999997     6098.866761491544      28
0.9155555555555558     9810.395389432033      32
0.8988888888888891     8788.363660277417      33
0.823333333333333     6621.8287191236695      28
0.8955555555555558     7884.620209911204      31
0.902222222222222     8991.383217742448      35
0.9133333333333334     9215.511701427607      33
0.9088888888888889     9013.77261187828      34
0.9166666666666669     10466.605834984643      36
0.7866666666666661     5936.29635879796      28
0.9111111111111111     9336.698799193931      33
0.7955555555555549     5994.750210019263      28
0.8822222222222222     7142.733225529997      29
0.908888888888889     9414.3771883435      34
0.8099999999999998     6303.641045071269      29
0.9244444444444446     11209.688225890457      36
0.878888888888889     8075.9381201994665      33
0.8811111111111112     8102.070137032478      32
0.9144444444444447     9644.426212418919      32
0.908888888888889     10058.92060777839      35
0.9166666666666667     10967.020249543213      36
0.8900000000000002     8300.60241987549      32
0.8744444444444448     6746.631727636929      28
0.8555555555555554     7523.113735280595      32
0.7611111111111107     5740.495449214839      27
0.8988888888888891     9431.252101831507      34
0.9022222222222223     12780.452251819732      40
0.8733333333333335     8518.022636003336      32
0.7966666666666665     6567.802107004301      29
0.8766666666666667     9730.79083642285      35
0.8311111111111109     6985.390536193135      29
0.8400000000000001     6685.247319265725      30
0.8888888888888891     9998.990759223625      34
0.9033333333333335     12920.278218503305      40
0.7844444444444441     7321.606715096537      31
0.8666666666666668     9709.08906873006      36
0.8522222222222219     9013.226990620466      33
0.8944444444444446     10037.711983489826      35
