0.9300000000000005     7685.856642765958      29
0.9100000000000003     6996.058963978703      28
0.9177777777777778     7103.059600332632      28
0.9055555555555557     6846.850748702678      28
0.9522222222222227     11435.573945663577      37
0.9533333333333338     12292.592056317075      38
0.9455555555555561     8654.180352075517      30
0.88     6334.134596976367      27
0.9044444444444446     6773.957162140963      28
0.9511111111111116     12025.86441257366      37
0.9255555555555557     7332.973491126206      28
0.9388888888888893     8350.141479804977      30
0.9300000000000002     7855.038367039991      29
0.9366666666666671     7874.855110047428      29
0.89     6684.395442274457      28
0.9288888888888892     7795.944479850916      30
0.9444444444444448     8774.515869873065      31
0.9377777777777783     8459.868486902025      31
0.9     6985.174137888361      29
0.9500000000000004     10021.222433822988      34
0.9511111111111115     11153.155172134993      36
0.9055555555555557     7040.631184347834      29
0.89     6756.9025091222275      28
0.9488888888888892     9682.86206686242      33
0.946666666666667     8776.30300126621      31
0.9488888888888891     9721.278586707933      33
0.946666666666667     9194.339030630623      32
0.9444444444444449     9309.834358085278      32
0.9177777777777778     7391.450111273499      29
0.9155555555555555     7267.298847524763      29
0.8922222222222221     7046.627325103916      29
0.9144444444444448     7227.424660368819      28
0.9288888888888893     7861.095189767153      29
0.8744444444444444     6367.076450638571      28
0.9366666666666671     8559.572718992356      31
0.8566666666666661     6780.098468741597      29
0.9533333333333338     12539.098505944317      38
0.9422222222222228     8997.844986603399      31
0.9377777777777783     9055.128391978868      32
0.936666666666667     8405.882735777164      31
0.8877777777777781     6929.919228749978      28
0.9322222222222225     8027.848983145735      30
0.9244444444444446     7727.499975267974      29
0.9177777777777778     7432.960620118287      29
