0.9577777777777782     9377.674651888306      33
0.9311111111111116     7181.740223088975      29
0.9366666666666671     7629.518331818377      30
0.9355555555555561     7191.610881853262      29
0.9355555555555561     7564.8198992909065      30
0.946666666666667     8420.539622452396      31
0.8444444444444441     5269.9012598152985      25
0.8833333333333335     6156.344009299522      25
0.7899999999999995     4898.904475418508      25
0.8466666666666666     5445.150224625043      25
0.9566666666666669     9041.115508689058      32
0.9577777777777783     9779.88255175225      34
0.9622222222222226     11913.79953033188      36
0.8855555555555554     5884.211907711947      27
0.9288888888888891     7273.689377184197      29
0.9477777777777783     8535.45665609747      31
0.9166666666666667     6360.925914914455      27
0.9500000000000005     8723.67759344624      31
0.9033333333333333     6214.852968019925      27
0.8766666666666666     5758.500595740475      26
0.9611111111111115     10003.167869145915      34
0.9400000000000007     7771.771536080697      30
0.8911111111111109     5935.249529325889      27
0.9255555555555559     6700.1642953695555      28
0.9255555555555559     6703.908527990645      28
0.9577777777777782     9699.040265463183      34
0.9233333333333338     6963.398275715492      28
0.9400000000000003     7722.975606834004      30
0.9422222222222227     7946.552895972883      30
0.9433333333333336     8668.153555867644      32
0.9533333333333336     8968.940712637315      32
0.9355555555555561     7903.5985818597555      31
0.9311111111111116     7513.103235982286      30
0.9133333333333333     6837.356042535279      28
0.911111111111111     6580.913427720066      28
0.8733333333333332     5802.409930892774      27
0.9166666666666667     6972.057122304908      29
0.9422222222222226     8585.48764302455      32
0.8611111111111108     5628.617718635281      26
0.9255555555555559     7061.361740614007      29
0.9088888888888891     6820.580891674246      29
0.8155555555555556     4929.043166527424      24
0.8855555555555554     6028.394369634962      27
0.9522222222222225     8740.185217537211      32
0.8611111111111106     5324.427081203005      26
0.8999999999999998     6105.5707938277465      27
0.938888888888889     8174.773490785464      31
0.8988888888888886     6329.546413543459      27
0.9577777777777781     9772.867991271794      34
0.9311111111111116     7560.5276620590685      30
