0.9044444444444446     5779.291000304402      26
0.9144444444444446     6815.43412313303      27
0.8655555555555554     5617.432179408623      26
0.9066666666666667     6066.172486773972      26
0.9166666666666669     6893.16900731628      28
0.8933333333333332     5745.556594935967      26
0.8011111111111109     4334.960634839341      23
0.8944444444444444     6000.481671890762      27
0.9266666666666666     7548.84483549877      30
0.8144444444444442     4737.475678916329      24
0.8966666666666667     6191.163965908093      27
0.8911111111111113     5963.1657493461225      26
0.8866666666666665     5693.312548075781      26
0.9244444444444447     8451.086426109066      31
0.8633333333333332     5169.875202661096      25
0.8455555555555553     4973.834931588326      24
0.7722222222222218     4257.884978913544      23
0.8411111111111111     4840.478185575505      24
0.8588888888888886     5151.2103018121525      25
0.9100000000000004     6341.92727140617      27
0.891111111111111     6058.33525617405      27
0.8933333333333332     6193.043357549661      27
0.8844444444444444     5973.978826522311      27
0.9166666666666667     7071.855178088354      28
0.7944444444444441     4590.376409514288      24
0.8477777777777777     5044.718897080813      24
0.8833333333333333     6253.18192329587      26
0.8811111111111112     6255.292803760436      26
0.9077777777777775     6256.212049343347      27
0.9177777777777779     7050.107340727511      29
0.9144444444444446     7207.461589399777      28
0.8544444444444443     5441.536013555946      25
0.8411111111111111     4902.120210616967      24
0.861111111111111     5606.543473545454      26
0.918888888888889     8125.8372385969105      31
0.8533333333333333     5481.614655987745      26
0.8800000000000001     5623.549233956244      26
0.8899999999999998     6390.334751099663      28
0.8800000000000001     5899.9969409269015      27
0.8833333333333332     6291.574616151198      27
0.8511111111111112     5234.125230548807      25
0.9144444444444446     7197.22824086322      29
0.9100000000000001     6430.012991656278      27
0.9066666666666667     6823.023726022001      28
0.9144444444444444     7448.881344876041      30
0.8299999999999996     4904.7048043925315      24
0.8122222222222221     4769.233785703576      24
0.8444444444444442     5251.434122604477      25
