0.8499999999999996     4259.630093276167      22
0.8555555555555552     4556.698087691236      23
0.7777777777777776     3355.0404412190774      19
0.7066666666666661     3034.2954612776016      19
0.8499999999999996     4492.364053510154      23
0.926666666666667     6648.782070935377      27
0.8255555555555553     3784.907458767409      20
0.8022222222222216     3868.5106029759795      20
0.9300000000000005     6949.180260886849      27
0.9233333333333337     6930.201524705941      28
0.9377777777777784     7426.489992474057      28
0.8511111111111109     4537.326285623652      23
0.8866666666666666     4924.319673329306      24
0.7933333333333331     3908.5736876719666      21
0.8777777777777775     4625.142137640237      23
0.771111111111111     3279.5078536059973      19
0.8688888888888886     4607.4112902558145      23
0.9066666666666668     5491.138273010957      25
0.927777777777778     7034.6303920390465      28
0.7277777777777773     3253.638715351054      20
0.7766666666666664     3476.692729398364      19
0.7888888888888888     3805.2087773276753      21
0.9311111111111116     7345.917826863968      29
0.8255555555555553     3977.778422617267      21
0.8477777777777775     4054.2903310430374      21
0.9177777777777781     6882.680146603517      28
0.9400000000000007     8243.130895863402      30
0.8511111111111105     4719.429206265529      24
0.9000000000000001     4938.320373278941      23
0.7622222222222219     3562.928403225001      20
0.7911111111111109     3970.063150088283      22
0.7888888888888886     3851.5211308310913      21
0.7799999999999997     3818.2969994662776      21
0.7777777777777773     3976.161946103877      22
0.9200000000000004     7451.336396297872      29
0.8488888888888886     4729.918136551907      23
0.8766666666666664     5304.977036064388      25
0.9133333333333336     6229.006733197516      26
0.9288888888888893     7650.949903097052      30
0.8588888888888888     4748.06068900756      23
0.7366666666666664     3308.105033717228      20
0.9133333333333336     6499.830708232011      27
0.8755555555555554     4945.957690792192      24
0.9055555555555559     5852.01625452124      25
0.7755555555555552     3648.4011048387547      21
0.8977777777777778     5636.038622568766      25
0.9033333333333334     6904.526908097776      28
0.87     5552.876236492366      25
0.736666666666666     3823.3688362427833      22
0.8077777777777775     4030.2564899203903      21
