0.8166666666666662     5837.355894179619      25
0.9133333333333334     7795.10885113129      30
0.8588888888888888     6589.696571528148      27
0.8022222222222216     6245.746495525963      27
0.8511111111111114     6872.982705596483      27
0.9577777777777782     11738.267460366793      37
0.9277777777777781     7821.286238292826      29
0.9677777777777783     13292.796563749416      37
0.8777777777777778     6904.400177463613      28
0.9588888888888892     12381.216477907641      38
0.9400000000000003     8138.189861743687      29
0.8444444444444441     6658.70937796618      28
0.954444444444445     12235.88770301292      34
0.936666666666667     8672.249597206244      31
0.8222222222222219     6481.573757391406      27
0.8755555555555555     7497.734670810323      30
0.8633333333333333     6987.8284235547335      28
0.9422222222222227     9459.368346731555      32
0.8311111111111108     6638.809922474041      27
0.9222222222222225     7858.301192336813      29
0.8688888888888888     7500.217223634814      29
0.9477777777777782     9847.13057328694      34
0.936666666666667     8720.031909537252      31
0.8533333333333332     6920.810930531766      28
0.8577777777777781     7324.405263055095      28
0.9522222222222226     11390.31486831107      36
0.9011111111111113     7594.721460375534      30
0.7888888888888883     5932.823898274817      26
0.851111111111111     6937.62917279961      30
0.8277777777777777     6485.116138534933      27
0.9388888888888892     8916.891800156303      32
0.9244444444444445     8411.82957064475      31
0.9055555555555558     7914.2546760259675      30
0.7877777777777777     6008.149307594196      26
0.946666666666667     9483.93683865641      32
0.7888888888888883     6036.723018192152      26
0.8644444444444441     7426.545099147397      30
0.7655555555555553     5381.0216436621895      25
0.8222222222222219     6535.275356851576      27
0.8122222222222216     6260.7108367646715      27
0.8366666666666663     7011.018936949703      28
0.832222222222222     6895.071544921061      28
0.7999999999999994     6349.557620522244      27
0.8599999999999999     7296.599609186637      29
0.9600000000000005     14491.953449732544      39
0.9466666666666672     12331.851812992956      37
0.9055555555555558     7931.7695992438685      30
0.9255555555555558     8485.748452885093      30
0.8733333333333331     7545.757273411703      29
