0.9111111111111112     5764.64530693684      25
0.944444444444445     7219.187563630835      27
0.8522222222222221     4779.62442924819      23
0.9655555555555563     8570.988393364163      29
0.8377777777777774     4971.394863794378      24
0.9111111111111112     6009.709246654207      26
0.9555555555555562     8096.010328796579      29
0.9400000000000005     7588.067597126614      29
0.9655555555555563     8650.672857380674      29
0.944444444444445     7783.928406633294      29
0.8833333333333332     5889.596819083326      25
0.9677777777777786     10491.95243696858      34
0.9222222222222224     6127.519898301006      25
0.8833333333333334     6055.1368080137345      26
0.9333333333333335     7267.611894403297      28
0.9677777777777785     11725.278736587588      37
0.9144444444444445     6401.6771643944385      26
0.9055555555555554     6210.577612134365      26
0.9377777777777783     7273.100843387615      28
0.8666666666666665     5496.379232258351      24
0.9677777777777784     11036.570298274726      35
0.7933333333333331     4085.5461496472417      22
0.8677777777777775     6050.760173052033      27
0.9300000000000003     7043.187719537679      27
0.8888888888888887     6197.648909283873      26
0.944444444444445     7787.329882989797      29
0.8522222222222221     5077.0489361957125      24
0.9655555555555563     8870.525862101089      30
0.9322222222222225     7124.265726996177      28
0.8788888888888887     6130.555022288077      26
0.9222222222222224     6404.370307509012      26
0.8633333333333332     5386.023420829828      24
0.9533333333333339     8327.616229491907      30
0.7999999999999993     4639.1610772302565      23
0.9288888888888891     6793.517641111671      27
0.9255555555555559     6443.803622005039      26
0.9633333333333339     8995.305115632642      31
0.9222222222222224     6451.401481116568      26
0.9222222222222224     6992.080781535403      28
0.9444444444444449     7723.706304889692      29
0.9044444444444445     6232.393498024135      25
0.9488888888888894     8684.795960861547      30
0.901111111111111     6219.373101147858      26
0.9544444444444448     9147.645896817392      32
0.8666666666666665     5686.930479939881      25
0.9311111111111114     7460.259697812299      29
0.946666666666667     9146.220689035816      33
0.7766666666666667     4769.919144717525      22
0.862222222222222     5449.860795356886      24
0.8655555555555554     5757.961739043989      25
