0.8844444444444443     5905.114696930382      25
0.7111111111111109     3476.7666488041427      20
0.9144444444444446     7377.361701047248      29
0.8777777777777779     5893.967894303236      25
0.8477777777777774     5110.496507860193      23
0.874444444444444     6103.903981436998      26
0.8222222222222216     4332.128283630092      21
0.8677777777777775     5494.911421012496      24
0.7299999999999996     3665.5921006142084      20
0.8277777777777773     4522.912057607394      22
0.7111111111111109     3826.4492212743057      20
0.8977777777777777     6358.485818581858      27
0.8411111111111106     5151.481507512332      24
0.9088888888888891     7321.318718642796      29
0.824444444444444     4455.754864044663      21
0.7366666666666659     3806.3258649182653      21
0.8955555555555555     6553.136176141657      27
0.9200000000000004     7408.1979788738845      28
0.8711111111111108     5819.760639333022      26
0.9011111111111113     6762.920179845708      28
0.8833333333333332     6126.198535058411      26
0.9022222222222223     6924.406156313975      28
0.7077777777777775     3837.17301437675      22
0.8833333333333332     6260.144091025873      26
0.7599999999999996     4158.491589693636      22
0.8499999999999998     5372.486735602591      25
0.8399999999999997     4836.262275901982      23
0.8622222222222218     5571.1956125826955      24
0.9066666666666667     7257.680773799232      29
0.9033333333333334     6941.927725397169      28
0.8499999999999998     5386.494386788529      25
0.9044444444444445     7507.415835243539      30
0.9188888888888891     7915.121857363405      30
0.8777777777777779     6127.058883132224      26
0.8444444444444444     5844.513928574596      26
0.7866666666666661     4175.927961300325      22
0.8422222222222218     5203.387569851925      25
0.7511111111111108     3878.3225007627307      21
0.8955555555555555     6593.556523760983      27
0.8688888888888887     6011.877875455764      26
0.822222222222222     4695.958409276274      24
0.8666666666666663     6101.540331658367      26
0.8399999999999997     5308.427446787997      25
0.7644444444444441     4185.577415309676      22
0.8477777777777777     6230.6788669893485      27
0.8155555555555549     4995.074476801997      24
0.8155555555555547     5104.778525117158      24
0.8377777777777773     5185.742745992331      24
0.898888888888889     6898.862283127105      28
0.8333333333333335     5324.9436867903705      24
