0.729999999999999     3208.8499411633115      18
0.8133333333333328     4024.2900871841734      20
0.7122222222222221     3042.544320475801      18
0.8522222222222221     4445.330029197523      21
0.8655555555555555     5514.934591772429      25
0.8288888888888887     4418.841452498302      21
0.7099999999999996     3112.072499858617      18
0.805555555555555     3774.3257639404087      19
0.8422222222222214     4560.798700444015      21
0.8022222222222216     4045.9883523160706      20
0.7866666666666663     3871.724599073325      20
0.8488888888888885     4713.916619283948      22
0.8922222222222225     6419.827388568297      26
0.7877777777777775     3873.460298093249      20
0.8133333333333328     4237.977507475418      21
0.8244444444444439     4268.619207545623      21
0.8388888888888882     4439.328822310336      21
0.7988888888888886     3927.2261437412503      20
0.7422222222222219     3220.695903481306      19
0.8033333333333327     4154.021401856283      21
0.794444444444444     4170.490607611735      21
0.8511111111111107     4860.669699182689      23
0.8133333333333328     4430.778614411425      22
0.827777777777777     4523.725295561503      22
0.7044444444444441     3008.037278165976      18
0.7555555555555551     3457.1266971049777      19
0.7566666666666662     3536.8970180837387      19
0.7722222222222217     3703.114714257646      20
0.7933333333333329     4184.528261922645      22
0.8788888888888889     5743.386194211217      24
0.7944444444444442     4237.315641189014      21
0.7177777777777766     3197.457847997337      19
0.7522222222222217     3340.0002813246633      19
0.7722222222222217     3762.453495627257      20
0.7611111111111106     3555.26045607477      19
0.727777777777777     3269.856979568355      19
0.8366666666666662     4704.871982387242      22
0.7888888888888884     3905.9063634939744      20
0.7555555555555551     3857.493537839487      21
0.7377777777777774     3327.859445931314      19
0.8166666666666662     4579.17577504697      22
0.8133333333333328     4464.71317184145      22
0.721111111111111     3295.0791631843235      19
0.7844444444444438     3897.4349336159667      20
0.8299999999999998     4944.070569048897      23
0.8122222222222218     4288.460943190613      21
0.7922222222222215     3925.9900457684057      20
0.7877777777777774     3996.9896288196956      20
