0.23555555555555538     2724.5127634626197      20
0.25222222222222196     3481.450737096804      22
0.25555555555555537     3488.4462320043785      22
0.21888888888888866     2468.784374870452      20
0.251111111111111     3404.248844167704      22
0.21888888888888874     2552.6912823525386      19
0.25999999999999995     3520.414538549714      21
0.27111111111111097     3647.926368881742      22
0.23777777777777756     2735.5722095356537      20
0.24888888888888866     2953.3868976231092      20
0.2566666666666666     3509.0587597394174      22
0.27111111111111097     4131.802581582784      24
0.24888888888888874     3642.5118201644214      23
0.2444444444444443     3097.3293585141864      21
0.23555555555555527     2705.2345406671      20
0.2299999999999998     2553.161815653134      20
0.2411111111111109     2872.13433834819      21
0.22111111111111087     2469.2116647350363      20
0.2777777777777776     4733.7753462709625      26
0.24888888888888866     3577.3652616889085      23
0.2566666666666666     4210.968631223701      25
0.21888888888888866     2472.3913729807205      20
0.2222222222222221     2588.1485410646405      20
0.23111111111111093     2791.9900434765113      21
0.20666666666666642     2178.1729635198817      17
0.17333333333333314     2615.969372664729      20
0.23888888888888865     3079.5908071984163      21
0.22555555555555534     2966.37729059675      21
0.2777777777777776     5304.432340369074      28
0.2744444444444443     4788.217779698987      26
0.26888888888888884     6011.864070378083      30
0.20666666666666653     2690.3420248800717      20
0.2666666666666665     5221.459097593667      28
0.22444444444444417     3096.4979759797184      21
0.25999999999999995     4515.797832604092      25
0.2655555555555554     5080.337468175963      28
0.24555555555555544     3181.763949457457      21
0.23444444444444434     3110.9291061956474      21
0.23555555555555527     3216.9436126682717      22
0.25555555555555537     3722.632056324749      23
0.20444444444444435     3150.6975905007253      23
0.25888888888888867     4245.527784954162      25
0.2411111111111109     3917.3692886247554      25
0.21777777777777768     3809.630047110949      25
0.2166666666666665     3654.8977985972765      23
0.2399999999999999     4422.334896373417      26
