0.21666666666666654     2532.5513392849916      19
0.2677777777777777     3884.1154415933834      23
0.2499999999999998     3322.524057256533      21
0.2533333333333332     3480.588191851559      21
0.2744444444444443     4345.365807882468      24
0.2244444444444442     2534.9844036818863      19
0.2844444444444443     6106.599968428806      29
0.24666666666666653     3093.1796088018486      21
0.25999999999999984     3524.505611272034      21
0.27333333333333326     4002.936556523822      23
0.24444444444444421     2682.220052242721      19
0.24444444444444421     3187.107344543703      21
0.2733333333333332     4178.838146232305      24
0.2911111111111109     6067.710910866503      30
0.2811111111111109     4612.18265268292      25
0.20888888888888876     2335.331124224287      19
0.28333333333333316     5939.461868044348      29
0.27333333333333326     5057.650026457361      27
0.18777777777777765     2210.199530823776      19
0.2911111111111109     6662.599955108281      32
0.18666666666666654     1951.507009929855      18
0.18999999999999986     2211.7806742014045      19
0.201111111111111     2473.9914635147184      20
0.2733333333333332     4392.104200164969      25
0.2811111111111109     5112.5592651729285      27
0.2677777777777777     4720.793390098126      26
0.23555555555555552     3087.423707007455      20
0.2911111111111109     7380.143188781096      34
0.2811111111111109     5472.363655558324      28
0.2666666666666665     5577.370808698353      29
0.26333333333333314     3690.900146615267      22
0.25999999999999984     5608.014658031571      29
0.2677777777777777     5699.1813149750005      30
0.251111111111111     3344.351975456492      22
0.18666666666666654     2579.788879328626      21
0.23444444444444423     2664.7883543660178      20
0.28333333333333316     6289.337163533551      31
0.24444444444444427     5362.219154065667      29
0.26666666666666655     5758.618547915394      30
0.20999999999999985     3422.515808034466      22
