0.2066666666666665     2273.574914295826      19
0.2777777777777776     4346.410549998113      24
0.26444444444444426     3438.265145724215      21
0.20111111111111094     2236.3945076652362      19
0.2677777777777776     3789.3878052696473      23
0.27777777777777757     4071.243406754789      23
0.25777777777777766     3229.0555796664735      21
0.2844444444444443     5111.401005045133      27
0.242222222222222     3088.8155543614985      21
0.27444444444444427     3872.5733665724415      23
0.252222222222222     3115.1376836919344      21
0.2844444444444443     6022.127443333702      30
0.2799999999999998     4392.600245821257      24
0.22111111111111095     2607.515832060752      20
0.22888888888888867     2720.464821176077      20
0.2577777777777776     3618.2651936133207      23
0.27444444444444427     3932.789813167503      23
0.252222222222222     3321.4201290355722      22
0.18888888888888877     2165.197776834608      19
0.2455555555555553     3491.28605159262      23
0.2633333333333332     3784.1594466117717      22
0.2777777777777776     4556.411890295846      25
0.26666666666666644     3812.6522131496586      23
0.2844444444444443     6062.435223611557      30
0.252222222222222     3615.4661637986865      23
0.18333333333333315     1930.7615566699571      18
0.26111111111111096     3637.6157300057466      22
0.23222222222222194     2750.731479663334      20
0.25333333333333313     3772.1449024737653      23
0.2777777777777776     5739.644032328192      29
0.2844444444444443     6348.298027833631      31
0.24999999999999975     3823.1806035444324      24
0.26111111111111096     4066.179621905769      24
0.23555555555555532     2978.1455127316676      21
0.27777777777777757     5097.951249146383      27
0.252222222222222     4063.156754803169      25
0.27444444444444427     4150.138811637508      24
0.2566666666666666     6693.136315777208      31
0.24333333333333312     3186.844693776548      21
0.23888888888888862     3455.072811885032      22
0.21777777777777763     2784.37187077876      21
0.16222222222222205     3496.572939172948      24
0.23777777777777748     4473.87113517222      26
