0.26555555555555543     3831.52703293856      23
0.2499999999999999     3122.9164217455423      20
0.25999999999999984     3507.543714170533      22
0.2844444444444443     4409.714546053339      24
0.2644444444444443     3794.970997953211      23
0.2555555555555554     3451.963270823528      22
0.2844444444444442     5002.678042787996      27
0.25111111111111095     3346.886762281108      22
0.27111111111111097     3914.351575324996      23
0.21999999999999983     2773.9889097209752      20
0.2444444444444442     3144.034637011307      21
0.28333333333333316     5149.566142722953      27
0.2744444444444443     4208.193706367823      24
0.2677777777777776     4333.258689037848      25
0.26444444444444426     3610.818769574301      22
0.2588888888888888     4006.8342340297363      24
0.28777777777777763     5346.570041262349      27
0.2777777777777776     6048.614721980138      30
0.24111111111111094     2840.8567065918596      20
0.20111111111111088     2625.307157621442      20
0.26666666666666655     4946.595393448174      27
0.2766666666666665     6468.845477616891      31
0.2699999999999999     6124.689579925814      31
0.24555555555555544     4195.370066696464      25
0.2744444444444443     6157.1040852349715      30
0.26666666666666655     6092.5506326413215      30
0.2299999999999998     4191.249129702553      26
0.2544444444444443     4468.277719136791      26
0.24111111111111092     4239.667838723819      26
0.2611111111111109     4850.6675955769515      27
0.19111111111111093     2316.5867955569493      19
0.24222222222222195     4743.207948891182      26
0.22999999999999976     3846.955326846203      25
0.20111111111111088     2901.0527515477215      21
0.25111111111111095     4942.756011005165      27
0.2744444444444443     6165.982131148734      30
0.21888888888888863     2950.037325114913      21
