0.8722222222222225     22909.096444881237      60
0.8844444444444447     23422.644778143633      60
0.8644444444444446     21695.38090694274      58
0.8722222222222222     22689.206305045518      59
0.8755555555555555     23158.25297619616      60
0.8700000000000002     22442.371388531737      59
0.8800000000000001     23323.741316662807      60
0.8744444444444448     23024.399345715578      60
0.8855555555555558     24697.163733218546      62
0.8688888888888892     22268.89104102647      59
0.8777777777777779     23250.124503190927      60
0.8766666666666668     23272.316511089775      60
0.8866666666666669     25492.369947095507      62
0.8888888888888891     25632.99953471403      63
0.8744444444444446     24144.401145594464      60
0.887777777777778     25789.858462832595      63
0.8922222222222225     26388.30044464886      63
0.8933333333333334     26855.026597895823      63
0.8955555555555557     29588.324337285147      67
