0.8466666666666671     17823.507662091277      52
0.8600000000000005     19275.588457319744      54
0.8411111111111115     17722.42338220139      52
0.8477777777777782     18428.31978981128      53
0.8544444444444449     18587.826046070826      53
0.8633333333333337     19371.16282113562      54
0.8488888888888892     18472.591718218064      53
0.8666666666666669     20047.13589146448      55
0.8533333333333338     18528.523299405417      53
0.8700000000000004     20104.071931145314      55
0.855555555555556     19218.183139744884      54
0.8644444444444448     19402.779062343052      54
0.8777777777777782     20922.725929736775      56
0.8611111111111116     19320.67495412074      54
0.8711111111111115     20147.49344770877      55
0.8677777777777783     20083.28008354169      55
0.878888888888889     36000.43957613839      74
0.8844444444444448     36143.61260541471      73
