0.8555555555555558     17293.667625553575      50
0.8711111111111115     19188.41819395726      53
0.8622222222222227     17964.24387813799      51
0.8600000000000003     17841.367795793343      51
0.8700000000000003     18852.047756436757      52
0.8488888888888891     16671.006433299324      49
0.8577777777777781     17415.3496362051      50
0.8644444444444449     18054.908037248602      51
0.8744444444444448     19421.069878605573      53
0.8688888888888894     18613.75612168786      52
0.8688888888888889     18530.262989121933      52
0.8700000000000004     19271.967575653052      52
0.875555555555556     19902.15378752687      53
0.8755555555555561     21449.465723980025      55
0.8722222222222228     20156.99665973509      53
0.8855555555555559     22950.445078313707      57
0.8811111111111116     21947.203022002428      55
