0.8922222222222224     25373.869886390545      62
0.9033333333333335     28186.512878082773      65
0.9022222222222224     28194.100151403767      65
0.8955555555555558     26244.803355541953      63
0.8955555555555557     26046.348820951644      63
0.8955555555555558     26255.86297180567      63
0.8988888888888892     27149.400624931      64
0.8966666666666668     26603.657740154937      63
0.9044444444444447     28316.539637645124      65
0.9055555555555558     28984.453713524304      66
0.9000000000000002     27490.6606388515      64
0.9044444444444447     28947.730433610013      66
0.8988888888888891     26927.77316753855      64
0.9011111111111113     27842.090964295952      65
0.9044444444444447     28960.22973598167      66
0.9000000000000001     27289.019101950696      64
0.9044444444444447     28980.72333170231      66
0.9077777777777781     29030.157225380342      65
0.9088888888888891     29776.97474755094      67
0.9088888888888892     30449.840046776448      67
0.9088888888888891     29942.535987811847      67
0.9144444444444447     33100.767103809805      70
0.9111111111111114     31977.200100425198      69
0.9122222222222226     32120.132935138743      69
0.9122222222222226     32900.97797956669      70
0.9155555555555559     34062.90009718501      71
0.9100000000000003     31855.51036434208      69
0.9111111111111114     32157.750026863396      69
0.9088888888888893     31356.78988995841      68
0.9088888888888893     31580.95995949992      69
0.9144444444444447     34213.096610545734      71
0.916666666666667     35713.61119054389      73
0.9155555555555559     35048.49141648714      72
