0.8444444444444446     18602.348210766027      53
0.8500000000000001     19226.18032675615      54
0.8422222222222223     18027.83158886261      52
0.8433333333333334     18555.73524003689      53
0.8511111111111113     19272.779862552758      54
0.85     18698.0306968718      53
0.8522222222222223     19281.41723540207      54
0.8500000000000001     19286.164300183198      54
0.858888888888889     20046.912732762878      55
0.868888888888889     21131.226052085396      57
0.8566666666666667     19454.661203014435      54
0.8633333333333335     21346.021431265697      57
0.8633333333333334     20678.724987551832      56
0.8600000000000001     20602.213162800814      56
0.8711111111111115     25844.503894192232      63
0.8711111111111111     24133.993890960875      60
0.8811111111111114     31266.62251197938      70
0.8755555555555556     31523.219645854973      69
