0.9066666666666672     20084.137483734106      51
0.9155555555555559     21696.152325400373      53
0.8888888888888892     19329.66705902412      52
0.898888888888889     19656.584410185777      52
0.9077777777777781     20695.521369118967      52
0.8855555555555559     18434.425821789668      49
0.8977777777777782     19829.179091266935      51
0.9155555555555561     21823.71425996484      53
0.9144444444444451     21801.8340296717      53
0.9200000000000004     22544.743365438193      54
0.9100000000000004     20898.572214178945      52
0.924444444444445     23589.475676885933      55
0.9188888888888894     22453.776990620532      54
0.9166666666666672     22016.513210222805      53
0.924444444444445     24314.75520531202      56
0.898888888888889     29336.14380531539      51
0.925555555555556     27022.571120478402      59
0.925555555555556     28977.632787945287      62
0.9311111111111114     29997.474532366912      62
0.9266666666666671     29546.24803525853      62
0.9311111111111114     33963.35674296333      67
