0.9022222222222225     25362.603243310798      59
0.8633333333333332     22034.016557226005      57
0.8922222222222222     24133.529550222567      59
0.8788888888888887     22380.32238953959      57
0.8888888888888894     22488.903457772267      57
0.8933333333333334     24818.947871758497      60
0.8922222222222225     25083.604319359536      59
0.8766666666666668     22421.835327723      57
0.8544444444444446     22871.054475485347      57
0.9100000000000005     27058.237317518593      61
0.8500000000000003     20963.885644466704      55
0.8900000000000001     23992.911360875467      59
0.9088888888888893     27113.115019000335      61
0.8900000000000002     25099.918425389653      59
0.8955555555555555     25130.692794146093      60
0.7766666666666667     27312.556043962893      51
0.8922222222222224     24947.90109722682      60
0.9066666666666671     26199.889170381342      60
0.8788888888888893     30931.31507385435      56
0.8800000000000003     30958.683075945926      56
0.8711111111111115     29818.56596724344      54
0.8222222222222222     30762.69422530294      54
0.9133333333333337     32672.67141171176      66
0.9222222222222226     37300.92285719898      71
0.9211111111111113     40024.684006914766      64
