0.5722222222222221     7392.664428296735      33
0.543333333333333     7135.4104721476715      33
0.5399999999999997     6479.153228623824      31
0.5566666666666666     7395.332905416143      34
0.5588888888888889     6949.365743271933      31
0.5422222222222219     7113.285346409423      32
0.5111111111111107     6628.373914308008      31
0.5099999999999997     6438.242279747476      31
0.5722222222222221     7591.838284497801      32
0.5377777777777776     6862.047423148735      31
0.5299999999999999     6359.386424144902      30
0.5877777777777777     7474.681454982796      32
0.5877777777777775     7817.650377877336      35
0.5933333333333332     8257.045505076838      34
0.5144444444444441     6726.954701208872      33
0.632222222222222     8760.815054572402      35
0.571111111111111     7262.950988850793      31
0.5255555555555553     6039.732536241786      31
0.5599999999999998     6984.972859891651      31
0.5366666666666663     6164.332030594679      31
0.501111111111111     6161.709894761582      31
0.5911111111111109     8204.292379784329      35
0.5455555555555555     6507.608037863644      31
0.5211111111111107     5901.658636192708      30
0.5933333333333332     7229.750883525629      33
0.623333333333333     7590.9267554602975      32
0.5755555555555553     6768.400618331318      32
0.5299999999999998     6080.0533780491105      31
0.5655555555555553     8814.471051601557      36
0.5066666666666665     6102.460401147632      30
0.5055555555555554     7125.4761154629205      32
0.4911111111111108     7199.987650148308      34
0.6466666666666663     8766.122554957778      35
0.5144444444444441     5775.8461876766305      30
0.6333333333333331     9109.213794722456      36
0.5444444444444444     7747.4412079660615      35
0.6     8622.754522788424      36
0.5211111111111109     6356.73145850669      29
0.6144444444444442     8323.088432878943      35
0.5544444444444444     7234.106228530315      33
0.5855555555555555     7378.474826287534      32
0.5266666666666662     7987.1976546394235      36
0.6266666666666666     8610.19204171897      34
0.5066666666666664     5724.962259293758      29
0.4899999999999997     6620.11738980324      31
0.6111111111111112     9229.433248404848      37
0.6511111111111108     9911.400658996734      38
0.4933333333333331     4990.507836718877      25
0.6577777777777774     8976.812070664912      35
0.6555555555555551     11043.435433706816      41
