0.6111111111111108     8772.744876457144      36
0.5755555555555554     8741.731134903474      36
0.4688888888888885     5770.507739361428      31
0.6111111111111107     8389.936944423418      35
0.5722222222222221     7083.895163950479      32
0.5988888888888887     8751.045983096952      36
0.5688888888888884     8378.362477116129      34
0.6199999999999998     8410.255683457099      35
0.6111111111111112     8185.779900812301      33
0.5711111111111109     8862.701277378574      35
0.6377777777777776     9451.75589892285      36
0.5344444444444442     6713.715348005357      32
0.6055555555555553     9379.453586450314      36
0.46999999999999964     5763.2047755560625      31
0.6266666666666663     8419.589457537499      35
0.4299999999999995     5860.281031221068      32
0.5722222222222221     8732.040160297385      35
0.6355555555555553     9408.55521937793      36
0.6277777777777773     8536.180026687996      35
0.6022222222222219     8953.497831292476      35
0.5599999999999997     6788.724320122973      31
0.6111111111111112     9222.373390463237      37
0.5322222222222218     6955.978672544321      32
0.6466666666666665     9596.290677743798      36
0.6522222222222219     10235.842718500813      37
0.532222222222222     6310.457981255506      31
0.47777777777777736     5734.521358995059      31
0.6155555555555553     8304.752347817477      33
0.6022222222222222     8053.692780467916      33
0.5255555555555553     6390.8519363121195      30
0.5222222222222218     6040.9430786171215      30
0.6277777777777779     9124.0257342669      36
0.4288888888888887     6038.546394602539      30
0.5955555555555552     7362.678408935349      33
0.6511111111111111     10668.61217554815      39
0.5899999999999997     7640.407197072846      33
0.561111111111111     7386.870761953519      33
0.6033333333333332     8073.955731685951      35
0.622222222222222     8748.985025828451      34
0.6055555555555555     8102.369700990248      33
0.6388888888888887     9577.037221015466      36
0.561111111111111     7106.321242324457      31
0.5666666666666667     8815.34490603625      36
0.5533333333333331     6607.91473563605      31
0.6522222222222223     10608.59052995985      39
0.47999999999999965     6027.668606885862      30
0.6366666666666664     9954.342088028818      37
0.6477777777777778     9855.139139641009      37
0.5766666666666664     7491.284121311838      32
0.561111111111111     7683.478334783296      34
