0.9033333333333335     19231.386709734605      50
0.8788888888888888     16373.994212603931      48
0.8933333333333335     18347.351895922766      49
0.8933333333333335     18021.827576079668      50
0.888888888888889     17246.06546759846      49
0.8933333333333335     18136.96685780812      50
0.8844444444444445     17122.798012381732      49
0.907777777777778     20018.53265515463      51
0.9033333333333337     20016.21876231393      51
0.8988888888888892     19107.539532639377      50
0.897777777777778     18938.108743042747      51
0.8888888888888891     18020.820059067548      50
0.9122222222222226     20945.47100510648      52
