0.4844444444444441     6583.400932540189      30
0.4699999999999997     6790.917455080934      30
0.43666666666666626     6371.850728920215      29
0.44444444444444403     6530.391306767144      30
0.5088888888888884     7519.818719387322      33
0.5311111111111108     8004.042395427227      33
0.4644444444444441     6313.387498931644      30
0.4355555555555555     5249.901813464485      27
0.4566666666666663     6428.9231143268125      29
0.43666666666666626     6602.856894282763      30
0.4566666666666663     6624.959155216537      30
0.4466666666666665     6482.342201791818      30
0.45222222222222186     6689.039487980352      30
0.5244444444444442     7563.2415736079265      32
0.4844444444444442     6850.071236558986      31
0.5411111111111107     8415.636433510206      34
0.5488888888888886     8498.262645558636      34
0.4688888888888886     5916.127550491067      28
0.4277777777777775     5997.375874794431      29
0.4899999999999997     6648.694406526952      30
0.563333333333333     9023.939337598076      35
0.49888888888888866     8716.480975994524      35
0.49999999999999967     7063.232975229554      32
0.49888888888888866     6984.436637884454      31
0.5399999999999996     8140.095029311247      33
0.5555555555555554     8956.824016049415      35
0.5611111111111109     8574.870658115382      34
0.5266666666666664     7984.7768624614855      33
0.4433333333333331     5533.488796613769      28
0.4322222222222221     6016.058380555867      29
0.4355555555555555     5248.509059269644      27
0.471111111111111     6781.664925647176      31
0.5644444444444442     8968.417742203397      35
0.5477777777777774     8457.724053875832      34
0.48333333333333295     8380.022694918283      35
0.4233333333333329     5953.806364410057      29
0.5055555555555552     6724.613308236323      30
0.5377777777777774     8041.367451623569      33
0.44999999999999984     5774.396428807331      28
0.5322222222222217     8374.471491538314      34
0.4188888888888886     5472.289192643741      28
0.4899999999999997     6312.350093194025      29
0.4744444444444442     6937.305296753292      31
0.5544444444444443     9237.107549787519      33
0.3422222222222221     4579.517835847636      26
0.46333333333333304     7176.618946005542      32
0.5099999999999998     7472.128161093095      32
0.523333333333333     7724.2910994170425      33
0.3533333333333331     5778.308819176821      30
0.3711111111111109     5158.002978751843      27
