0.5791666666666667     3412.3676491515366      30
0.5166666666666668     3170.164245196383      29
0.5625000000000001     3639.7796030837403      31
0.5625000000000001     4139.638038818762      33
0.5458333333333335     3585.5643943834707      31
0.5000000000000002     2756.347686759116      27
0.5166666666666668     3398.3193246746846      30
0.5458333333333335     3611.063189265056      31
0.5416666666666667     3634.2257574499736      31
0.5541666666666668     3652.348382909348      31
0.5666666666666668     4421.360862587486      34
0.5291666666666668     3927.5338643601012      32
0.5208333333333335     3928.2294839883393      32
0.5291666666666668     4156.1102576129115      33
