0.3144444444444443     18719.23000415261      52
0.3599999999999998     20428.90762439536      54
0.3188888888888888     18873.43348204784      53
0.391111111111111     20450.409363797786      54
0.3544444444444443     19834.81962926124      52
0.3155555555555554     19392.093071814288      52
0.38555555555555543     21383.282900180657      55
0.3144444444444443     19306.93336234273      52
0.3188888888888888     20798.07062189504      54
0.3344444444444444     21491.883652034874      55
0.3944444444444443     22593.181056389898      56
0.39555555555555544     23564.622975715036      57
0.3644444444444444     21709.49798111924      55
0.39555555555555544     24182.51066669599      58
0.3644444444444444     21871.422057502943      55
0.311111111111111     18867.239189533957      53
