0.4999999999999998     31651.65698703095      70
0.661111111111111     33910.4240882715      74
0.4811111111111109     28484.957078349016      67
0.7066666666666664     34048.360105934      74
0.7066666666666664     35381.71041489742      76
0.6633333333333331     37683.00696857895      77
0.6544444444444444     33175.19221128002      72
0.5599999999999998     32132.96055860818      71
0.6844444444444444     38088.15570900695      77
0.5266666666666664     30881.696671509948      71
0.5088888888888885     35494.57848987701      75
0.6299999999999997     36593.49928427029      76
0.623333333333333     36269.42198490943      76
0.5055555555555553     34017.61425800816      72
