0.9755555555555558     21908.154269776503      50
0.976666666666667     19784.131913677706      51
0.9800000000000004     20672.121764786185      52
0.9800000000000003     20460.01983130202      52
0.9800000000000004     20811.467286420702      52
0.9666666666666671     20537.38797768704      51
0.9822222222222226     21360.157875281562      53
0.9833333333333338     21392.9574329368      53
0.9355555555555555     21396.153374636335      49
0.9855555555555561     22307.689591199924      54
0.9855555555555561     29680.328670482842      59
0.9855555555555561     26538.09846410591      60
