0.9811111111111115     21552.879058563965      53
0.9811111111111114     21557.127985068713      53
0.9844444444444448     22630.67441232005      54
0.9833333333333337     21951.929822447717      53
0.9855555555555561     22830.940115262783      54
0.9822222222222227     21839.449238191246      53
0.9833333333333338     22514.64250666964      54
0.9877777777777783     24310.69164016924      56
0.9866666666666672     23019.383531132233      54
0.9833333333333338     22560.85812227979      54
0.9855555555555561     22916.582354533057      54
0.9844444444444449     22633.230618171056      54
0.9833333333333337     23154.242968614442      54
0.9866666666666672     23609.20153585959      55
0.9788888888888894     24228.72690338975      52
0.9744444444444448     24092.511755036205      53
0.9822222222222228     24909.403954819587      53
0.9722222222222225     24231.875274351427      52
0.9833333333333337     25029.371201569054      53
0.9844444444444449     25695.67811804766      54
0.9866666666666672     26830.447182723463      54
