0.8666666666666657     1575.252629884922      21
0.816666666666666     1007.426656324391      17
0.8083333333333327     684.7184973215697      14
0.8666666666666657     1686.7794328232333      22
0.8708333333333323     2034.3211356650315      24
0.8333333333333325     1133.76397618462      18
0.8708333333333323     2059.1692862526247      24
0.8374999999999992     1134.7378659121277      18
0.874999999999999     2229.6418918419504      25
0.8666666666666657     1726.827856882973      22
0.8708333333333323     2170.475625179572      25
0.8124999999999993     1113.0666154376315      18
0.8708333333333323     2219.076801214866      25
0.7749999999999995     882.0981693084049      16
0.7166666666666665     988.1403964952852      17
0.8666666666666657     1834.2207533547885      23
0.8708333333333323     2370.8091432514084      26
0.8291666666666659     1118.3863659761741      18
0.816666666666666     1252.7589740408946      19
0.862499999999999     1274.2455393087478      19
0.8666666666666657     1846.9034997311408      23
0.862499999999999     1568.3893402138283      21
0.8499999999999991     1519.6037444114754      21
0.862499999999999     1738.1738973736215      22
0.8583333333333324     1550.0742793150612      21
0.8124999999999991     1141.3941307103044      18
0.8666666666666657     1850.4715162602222      23
0.8708333333333323     2382.0608051227227      26
0.8708333333333323     2402.561008850791      26
0.8499999999999991     1549.955687626648      21
0.8458333333333324     1304.4733106110384      19
