0.8124999999999992     713.8211838836445      14
0.8083333333333326     620.7492316920917      13
0.8374999999999991     923.7426362263541      16
0.8416666666666658     1031.610976343239      17
0.8374999999999991     1013.8795462115828      17
0.8124999999999992     800.4943972984769      15
0.8208333333333325     819.2579981780639      15
0.766666666666666     590.3259167305583      13
0.7333333333333328     579.1577602202402      13
0.7916666666666661     683.9749887262892      14
0.8541666666666657     1148.6395082339945      18
0.8499999999999991     1033.752461294255      17
0.8124999999999992     810.2290285462319      15
0.8083333333333326     725.6774745011819      14
0.8416666666666658     1036.185030517627      17
0.8583333333333324     1602.8316895612672      21
0.7916666666666661     687.993324662295      14
0.8374999999999991     1043.0176839357105      17
0.7874999999999994     770.0173323221553      15
0.8541666666666657     1160.3122684417287      18
0.8458333333333324     1085.508037137472      17
0.8416666666666658     1059.5482038537186      17
0.8541666666666657     1313.5013944926027      19
0.8374999999999992     1143.622655826609      18
0.8333333333333326     1025.0571346690208      17
0.8333333333333325     826.2783970852146      15
0.8499999999999991     1166.7125123335393      18
0.8208333333333326     892.5526205242628      16
0.8541666666666657     1318.5299999919487      19
0.8499999999999991     1286.9444000421156      19
0.8499999999999991     1302.44628742162      19
0.8291666666666659     911.9536779271273      16
