0.8458333333333324     1172.6081595840994      18
0.8374999999999991     954.2063661758516      16
0.8416666666666657     965.3329527333087      16
0.8499999999999991     1186.4507107912132      18
0.8124999999999992     725.1774476201451      14
0.8416666666666658     1170.7451619760886      18
0.8541666666666656     1187.0927392255667      18
0.8333333333333325     916.4174871612684      16
0.7874999999999993     638.1801261635466      13
0.7958333333333327     798.6175489764262      15
0.862499999999999     1445.229630660362      20
0.8541666666666656     1203.2563301224595      18
0.8583333333333323     1456.1624827894398      20
0.8583333333333324     1456.3637334724692      20
0.7666666666666662     699.032112953475      14
0.7041666666666664     672.3327841198078      14
0.8291666666666658     1028.3979869814486      17
0.7833333333333328     795.6194549788081      15
0.8124999999999992     814.241236527722      15
0.7624999999999993     723.5739891661701      14
0.8249999999999992     822.3757835430926      15
0.8541666666666656     1324.7047745954983      19
0.849999999999999     1191.4832448361922      18
0.8458333333333323     1202.6936574994056      18
0.8291666666666657     1041.9784626248736      17
0.7458333333333328     802.5436249741972      15
0.8541666666666656     1327.5098412373288      19
0.7958333333333326     1034.426150164      17
0.8374999999999991     1044.287167081017      17
0.8083333333333326     1047.7412897975325      17
0.849999999999999     1343.3552044339222      19
0.8208333333333325     1174.6311049334226      18
0.8083333333333326     1161.1948816593451      18
0.7999999999999993     1055.6320951530226      17
0.8291666666666658     1324.8754521858643      19
0.8208333333333325     1175.294169307709      18
