0.8499999999999991     799.3358991353151      15
0.8499999999999991     825.569367955229      15
0.7541666666666662     431.0365017803604      11
0.8541666666666657     922.1311893692648      16
0.7458333333333329     375.8000311243624      10
0.8499999999999991     835.3960579237978      15
0.8541666666666657     1027.9398422732233      17
0.7541666666666661     445.49527148773427      11
0.8499999999999991     894.7953607477056      16
0.8541666666666656     1166.1961752288428      18
0.8541666666666657     1291.0687290969015      19
0.8458333333333324     812.0352221538973      15
0.7708333333333328     510.40475999716347      12
0.8333333333333325     611.9174448020741      13
0.8124999999999992     615.8079975161696      13
0.7708333333333327     448.4609915695234      11
0.8499999999999991     896.4927593518056      16
0.8499999999999991     1008.231354630453      17
0.7999999999999993     528.5250625036454      12
0.8416666666666658     694.670653307294      14
0.7999999999999994     774.9999088563549      15
0.8208333333333326     893.0554488679448      16
0.8458333333333324     901.7759596913262      16
