0.7077777777777773     6838.145755914186      32
0.7077777777777773     6734.721749497124      32
0.6677777777777775     6723.7380273198405      32
0.6555555555555549     6814.485572102555      31
0.6588888888888884     6434.140354053995      31
0.7055555555555554     8138.408935982246      35
0.6788888888888884     6195.4712962778785      30
0.6544444444444443     6292.021637375832      28
0.7277777777777772     7884.850224353895      34
0.6766666666666663     6840.0383958286675      31
0.6811111111111108     7947.725960526768      35
0.7022222222222219     6613.826319461254      31
0.6855555555555551     7755.493973503289      34
0.7077777777777773     7278.993911465894      33
0.7333333333333328     8700.14600193634      36
0.733333333333333     8333.497795223908      35
0.752222222222222     8122.803578039336      34
0.7877777777777779     8870.30681272949      35
0.6811111111111108     6486.141596582995      31
0.6555555555555549     6514.19434386683      30
0.7088888888888885     7649.101706165351      32
0.7777777777777778     8806.04679835107      35
0.7433333333333333     7705.518283642152      33
0.7088888888888885     8142.306122390763      33
0.6677777777777771     6195.302477393311      30
0.5855555555555549     6165.911998728981      31
0.6588888888888884     6058.780058009565      30
0.7555555555555555     8422.104883961601      34
0.6999999999999998     8392.512516924047      35
0.6688888888888883     7808.27377133141      34
0.6911111111111105     8385.900976421186      36
0.5811111111111105     5036.453865028024      28
0.7877777777777779     9225.792856447784      36
0.6588888888888884     7149.258267613147      33
0.7644444444444445     8478.240440028221      35
0.8011111111111111     12590.749758743594      43
0.7955555555555556     15211.112363044918      48
0.7277777777777772     7572.62838836934      33
0.7811111111111111     12037.879691825456      42
0.7811111111111111     11566.395021117074      41
0.8044444444444444     14726.679535330366      47
0.7611111111111112     9458.688081635128      38
0.6033333333333328     6780.347779984442      31
0.7911111111111111     9697.031613236739      37
0.8011111111111111     12929.081710265978      43
0.7999999999999999     11128.822089780086      40
0.8044444444444444     15415.36609853761      48
0.7811111111111111     14161.195396044162      46
0.5755555555555547     6868.585656753774      32
0.8088888888888889     17159.177157551472      51
