0.9522222222222225     22810.754337729002      53
0.956666666666667     28872.721925201182      53
0.9511111111111116     22691.295832954445      53
0.9588888888888892     29619.583373028338      54
0.9488888888888892     21956.28003124769      52
0.9577777777777782     24464.681459341737      55
0.9555555555555559     23589.856460603864      54
0.964444444444445     31421.792539536702      56
0.9600000000000004     29771.818948154632      54
0.9533333333333337     22838.451029347983      53
0.9622222222222228     30535.070025530917      55
