0.9655555555555562     26399.27866970767      57
0.9600000000000004     24569.136682338925      55
0.9588888888888893     24582.90179366868      55
0.9577777777777783     23190.190544404442      55
0.9633333333333338     25572.095965992987      56
0.9522222222222225     22204.570052860745      54
0.9566666666666671     23736.59232289523      56
0.9544444444444448     22922.391655803614      55
0.965555555555556     26315.314331507896      57
0.9622222222222228     24746.629316233386      57
0.9566666666666671     23746.827608397274      56
0.9577777777777782     24322.762020046965      55
0.9600000000000006     24007.078961603213      56
0.964444444444445     26124.745297525387      57
0.9622222222222228     25384.00758819511      56
0.9677777777777784     27152.12108297392      58
0.9500000000000005     22759.265287775877      55
0.9466666666666671     22042.58846134502      54
0.9566666666666672     24403.648952782212      55
0.9544444444444449     23009.14667220102      55
0.9444444444444448     21251.650977810124      53
