0.8791666666666655     1235.0084547192673      18
0.8874999999999988     1710.0131090574137      21
0.8374999999999991     749.2807417376399      14
0.8166666666666658     738.4084580228418      14
0.8708333333333323     1087.1952519882163      17
0.8249999999999992     743.8870429211865      14
0.8249999999999992     753.4714074196727      14
0.8541666666666657     851.6055309167083      15
0.791666666666666     632.2029791942624      13
0.7458333333333328     543.6074963407276      12
0.816666666666666     739.0982257622276      14
0.7416666666666661     609.5052728977583      13
0.8666666666666657     946.322390961721      16
0.7291666666666662     524.596277365499      12
0.8124999999999993     632.9409016837902      13
0.8874999999999988     1885.14121228072      22
0.7999999999999993     721.985344612352      14
0.8458333333333324     950.5638232772485      16
0.7874999999999993     732.8086920847654      14
0.8333333333333325     837.5021697104369      15
0.8166666666666659     759.3722392197772      14
0.8416666666666658     867.3300568083016      15
0.8833333333333322     1268.2489122670684      18
0.8333333333333324     842.1443002051225      15
0.8666666666666657     957.8606728663301      16
0.779166666666666     644.897130463119      13
0.7749999999999994     635.1736423287515      13
0.8749999999999989     1096.6326903313013      17
0.8708333333333322     1097.191183544476      17
0.8208333333333324     858.5143592245769      15
0.8208333333333326     943.4600466965181      16
