0.862499999999999     1119.1178377491094      17
0.8833333333333322     1853.9070735901846      22
0.7708333333333327     734.3585209904811      14
0.8416666666666658     951.7118012239205      16
0.7833333333333325     848.4796678400878      15
0.8291666666666658     867.780174786016      15
0.8249999999999992     959.9004340909808      16
0.7458333333333327     733.9544929122305      14
0.8083333333333326     865.6053340575921      15
0.8166666666666659     940.3269459239614      16
0.7874999999999992     963.1587206316062      16
0.8291666666666658     975.2300745437535      16
0.8249999999999991     973.084665257928      16
0.741666666666666     742.428029464729      14
0.8708333333333323     1124.4868151991338      17
0.8583333333333324     990.2389352754689      16
0.8374999999999991     977.7239123658389      16
0.8416666666666658     988.8276142189952      16
0.7833333333333325     855.9686350408122      15
0.8166666666666658     985.802803321817      16
0.8791666666666657     1270.4127574072857      18
0.8083333333333325     987.9270600135786      16
0.8374999999999991     1088.6909568659253      17
0.8791666666666657     1429.218011392288      19
0.8499999999999991     1117.5725443458277      17
0.8583333333333324     1222.1394454102838      18
0.8374999999999991     1109.139678967346      17
0.8041666666666658     1092.1626602164295      17
0.8583333333333324     1230.7499072755222      18
0.7833333333333325     950.8258293182599      16
0.8541666666666656     1379.451370338155      19
0.7958333333333326     1127.884561799474      17
