0.8083333333333326     713.8808908484677      14
0.8374999999999991     961.8436609499889      16
0.8333333333333325     931.9407851718375      16
0.8874999999999988     1634.405210580055      21
0.874999999999999     1215.0423363981213      18
0.7708333333333326     734.9451038203302      14
0.8666666666666657     1066.4637394707174      17
0.8291666666666658     1063.54572723397      17
0.8374999999999991     1070.9033016596632      17
0.8374999999999991     1070.9517391111333      17
0.8791666666666655     1692.6720263885557      21
0.8708333333333323     1219.059162012008      18
0.8583333333333324     1527.0980189416755      20
0.8583333333333324     1651.0531988750736      21
0.8583333333333323     1527.6226653644276      20
0.8499999999999991     1202.7400400373415      18
0.8499999999999991     1248.9417854436833      18
0.8541666666666656     1359.3031093491131      19
0.8208333333333325     815.668989429875      15
0.8124999999999991     921.3153965336704      16
0.7999999999999992     828.3556435709933      15
0.8708333333333322     1659.189617205002      21
0.837499999999999     1065.3440090401173      17
0.862499999999999     1823.8639102210032      22
0.8458333333333324     1215.9781113234828      18
0.8249999999999992     931.0137580761804      16
0.8416666666666658     1079.6764301116514      17
0.8583333333333323     1544.5109028102497      20
0.8208333333333324     960.6415107947576      16
0.862499999999999     1878.2829379310015      22
0.8541666666666656     1368.874124528849      19
