0.8791666666666655     1608.994188031073      21
0.8291666666666658     1038.5200318184898      17
0.874999999999999     1324.1817983727253      19
0.8666666666666657     1328.4434973693553      19
0.8124999999999992     1029.6208471302916      17
0.8541666666666657     1044.3047012699715      17
0.7374999999999996     787.9855130050726      15
0.862499999999999     1170.4448843973241      18
0.8791666666666657     1625.8331019287532      21
0.8833333333333322     1636.0866051129467      21
0.7833333333333328     1012.2794542263325      17
0.7583333333333326     932.3660920373515      16
0.8666666666666657     1435.9440501495935      20
0.8541666666666657     1070.385195831084      17
0.8333333333333325     1167.564816660671      18
0.8166666666666659     1039.038395589286      17
0.862499999999999     1306.315962034869      19
0.8291666666666658     1174.4734746712727      18
0.8583333333333324     1180.6549112751961      18
0.8583333333333324     1181.6529320856444      18
0.8833333333333322     1766.3237031702997      22
0.862499999999999     1462.6737027277102      20
0.874999999999999     1468.081196765571      20
0.874999999999999     1612.6389515437709      21
0.8583333333333324     1363.225292241506      19
0.8249999999999992     1165.6878400589947      18
0.8166666666666659     1157.240265764081      18
0.8708333333333323     1578.629938616476      21
0.8791666666666655     1949.2146690276998      23
0.8624999999999989     1463.9252836199785      20
0.8791666666666655     1954.3922680816902      23
0.804166666666666     1042.4320080619757      17
0.8374999999999991     1187.8991297587045      18
0.8374999999999991     1311.7786781604148      19
0.862499999999999     1611.7019666925173      21
0.8416666666666658     1453.6427832123647      20
