0.7166666666666662     525.48415633712      12
0.8708333333333322     984.1923078168136      16
0.8749999999999989     1093.9199096053696      17
0.8874999999999988     1642.6155637360623      21
0.8791666666666655     1404.2471867013005      19
0.7541666666666661     536.8875897790434      12
0.8333333333333325     837.5907780632019      15
0.7958333333333325     553.1977983975502      12
0.8666666666666656     1067.633679085472      17
0.8291666666666658     732.4659284123511      14
0.8583333333333324     857.4010814995287      15
0.8166666666666659     727.2787476412087      14
0.7499999999999996     532.338908662944      12
0.7374999999999995     531.7173258133274      12
0.8041666666666659     630.8709169340201      13
0.8833333333333322     1722.6908356674974      21
0.8708333333333322     1529.7749295451943      20
0.8791666666666655     1863.919571271208      22
0.7958333333333325     629.738987040617      13
0.8583333333333324     984.8787226923633      16
0.8124999999999992     738.1940192824618      14
0.8499999999999991     879.3619167857247      15
0.862499999999999     1214.9388999429866      18
0.8458333333333324     1006.4422256478161      16
0.8416666666666658     948.9164394342142      16
0.8374999999999991     864.021806108688      15
0.8374999999999991     868.5264797343278      15
0.8249999999999992     743.2354802521813      14
0.8083333333333326     636.8965259847245      13
0.8333333333333325     839.8342536354694      15
0.7874999999999993     537.3709008044756      12
0.8291666666666658     744.1704123799165      14
0.7749999999999994     540.6044737890766      12
0.8374999999999991     962.2893814230149      16
0.8291666666666658     936.4372326669164      16
0.8583333333333324     1102.2523823986025      17
0.8499999999999991     1169.3344652511576      17
0.7541666666666661     619.197559128048      13
0.8541666666666657     1194.105521040172      18
