0.862499999999999     956.7233473675919      16
0.8749999999999989     1087.0076219236853      17
0.8833333333333322     1678.494120884758      21
0.8208333333333326     717.2365635440078      14
0.791666666666666     624.4501781439999      13
0.8749999999999989     1198.3131221951724      18
0.8791666666666655     1401.0674177260269      19
0.766666666666666     629.6027670178594      13
0.8208333333333324     816.7717600723457      15
0.8208333333333324     820.7750096930289      15
0.8791666666666655     1552.8849543918204      20
0.8124999999999991     823.2026592501209      15
0.8666666666666656     956.9857572784796      16
0.8749999999999989     1209.675049714402      18
0.8666666666666656     1220.9798315734818      18
0.8541666666666657     830.0875606649415      15
0.8499999999999991     937.8156965361432      16
0.8499999999999991     1055.1461509287715      17
0.8749999999999989     1330.3536850766036      19
0.8499999999999991     1080.439225758134      17
0.8624999999999989     1203.181932738542      18
0.8458333333333324     943.4885224331883      16
0.8333333333333325     838.5162411966628      15
0.8666666666666656     1351.4801013130605      19
0.8708333333333322     1352.9596540983362      19
0.8416666666666658     974.004864235553      16
0.8083333333333325     711.7662218405064      14
0.8291666666666657     835.0213833957181      15
0.8416666666666657     1087.9269105052376      17
0.8083333333333325     826.2660049960735      15
