0.8291666666666658     839.1843886179129      15
0.7499999999999993     618.780330035212      13
0.8791666666666655     1205.4002522151686      18
0.7124999999999996     521.5454339659432      12
0.8791666666666655     1323.5064436494242      19
0.8874999999999988     2011.9499935471858      23
0.8833333333333322     1347.612446374104      19
0.7083333333333329     523.9964570260393      12
0.8791666666666655     1367.0257161297645      19
0.7374999999999995     539.4681814234613      12
0.8374999999999991     944.1093017482984      16
0.8458333333333324     955.3392216818559      16
0.8124999999999991     740.0817659820882      14
0.8749999999999989     1220.6553006118081      18
0.7083333333333329     530.9111669848199      12
0.8041666666666658     819.9796970785103      15
0.8124999999999992     843.8243302816443      15
0.7958333333333326     728.076747779461      14
0.8791666666666655     1508.6372515324692      20
0.8458333333333323     959.2306930199671      16
0.7958333333333325     809.2222824212445      15
0.8791666666666655     1517.8499450259721      20
0.7083333333333329     605.5673921179409      13
0.8749999999999989     1231.3858456217597      18
0.7708333333333327     722.1726090367737      14
0.7124999999999997     616.2936886367173      13
0.837499999999999     849.1443822558488      15
0.7041666666666662     521.2990114602968      12
0.7374999999999994     616.4739243266207      13
0.8708333333333322     969.1029414558005      16
0.7833333333333325     725.2635039365249      14
0.7499999999999994     623.0083208569329      13
