0.4666666666666663     6044.953000450111      29
0.5733333333333333     10347.105889766695      35
0.5388888888888886     7985.728779878992      33
0.491111111111111     6105.234963269413      29
0.4399999999999997     5934.68020994367      30
0.5233333333333331     6941.084333764622      30
0.5677777777777775     9878.346066964194      37
0.5155555555555552     7080.885689882439      31
0.4444444444444443     5961.557085524493      29
0.533333333333333     7731.763637228271      32
0.5599999999999997     9826.568737068379      36
0.48444444444444407     6301.190846845726      29
0.5366666666666663     7900.7752572449745      33
0.5577777777777775     8849.552988351468      34
0.47333333333333316     6878.559842416265      28
0.5833333333333333     10520.154596445283      35
0.4311111111111112     6070.938746704205      29
0.5933333333333332     15130.610434784281      45
0.4744444444444443     6382.258523260474      29
0.5877777777777776     13194.66810483078      41
0.5599999999999996     10757.461571490605      39
0.5166666666666664     7133.016654688622      31
0.5577777777777775     9206.139793361914      35
0.5033333333333329     6472.7577207911      30
0.5844444444444443     13665.39872967002      40
0.5088888888888885     6950.172111458544      30
0.5188888888888886     7153.1679814822555      31
0.5688888888888886     11068.766838905249      39
0.5766666666666664     14979.726303238906      47
0.5399999999999998     8372.084869052762      34
0.4999999999999998     6980.275513650036      31
0.4666666666666663     6074.388243900959      28
0.5644444444444442     10792.809348528042      39
0.3344444444444442     5326.678983682752      29
0.36777777777777737     5908.626362383908      31
0.5377777777777774     9471.769286004386      37
0.5755555555555554     11225.495223709111      39
0.5277777777777777     7382.1060451966905      31
0.4155555555555553     6539.704537788871      31
0.48999999999999966     13929.304129265807      43
