0.503333333333333     6830.033457568858      31
0.542222222222222     8823.949061183112      35
0.553333333333333     9888.678402652578      35
0.4655555555555554     6320.668137945037      29
0.48666666666666647     6383.970210666      28
0.4644444444444442     5901.854226622517      28
0.5211111111111109     7245.078169598847      32
0.5644444444444442     10213.577347051232      38
0.5588888888888887     9811.637122675955      37
0.4911111111111109     6562.554846908904      29
0.4566666666666664     6225.774246503018      30
0.34333333333333327     4243.445227967127      24
0.5744444444444443     14938.80678373797      46
0.5866666666666666     16152.896176912951      47
0.463333333333333     6612.826488821994      30
0.5677777777777775     10962.767265612178      39
0.42222222222222194     5231.13102871816      26
0.4077777777777775     5743.946386770029      28
0.5244444444444443     7349.2554628805965      31
0.4855555555555552     6876.988657227121      32
0.5699999999999998     12372.596956632096      40
0.5377777777777776     7724.7954503051305      32
0.5599999999999997     12658.00757847089      43
0.5755555555555555     15107.362936591875      44
0.5533333333333331     10635.184458008378      39
0.5411111111111109     7901.416596108406      32
0.5333333333333329     7572.191158278939      32
0.563333333333333     13753.707088567642      44
0.4622222222222221     6886.523885964981      30
0.5355555555555553     8207.475978886901      33
0.513333333333333     7071.055080449818      31
0.44999999999999973     6262.376331894739      30
0.40333333333333315     5005.84150801324      27
0.492222222222222     6950.828872579375      30
0.553333333333333     9962.79740097546      35
0.5533333333333331     11144.297441377877      40
0.5488888888888886     9207.349631781779      36
0.5422222222222219     8400.321539786133      33
0.5233333333333331     9762.904361984054      37
0.5199999999999998     7782.995160027255      32
0.5499999999999996     10870.653887360086      39
0.5033333333333331     7887.322733289405      32
0.5255555555555554     14447.045662198696      45
0.4466666666666663     5820.427847153205      29
0.4044444444444441     7557.0521015055365      32
0.5144444444444441     13924.440578866412      46
