0.4177777777777775     5679.01917652563      27
0.49333333333333296     6520.750820968744      30
0.5199999999999997     7216.85207695842      31
0.47666666666666635     6271.310624249538      30
0.4199999999999999     5353.841726708133      28
0.4577777777777775     5598.276178927497      28
0.5144444444444441     6567.02948671643      30
0.5722222222222221     9515.511440765626      36
0.5666666666666664     9623.87726676036      36
0.46999999999999964     5824.551660123474      28
0.45333333333333303     6467.181791736163      27
0.48888888888888865     6395.495705541991      30
0.4777777777777775     8135.732666980413      29
0.3944444444444442     5248.08117765264      28
0.5744444444444442     10440.185068941306      38
0.44555555555555537     5524.59874172283      28
0.4577777777777775     7686.433573894258      29
0.49555555555555514     7176.947237252685      32
0.49333333333333296     6876.265597198824      31
0.5722222222222221     9907.374688688828      37
0.3611111111111108     5366.151190722127      28
0.4599999999999997     6645.5183871861345      31
0.563333333333333     7450.260208021484      30
0.5155555555555552     8408.86526311453      31
0.44999999999999973     5881.675651689582      29
0.4922222222222219     7154.704542641354      31
0.3999999999999998     5627.549492032964      27
0.5522222222222218     10326.027924743827      38
0.48888888888888854     6845.265660665297      31
0.39999999999999986     6737.735834189341      30
0.5511111111111108     11030.983230812577      39
0.44444444444444414     6486.21573609506      31
0.49666666666666637     9845.800551305247      34
0.49555555555555525     7527.215325146339      33
0.4766666666666664     7706.5945396189545      33
0.42555555555555546     6429.3876017734965      31
0.3966666666666665     6446.392376032846      29
0.3733333333333331     9529.289320258837      35
0.563333333333333     11257.602777408349      40
0.5577777777777775     11619.051932330625      40
0.513333333333333     8927.419501562044      36
0.5344444444444441     10159.75089441502      38
