0.23777777777777767     24434.51832083598      75
0.18111111111111092     23593.923132155614      73
0.22444444444444428     24429.563787356274      75
0.16666666666666652     23630.216903679222      73
0.19333333333333313     23972.1110117493      74
0.19777777777777772     24968.58319404729      75
0.20222222222222203     25109.68954344626      75
0.19444444444444436     24710.719417839013      75
0.19666666666666646     25147.66066689941      75
0.17444444444444424     25165.575570914814      75
0.16222222222222205     24870.870404421432      75
