0.14555555555555544     22413.568580903604      71
0.21666666666666648     24621.227023030464      75
0.21444444444444427     24925.271258786623      75
0.20777777777777762     24885.32700412032      75
0.20555555555555544     25414.35549467066      75
0.19555555555555543     24645.99110758821      75
0.20222222222222205     24838.567652765934      75
0.19555555555555548     24885.56186724846      75
0.19333333333333313     25262.429983648886      75
0.17999999999999994     24747.414850907247      75
