0.20777777777777764     24662.057905109432      74
0.21444444444444438     24291.8779763844      75
0.21999999999999978     24410.6873844586      75
0.2299999999999999     24824.0148412934      75
0.23333333333333311     25366.6600873924      75
0.2233333333333332     25235.172025552172      75
0.1822222222222221     24938.174003084903      74
0.23222222222222202     25300.2718453594      75
0.19666666666666646     24472.931096112927      75
0.20333333333333317     25257.127168032897      75
0.16666666666666655     24768.08981450197      74
0.13666666666666658     25035.570891174943      75
0.20666666666666658     25291.35407044025      75
0.1844444444444443     25166.85737784017      75
0.19666666666666652     25334.630878024032      75
