0.2077777777777777     5118.743773033655      33
0.19333333333333325     3640.5001241269592      28
0.17444444444444432     3120.3137494135995      26
0.2166666666666666     5228.294843448571      33
0.2066666666666666     5341.3753439317325      34
0.14333333333333326     2335.2762285487524      23
0.1722222222222221     2844.8965672431186      25
0.1788888888888888     3210.003044959354      26
0.161111111111111     2608.1980701764196      24
0.15555555555555547     3069.5294921333248      25
0.2166666666666666     5828.519848951746      35
0.21444444444444438     6070.350712056495      36
0.18444444444444433     3348.770671795993      27
0.12777777777777768     2273.1897967327604      22
0.21888888888888883     6350.842954775754      37
0.20666666666666658     4839.156999683664      32
0.11111111111111102     2026.235824704105      21
0.20555555555555546     3989.5153995620335      29
0.09444444444444439     1591.5775481822643      19
0.1988888888888888     5234.3422156818015      33
0.19333333333333325     4136.982652644747      30
0.2077777777777777     5686.69078196054      35
0.14777777777777767     2718.820511659819      24
0.13222222222222213     2569.343629779527      24
0.20111111111111105     6371.116248018096      37
0.09999999999999994     2512.660931279389      24
0.15555555555555547     3088.591021864652      25
0.18888888888888875     4727.078382759807      32
0.1788888888888888     3593.6721755647127      27
0.2077777777777777     6674.619710382399      38
0.1788888888888888     4174.860147348413      29
0.19555555555555548     5307.9952000529875      34
0.1822222222222221     4836.768099288546      32
0.0977777777777777     2409.140487852551      23
0.19888888888888878     5950.684596566396      36
0.16333333333333325     4457.604247158145      31
0.1477777777777777     3693.840199406864      29
0.1455555555555555     3005.8942038283103      26
0.1666666666666666     4893.4563737061435      32
0.18222222222222215     5156.306847254768      32
