0.2155555555555555     5268.306085681777      33
0.19333333333333325     3227.963927756263      26
0.22222222222222218     6183.539912275279      36
0.18222222222222215     2941.00053234105      25
0.201111111111111     4117.46853535347      28
0.2177777777777777     5298.83983558321      33
0.17666666666666658     2721.461012343624      24
0.21999999999999995     6175.67801939846      36
0.21444444444444438     5112.721883503091      33
0.18555555555555545     2945.2932413926346      25
0.18222222222222215     3116.1814116207765      26
0.19888888888888875     3827.9082673151415      27
0.21888888888888886     5339.907334817052      32
0.19333333333333325     3968.311515333716      29
0.22222222222222218     6321.139854998442      36
0.12888888888888875     2230.234948053232      23
0.21444444444444435     4611.376907500959      31
0.2177777777777777     5624.568992889868      34
0.16666666666666655     2892.3129036681407      25
0.17444444444444437     3317.0034802726377      27
0.1688888888888888     3300.0434868459743      25
0.21777777777777774     5655.667191957301      34
0.2177777777777777     6381.125288589685      36
0.15555555555555545     2805.6475489971745      25
0.1799999999999999     3577.4500688017433      26
0.2066666666666666     3996.6846972009107      29
0.201111111111111     4876.573625829044      31
0.19444444444444436     4106.185583430277      30
0.21999999999999995     6809.102796059277      38
0.17222222222222214     3114.816328650952      26
0.18888888888888875     3470.109207141966      27
0.20444444444444437     5058.908714235711      33
0.17555555555555544     4038.415888209906      28
0.17444444444444435     4212.01827329625      30
0.151111111111111     2560.7673553262002      24
0.21444444444444438     5152.454369903782      33
0.21555555555555547     5885.8880119410915      34
0.16444444444444434     3741.9053957146302      28
0.2055555555555555     7220.695824703358      39
0.19888888888888875     4302.17088385935      29
0.22222222222222218     7262.9685953909175      39
0.2077777777777777     7729.333987576247      40
0.16666666666666655     4065.470018024507      30
