0.8777777777777778     6247.482411561146      27
0.9133333333333334     8402.524989826887      31
0.8988888888888891     7349.918397798059      30
0.9133333333333333     8266.815961034472      32
0.9200000000000003     8351.19287356628      32
0.9277777777777781     9769.090747720324      33
0.9233333333333338     9124.471307488915      32
0.9311111111111116     10839.313377047438      36
0.8277777777777775     5868.692946313454      27
0.8833333333333332     6280.751187907585      27
0.9077777777777777     7534.111626349577      30
0.9188888888888891     8324.300678965405      32
0.9233333333333337     8477.987995380532      32
0.8788888888888889     6600.775527951479      29
0.9144444444444448     9629.939729894508      32
0.9177777777777779     9178.070840403967      33
0.9144444444444446     9038.114190377097      33
0.9077777777777777     7534.134785733304      30
0.9311111111111116     11109.389721598869      37
0.8777777777777778     6504.476532013625      28
0.872222222222222     6495.576330778125      28
0.9288888888888892     11239.973289837944      36
0.9077777777777777     7862.388228669539      31
0.925555555555556     9622.70252491827      33
0.901111111111111     7413.143266722867      30
0.9166666666666669     9088.2077735752      34
0.9233333333333338     9481.440134194456      33
0.9077777777777777     8206.809359018198      32
0.9188888888888891     9420.948486913063      35
0.8533333333333333     6339.553431059907      28
0.8622222222222222     6469.261243539243      29
0.8988888888888891     7497.164043668167      30
0.9155555555555557     9181.623410596421      33
0.9222222222222227     9857.490849062067      33
0.9133333333333334     8750.302427794737      32
0.9155555555555557     9183.636065615006      33
0.8844444444444443     6626.419875057369      28
0.9277777777777781     10085.36218428058      34
