0.9077777777777779     8157.991720158948      32
0.9211111111111113     10236.379033822785      37
0.8244444444444439     6135.966733277127      28
0.9133333333333336     8557.25166374383      32
0.8877777777777779     7096.768681474325      30
0.821111111111111     5887.756159167895      28
0.8522222222222221     6484.765145897588      29
0.8544444444444446     7129.260769518585      29
0.8533333333333333     6649.6097044402      29
0.9000000000000002     7168.532956337283      30
0.733333333333333     5225.475559134581      26
0.8277777777777772     6156.615727114922      28
0.7944444444444441     5435.082253929821      26
0.9055555555555557     9034.62532910432      34
0.8188888888888886     6646.569294913539      29
0.9055555555555557     9267.942907482357      35
0.7922222222222218     6081.781505565433      28
0.7955555555555555     6608.700632038934      30
0.7877777777777774     6429.608992753781      29
0.8499999999999999     6886.488513957158      30
0.9300000000000004     10394.646914650151      36
0.9000000000000002     8287.091325862057      32
0.926666666666667     10267.58728630771      36
0.8655555555555554     7092.137187913338      30
0.7444444444444441     5589.958971038348      27
0.9022222222222223     8793.825643507713      33
0.8944444444444446     8251.43667518957      33
0.7544444444444443     5943.204538039859      28
0.9188888888888892     11117.454992461238      38
0.8566666666666667     7128.166447963016      30
0.8544444444444445     6957.9948028226045      29
0.9155555555555559     9373.194866035521      34
0.8877777777777779     7129.676302797431      30
0.8355555555555554     7046.474704102663      30
0.9055555555555557     9427.115704252496      35
0.831111111111111     6905.942230724746      30
