0.8177777777777778     6002.02372695439      26
0.83     5855.104946439042      27
0.8144444444444445     5547.749722439573      25
0.7366666666666664     3843.0109988601544      21
0.8444444444444444     6542.926411939135      29
0.837777777777778     6451.231699429763      27
0.7711111111111111     4129.566625774282      22
0.8022222222222222     4752.04323344699      23
0.8011111111111111     4837.043086758029      24
0.8933333333333338     9138.573558580427      32
0.8933333333333338     9485.465208968973      33
0.7599999999999999     4072.4856304313384      21
0.8277777777777778     5732.455828164781      27
0.9011111111111112     9493.302636570874      34
0.9277777777777783     9871.216092345732      32
0.7777777777777776     4699.446201887526      24
0.8788888888888887     6715.5464237059305      28
0.8599999999999999     6963.223450668846      28
0.882222222222222     7671.780977976459      31
0.8955555555555557     9973.518219857153      33
0.8144444444444446     5504.0944916356775      26
0.8077777777777779     5656.141201143525      25
0.8700000000000003     7771.567247375493      29
0.741111111111111     4267.616783955649      23
0.8055555555555552     4870.111319742249      24
0.7711111111111111     4361.983619887716      23
0.841111111111111     6228.53083113098      28
0.8588888888888889     7904.993069755321      31
0.8355555555555558     5992.327232275087      27
0.763333333333333     4399.213916257078      23
0.8699999999999998     8031.50396598412      28
0.8911111111111111     9948.129201958625      32
0.8933333333333336     11509.962157240203      35
0.8577777777777781     6772.855264668143      28
0.82     6054.295435956232      26
0.8844444444444446     9088.109676031037      31
0.8066666666666664     5924.312795953262      26
0.7966666666666665     5114.847228417095      25
0.7733333333333333     4712.979758056281      24
0.8266666666666668     6003.762908924362      28
0.7766666666666664     5086.02397483773      24
0.7999999999999999     5382.000955661794      24
0.8122222222222222     6026.9412790169945      27
0.7999999999999999     5622.789538694452      25
0.7977777777777777     5693.001364081301      27
0.838888888888889     6227.263175230956      28
0.8466666666666668     6889.323359168975      28
0.837777777777778     6908.298678095159      28
0.878888888888889     8086.569296022853      31
0.87     8262.81278916786      32
