0.8900000000000001     7296.724978074994      30
0.7666666666666663     4667.547167817954      25
0.878888888888889     6234.534914487935      27
0.7799999999999996     4830.865882482624      25
0.8655555555555555     6446.118001290833      28
0.7055555555555554     3359.463538185472      20
0.7611111111111112     4140.861361585509      22
0.7388888888888887     4086.686103156267      23
0.8188888888888884     4948.71483786227      25
0.8411111111111109     5762.068188149872      27
0.7655555555555552     4553.334560193597      24
0.8933333333333335     7956.38084632188      32
0.8588888888888889     5946.966522709518      27
0.8644444444444443     6815.437391951156      27
0.9166666666666672     10534.272117433075      37
0.7266666666666668     4247.908648440715      23
0.9111111111111114     10050.902856188284      36
0.8555555555555555     5779.055131737597      26
0.8555555555555555     6062.114362387267      27
0.8777777777777778     6980.289653624721      29
0.8744444444444449     6925.031147904571      30
0.8655555555555554     6585.727752111404      29
0.8888888888888891     8391.007676192887      31
0.8833333333333335     7322.873976690726      30
0.9022222222222225     9433.576912819994      33
0.8822222222222222     7118.958276605224      30
0.8711111111111111     6932.429662511475      30
0.8933333333333335     8003.293649749259      32
0.7477777777777774     4745.961296728315      25
0.7322222222222217     4291.372203093114      23
0.9077777777777781     9481.545353642023      35
0.8788888888888888     7210.981154438536      30
0.9133333333333336     11394.751520469972      39
0.833333333333333     5034.145751116086      24
0.8522222222222223     6059.096754472365      28
0.875555555555556     6993.007757142095      30
0.9022222222222224     8180.015769957853      32
0.8833333333333334     7370.359638150775      30
0.8622222222222221     6543.21189816007      28
