0.8744444444444444     6196.485288298547      26
0.9022222222222226     8822.75015740175      29
0.8322222222222221     4652.221392130479      23
0.8566666666666666     5715.321431425865      24
0.8199999999999998     4436.214372332339      23
0.8600000000000002     5736.502989708288      26
0.8522222222222223     5671.040326569531      26
0.8977777777777778     6722.796709870444      28
0.8466666666666666     5060.546268414701      24
0.8188888888888886     5031.790646436595      25
0.8655555555555557     5905.745608643105      25
0.8922222222222222     6660.386695461127      28
0.851111111111111     5823.114106601865      27
0.8988888888888892     8391.052792662242      30
0.7766666666666666     4093.923284385957      22
0.8377777777777777     5068.311991750641      24
0.8522222222222219     6060.566297191448      26
0.8433333333333332     5839.517213033606      25
0.9000000000000002     9293.642356850274      30
0.851111111111111     6098.537896742595      28
0.8499999999999998     6176.8826966713605      26
0.8777777777777779     6229.0457670107635      27
0.8933333333333333     6712.59194502125      28
0.7533333333333332     4582.694812452056      25
0.8755555555555558     6488.253380944607      28
0.7788888888888887     4618.682398458665      24
0.9144444444444446     7953.141044445763      31
0.8688888888888887     6459.930307863534      28
0.8911111111111114     7518.9031582460675      30
0.8788888888888888     6853.508998950901      28
0.8966666666666668     8803.906763399722      29
0.895555555555556     8110.302397723556      30
0.8399999999999997     5477.28349661356      26
0.7855555555555549     5903.800061011594      24
0.8911111111111114     8720.653967043221      29
0.8477777777777776     6160.956355882329      26
0.8744444444444445     6576.682848025943      27
0.8544444444444445     6491.070651963013      27
0.8566666666666667     6588.045742540605      27
0.8288888888888887     5326.0809935977495      26
0.834444444444444     5994.910385493434      26
0.8377777777777773     6045.639303661066      26
0.8844444444444444     7665.179760167771      27
0.8511111111111109     6315.0240408099735      29
0.7888888888888884     5371.55173984394      27
0.8188888888888887     6306.272714963706      29
0.8899999999999999     7132.957363488544      28
0.8633333333333332     7507.501245699245      27
0.8744444444444445     6889.668067917692      28
0.8788888888888888     7458.185247193823      31
