0.908888888888889     8510.729795662382      31
0.8688888888888887     6021.704945444564      26
0.8977777777777778     8091.8436158325285      31
0.7266666666666661     4048.478935359732      23
0.8122222222222218     5214.999428628922      25
0.9144444444444446     9300.682793385145      33
0.8711111111111113     7101.545324363816      29
0.9066666666666666     8552.76375021302      31
0.7611111111111111     4640.136675536333      24
0.861111111111111     6035.897215152122      27
0.7455555555555554     5342.775281754126      24
0.8944444444444443     7838.80468996508      30
0.8477777777777779     6185.578274529595      27
0.908888888888889     8882.441326803168      32
0.8811111111111112     7108.933358634101      29
0.8811111111111112     7676.556279770234      30
0.8533333333333332     6268.084574281327      27
0.9111111111111111     9308.640174035427      33
0.88     7341.665115871178      30
0.8477777777777773     5797.8393594755025      26
0.8399999999999997     6016.859597215043      27
0.9000000000000001     8778.460431683157      32
0.8800000000000002     7806.098873345344      30
0.8811111111111112     7929.647274705741      31
0.8888888888888887     7996.573737174408      31
0.908888888888889     9125.174952621453      33
0.8844444444444444     8728.632900595447      32
0.8799999999999998     7264.273031758321      29
0.8844444444444443     8092.707785048848      31
0.8800000000000002     8133.976537403019      31
0.8333333333333331     5646.888383042727      26
0.8522222222222221     6215.927490165824      27
0.8077777777777774     5119.480994401929      25
0.8311111111111112     6453.443259830843      28
0.8688888888888887     6541.959851917196      28
0.8088888888888889     5972.335344091255      27
0.8455555555555557     7282.13273869948      29
