0.8211111111111107     5119.309962558689      25
0.861111111111111     5974.505822791274      26
0.784444444444444     4573.798365260453      24
0.8566666666666669     6712.681420589239      28
0.8499999999999996     6548.209889135565      29
0.7722222222222221     4350.220635072079      23
0.8433333333333333     5897.7125476969995      26
0.8277777777777776     5370.210562350367      26
0.7722222222222221     4395.647192516927      23
0.821111111111111     5236.425291548477      25
0.8144444444444442     5308.871809803897      26
0.8388888888888888     6114.360329635794      28
0.8211111111111109     5386.30843435093      26
0.7288888888888883     3824.8434590637553      22
0.8111111111111109     5219.387616193834      26
0.7611111111111108     4315.191741147061      23
0.7233333333333326     3966.585842921496      22
0.7677777777777779     4408.541926891347      22
0.7644444444444438     4420.788190754104      24
0.8466666666666667     6192.144498401302      27
0.8177777777777775     5325.871241651381      26
0.7733333333333327     4563.744211088104      24
0.7777777777777775     4609.1643251243395      24
0.8377777777777773     5453.776169610034      26
0.8066666666666664     4727.430529205192      24
0.8444444444444444     6294.922029217022      27
0.8388888888888887     6063.8914475005595      28
0.7866666666666662     4694.448879815971      24
0.7477777777777775     4037.2689105508425      22
0.8877777777777778     6859.673164068704      28
0.7622222222222219     4517.533041618167      23
0.8422222222222218     6384.796167008996      29
0.8322222222222222     5526.509151537844      25
0.8155555555555554     5441.63729745999      25
0.7522222222222221     4485.376930822609      23
0.8177777777777776     5492.59123963792      26
0.7499999999999994     4207.156893334027      23
0.7099999999999994     3835.7622241533945      22
0.833333333333333     5965.652953059574      26
0.8033333333333328     5071.410667005549      24
0.7644444444444438     4685.283424228591      25
0.7455555555555551     4233.574191013928      23
0.7522222222222216     4573.328777003891      24
0.8555555555555554     6550.806987441849      28
0.7666666666666658     4890.030123343302      24
0.8066666666666664     5018.1159970241515      25
0.8477777777777775     6665.447147124574      28
0.7455555555555551     4769.897097638033      25
0.862222222222222     6960.6347890400875      30
0.833333333333333     5853.129246568469      27
