0.9100000000000001     18534.7183548371      55
0.8944444444444446     16626.147303848447      52
0.8966666666666668     17232.792059115014      53
0.898888888888889     17241.814939221396      53
0.9055555555555558     17267.7040098296      53
0.9000000000000001     17243.778854135515      53
0.9066666666666667     18493.82823481773      55
0.9100000000000001     18554.880533725907      55
0.907777777777778     18527.34041459065      55
0.9122222222222224     19169.38651263323      56
0.9133333333333336     19870.918909863583      57
0.906666666666667     18517.36889986146      55
0.9111111111111114     18986.881163651757      56
0.9144444444444447     22171.04084079392      60
