0.89     12928.786012299746      46
0.8988888888888888     13501.158402164207      47
0.9     13992.439694746383      48
0.9077777777777778     14550.495706573922      49
0.8911111111111112     13411.72401522982      47
0.9033333333333334     14013.970779749588      48
0.9033333333333334     14024.126114580258      48
0.9044444444444446     14514.518405857436      49
0.8944444444444446     13432.052139674372      47
0.8988888888888891     13958.750758131153      48
0.9100000000000001     16311.474806512751      52
0.908888888888889     15059.211696337683      50
0.9155555555555559     19295.38803424398      57
0.917777777777778     32464.833516732982      74
0.9177777777777777     32759.750798634686      74
