0.9244444444444446     20402.208206943233      58
0.9188888888888891     19549.509472407495      57
0.9200000000000002     20112.486121837595      58
0.9222222222222224     20284.47623625985      58
0.9244444444444446     21042.580179761077      59
0.9266666666666667     22595.4415787913      61
0.9255555555555557     21623.049780633562      60
0.9255555555555557     22713.111877340645      61
0.9300000000000002     24895.845528842907      64
0.9277777777777779     24602.867060324497      64
0.9266666666666667     24060.355275636866      63
0.9277777777777778     24711.583271442287      64
0.9266666666666667     24740.87934411716      64
