0.4155555555555551     31396.12330440514      68
0.5355555555555553     37657.020367337194      74
0.46444444444444405     31402.958153826865      68
0.5922222222222221     45216.05376596799      81
0.5066666666666664     37058.77377597977      72
0.5388888888888888     39497.08660425274      76
0.2733333333333331     30457.02732231506      66
0.5311111111111108     37419.30380779329      73
0.5088888888888884     39197.35300320067      75
0.5555555555555554     43543.992492154954      77
0.4944444444444442     36963.376015746435      71
0.5277777777777776     40959.32754056616      75
0.5755555555555554     45758.25850788733      79
0.48999999999999955     34119.57117540068      72
0.553333333333333     41182.36012302128      78
0.5444444444444443     44421.329845618944      79
0.3977777777777775     34160.1277931941      69
0.4388888888888884     37657.121157797024      73
0.5022222222222218     39442.65871609172      76
0.5177777777777776     40031.168768416246      77
0.4255555555555554     42052.14168387486      78
0.4222222222222218     40410.96709957762      76
0.47333333333333294     42475.312765570954      79
0.35555555555555524     37786.22690308954      73
0.59     47343.69079431361      82
