0.46333333333333304     34001.61592474617      71
0.5455555555555553     35974.43725728878      72
0.5299999999999996     38794.65653930524      74
0.4988888888888885     35031.91168045542      72
0.4633333333333329     32778.54496129192      69
0.45777777777777734     30659.035817297183      67
0.6055555555555554     39203.362332012206      75
0.5555555555555552     42206.61755957108      78
0.37444444444444425     29713.614184963473      67
0.5522222222222218     40004.34465926312      76
0.4877777777777774     34209.64373243512      71
0.5277777777777775     39494.79577969709      74
0.5199999999999998     35995.85628368219      74
0.5655555555555553     45817.0749010098      81
0.41555555555555507     30965.84656966557      68
0.5266666666666664     38373.20367140707      75
0.5366666666666664     46607.00571579902      81
0.4833333333333329     35189.28225620718      72
0.46111111111111097     42189.01289944107      77
0.5344444444444442     44205.08130987666      78
