0.5155555555555554     38134.04460235167      73
0.5577777777777775     39826.927779740225      76
0.5088888888888885     32997.67974807915      69
0.5277777777777777     39012.191132728876      73
0.5344444444444442     39126.83147092602      74
0.49777777777777754     31105.324341244996      67
0.49333333333333285     34565.35876939184      71
0.5799999999999997     40189.635632544785      75
0.5122222222222219     36133.302224381914      71
0.48111111111111104     34171.03895967236      70
0.5399999999999997     39155.908315426415      74
