0.6755555555555555     8971.105439523206      37
0.6655555555555553     9400.762190503745      34
0.7255555555555556     11450.964879063924      39
0.6622222222222222     8689.511180125555      35
0.6566666666666664     8614.208609523339      36
0.6744444444444444     9614.229236835965      35
0.6544444444444443     8513.918508036853      34
0.713333333333333     10920.61236863106      40
0.6699999999999999     8962.021927770587      37
0.722222222222222     11761.75638555192      42
0.7100000000000001     11699.62968640919      38
0.6033333333333332     6654.846162316928      32
0.6955555555555554     9423.070112534591      37
0.6622222222222222     9060.370626457687      36
0.6733333333333329     9418.783286651029      36
0.6522222222222221     9899.662464636564      36
0.6477777777777778     9084.59338779047      37
0.6866666666666665     9442.177909649092      37
0.5922222222222221     10552.794328550253      32
0.662222222222222     10273.935353987521      38
0.7055555555555556     11204.560688334695      40
0.6433333333333334     7723.943706566813      33
0.7188888888888889     11225.905468718234      39
0.6755555555555555     9773.085856310003      39
0.7366666666666667     12842.240678002645      40
0.5644444444444441     7924.8438678111725      33
0.712222222222222     14171.948736761777      41
0.642222222222222     8098.632406782121      35
0.722222222222222     16556.749386880347      43
0.6433333333333334     9014.738421093458      36
0.6122222222222221     10193.911964330946      33
0.5844444444444441     8427.394340332015      34
0.6088888888888887     12731.471752767779      35
0.6766666666666666     10785.541256275272      41
0.7     10992.832035828686      38
0.6755555555555554     10275.180768398372      36
0.6711111111111109     14174.461549012176      44
0.6488888888888887     9922.849354204716      36
0.6477777777777776     9957.04692084803      38
0.6955555555555554     14374.522001561927      40
0.6433333333333332     10227.55461584861      40
0.6333333333333333     9464.870523783004      37
0.7333333333333331     13480.469534997272      45
0.632222222222222     10714.807574472501      38
0.5266666666666663     8954.737663732298      38
0.5644444444444443     9618.237162838679      39
0.6755555555555555     15805.081266061685      39
0.6622222222222218     12004.656625575108      38
0.6422222222222219     10504.041553535779      39
