0.5244444444444445     26858.771721106597      77
0.5100000000000001     24893.872477142468      74
0.4399999999999999     21635.458983420307      69
0.48111111111111127     22724.181697979096      71
0.38888888888888873     19710.563131381085      67
0.3622222222222221     20809.520735470087      68
0.5044444444444446     22743.31534086182      71
0.5177777777777778     26434.190155375265      76
0.4933333333333333     23579.17369652786      72
0.5311111111111112     27965.52933553818      78
0.3988888888888888     21816.863923788558      69
0.478888888888889     22084.647137836695      70
0.46111111111111114     24073.66288254725      73
0.4855555555555556     28622.57153850586      80
