0.5022222222222225     24471.240260634993      73
0.5155555555555557     25770.05827140295      75
0.45666666666666667     22660.30148429811      71
0.3899999999999999     19964.90157511405      67
0.5044444444444446     27044.93583426574      77
0.4933333333333335     25174.95322911206      75
0.4966666666666669     26551.25808564249      77
0.46666666666666673     24115.771657625624      73
0.5355555555555557     27482.01548600863      78
0.43777777777777765     22411.13007047088      71
0.4755555555555555     24788.503464791218      74
0.44111111111111095     24358.681049527226      73
0.4666666666666668     25180.948870916913      75
0.5377777777777779     31260.895227407887      83
0.4233333333333334     22543.69723794667      71
0.49666666666666676     26091.98642420895      75
0.3611111111111112     23653.98041932641      72
0.47333333333333344     25637.391855937985      75
0.5088888888888888     27076.56588261597      77
0.45111111111111113     26812.728222258494      77
