0.4433333333333333     21314.3675135664      68
0.5088888888888891     20652.00066159237      69
0.5111111111111113     23612.12022315072      71
0.5044444444444446     24259.541750503548      73
0.49999999999999994     21929.93831715372      69
0.4422222222222221     22725.801823505863      71
0.487777777777778     24639.00849899981      74
0.5311111111111112     25368.189633899972      75
0.5011111111111113     29169.109764294928      80
0.421111111111111     21882.6948731042      70
0.5000000000000001     25571.571761782572      75
0.46444444444444455     23870.73540719692      72
0.46666666666666673     28373.482030579744      79
0.38555555555555543     23849.09584136914      73
