0.5444444444444441     36340.0859110959      71
0.5899999999999999     39280.42123557927      75
0.5455555555555552     37937.66321924363      73
0.561111111111111     39570.15859714592      75
0.503333333333333     37998.75897710518      75
0.5433333333333331     39284.07521914138      75
0.5388888888888884     40435.358096338736      75
0.5244444444444442     38132.071472943295      75
0.5277777777777776     39652.25628653172      75
0.5555555555555551     40843.496565724585      75
0.581111111111111     40851.02910797881      75
0.45666666666666617     38371.363372152344      75
0.47999999999999954     39983.84874650693      75
0.47555555555555523     41026.39095960345      75
0.4211111111111108     37428.12586979085      75
0.4588888888888886     39132.90498249958      75
