0.43333333333333285     35556.92795115383      72
0.5599999999999997     40594.01608140764      75
0.45666666666666617     38207.76155139579      73
0.46333333333333293     38096.15151748456      74
0.4399999999999995     36493.00015407597      72
0.5455555555555553     38441.53314735954      75
0.4399999999999995     37087.67099507267      73
0.4355555555555551     36544.27779454506      72
0.5033333333333331     37678.93542885075      75
0.4399999999999995     38171.81961643547      74
0.3955555555555551     38203.12215754493      74
0.37444444444444414     37200.74254487865      75
0.5544444444444441     39936.583749588746      75
0.5277777777777775     38414.57532573399      75
0.4399999999999995     38290.509741527865      74
0.433333333333333     40508.87494743205      75
