0.6844444444444444     10383.460903247127      42
0.6355555555555551     6129.188929643054      31
0.6266666666666664     5674.005149367117      30
0.5388888888888885     4632.392411317764      28
0.6322222222222219     5887.980343904822      31
0.5877777777777774     5142.504858257344      29
0.5755555555555552     5384.113720103489      30
0.6377777777777774     4970.965739309378      28
0.5833333333333329     5944.525834898054      29
0.6599999999999997     6580.0177936083155      33
0.6244444444444444     6479.056911900802      33
0.6588888888888886     6578.10053333663      33
0.5077777777777774     4463.728777127962      28
0.5533333333333331     4920.698340118017      29
0.4733333333333329     4263.616547707281      27
0.6266666666666664     5604.075373065385      30
0.5755555555555552     4681.368363548971      28
0.5566666666666661     4885.559977416089      29
0.5822222222222218     5127.523901430041      29
0.5388888888888885     4805.159748304012      28
0.6266666666666664     5811.247151002598      31
0.5811111111111109     7363.298605734541      35
0.5788888888888885     5782.3738017844225      31
0.5811111111111105     5576.4527714161895      30
0.6266666666666664     5322.814444077921      29
0.6588888888888886     6202.471038102859      32
0.4633333333333331     3754.300430603255      25
0.6811111111111108     6458.961039588684      32
0.5399999999999994     4541.1293364641515      28
0.41888888888888853     3847.9647484843945      26
0.5333333333333327     4478.930065912472      26
0.6422222222222222     6125.707259777032      32
0.5877777777777774     6562.331087898146      33
0.5188888888888884     4300.435887735536      27
0.41888888888888853     3302.863703800518      24
0.48111111111111093     3661.4592184288936      25
0.5066666666666664     3496.7115713055214      24
0.633333333333333     11329.61850734713      44
0.6644444444444444     10406.88571688696      42
0.613333333333333     7312.969171735413      35
0.6755555555555552     6827.030038741892      34
0.44777777777777755     3995.726268085266      26
0.33888888888888885     3611.9746314364443      25
0.6844444444444444     10344.338913661082      42
0.4011111111111111     4226.255121786434      27
0.6755555555555552     7536.400135169401      36
0.6344444444444441     9283.058266796472      40
0.6844444444444444     11853.181430768185      45
0.3     3090.3268993676093      23
0.33888888888888885     3078.8440820474357      23
