0.11444444444444443     24761.22964994998      72
0.1277777777777777     25933.888094375525      75
0.14888888888888885     25971.758313688337      75
0.14666666666666658     27334.54749630122      75
0.13999999999999993     28414.603842070548      75
0.1366666666666666     27017.141097027248      75
0.1266666666666666     27396.870505400093      75
0.13666666666666658     28142.40705709547      75
0.12222222222222215     26889.31997926059      75
0.13444444444444437     27759.0566924849      75
0.13333333333333325     27727.662831224956      75
0.11777777777777772     26359.023124499065      75
0.10444444444444442     26846.800041162478      75
0.11111111111111108     27172.782018653637      75
0.11888888888888881     27911.72788822754      75
