0.9744444444444451     19131.39737485682      48
0.9722222222222228     19076.8195897718      48
0.9733333333333339     19301.933281481422      48
0.965555555555556     18298.21978635098      47
0.9688888888888894     19216.76607265854      48
0.9766666666666673     19877.839590841293      49
0.9744444444444451     19418.760541491913      48
0.9655555555555559     18446.607214475032      47
0.9800000000000006     20827.363667152465      50
0.9777777777777784     20064.819329725797      49
0.9755555555555563     19943.194370506764      49
0.9755555555555562     20122.65487271901      49
0.9788888888888896     20889.71446775296      50
0.9800000000000006     20895.50655163973      50
0.9400000000000004     21795.83024383326      47
0.9800000000000006     37645.8398099553      69
0.983333333333334     37839.27669043896      69
