0.9711111111111117     11642.67437119262      48
0.9766666666666671     12642.026350023392      49
0.974444444444445     12578.719896048247      49
0.9777777777777783     13234.053215214451      50
0.9677777777777783     11883.11852498722      47
0.9722222222222229     11938.54204207736      48
0.9755555555555562     12580.282410320746      49
0.9544444444444451     11319.980228870492      46
0.9733333333333339     12667.431822129574      49
0.974444444444445     12723.601312632605      49
0.9788888888888895     13526.953900216286      50
0.9622222222222228     11294.019484544526      47
0.9788888888888895     13669.439021592227      50
0.9755555555555561     13874.989050884222      50
0.9811111111111118     15088.27903548432      53
0.9800000000000006     13914.278845227396      49
0.9822222222222229     16444.604723692442      55
0.9733333333333339     13321.24779980242      49
0.9800000000000006     14716.991946502952      50
0.9777777777777784     13492.870697159218      52
0.9800000000000006     15527.57460197855      53
0.9811111111111118     15580.12386208432      53
0.9811111111111118     16411.261672353634      54
