0.7499999999999994     1212.9211558947804      18
0.6999999999999996     639.6642505091155      13
0.7499999999999994     1336.846898297747      19
0.7583333333333327     1477.1116172400482      20
0.6958333333333331     637.322473976203      13
0.6791666666666664     466.72592118728284      11
0.683333333333333     544.4668901432814      12
0.7333333333333327     877.7788488419346      15
0.42083333333333356     289.95828805628315      9
0.4958333333333338     301.8750690594875      9
0.7624999999999994     2129.6547983269406      24
0.4041666666666668     237.22764842404015      8
0.7291666666666662     755.6746767248268      14
0.7291666666666662     871.5264518676341      15
0.7583333333333327     1657.7615766240215      21
0.7291666666666662     874.5367303395097      15
0.6916666666666664     635.0240314815481      13
0.7541666666666661     1337.6382465025779      19
0.7416666666666661     985.6340558121053      16
0.6708333333333331     371.293839505242      10
0.7374999999999995     1095.3488295891336      17
0.6499999999999998     556.0221209541511      12
0.7458333333333328     1099.074277601115      17
0.6458333333333333     360.06117168750274      10
0.7624999999999994     2173.655066280386      24
0.6124999999999999     538.9971558563855      12
0.7499999999999994     1356.7166506792441      19
0.7541666666666661     1496.8278586815      20
0.6916666666666663     619.65863135215      13
0.7249999999999995     642.9495980682603      13
0.6624999999999998     647.4029508528035      13
0.7333333333333328     1378.4440341705683      19
0.7083333333333329     797.0210007102397      14
0.7291666666666662     885.690363529079      15
0.7249999999999994     1080.129593875786      17
0.7208333333333328     1369.7870410225426      19
0.5708333333333333     428.6850600461173      11
