0.7041666666666663     645.0122155163748      13
0.7374999999999995     867.7137710435542      15
0.7291666666666662     834.9017991458221      15
0.754166666666666     1190.985498478005      18
0.7499999999999994     939.275159204382      16
0.7333333333333328     847.9319597621212      15
0.7583333333333327     1354.633766028674      19
0.7583333333333327     1505.5614391386282      20
0.6999999999999995     654.588068283345      13
0.7208333333333328     755.0224646854462      14
0.7583333333333327     1519.5316908726472      20
0.6666666666666663     470.94523793492846      11
0.6     351.711374372894      10
0.6791666666666663     702.8413594518589      14
0.7541666666666661     1251.4784636560082      18
0.7291666666666662     987.1522543305622      16
0.7166666666666662     962.2355396055793      16
0.741666666666666     1116.1221039768127      17
0.7291666666666662     1081.857880178732      17
0.6749999999999997     524.0888559788642      12
0.7041666666666663     729.5094511086453      14
0.4708333333333336     220.4269658890059      8
0.754166666666666     1496.281556258232      20
0.7458333333333328     1562.1464322668726      20
0.7374999999999995     1108.2086975863333      17
0.6833333333333328     745.0661134073353      14
0.6666666666666665     839.5486008654206      15
0.5125000000000003     285.23586455707346      9
0.7249999999999995     1091.8703384275188      17
0.6541666666666665     600.3574542673084      13
0.6541666666666663     384.0946601575771      10
0.4500000000000003     382.86851266827796      10
0.5541666666666668     569.1922918086075      12
0.6458333333333333     755.0568515113923      14
0.5291666666666667     562.4172892058747      12
0.6333333333333331     818.7581393598117      15
0.6125     814.3772019504481      15
0.7624999999999994     1657.9299777156662      21
0.7124999999999996     840.833383056846      15
0.7458333333333327     1526.2377946170707      20
0.7166666666666662     975.6886977110161      16
0.7583333333333327     2177.033832839537      24
0.4625000000000002     526.6402102517618      12
0.7541666666666661     1810.3494783663448      22
0.7374999999999994     1118.8224211444194      17
0.441666666666667     309.56896725314914      9
0.7124999999999996     954.1028800522931      16
0.6541666666666666     1302.4277196366245      18
