0.7249999999999995     825.4933072235075      15
0.7333333333333328     860.5553051533195      15
0.7416666666666661     1073.9226527563428      17
0.695833333333333     856.4663198163083      15
0.7374999999999995     839.0462744003672      15
0.7291666666666661     830.2676982813027      15
0.7291666666666661     958.5972702738824      16
0.7249999999999995     1241.201615733581      18
0.7374999999999994     958.9032257026236      16
0.7458333333333328     965.3708808363563      16
0.6541666666666663     531.210112329327      12
0.7333333333333327     1060.3189755052617      17
0.720833333333333     721.6185273952611      14
0.7499999999999993     1189.5512110481595      18
0.7333333333333328     1080.4240177410816      17
0.6541666666666665     609.9271863170565      13
0.7249999999999995     973.0189220370978      16
0.7249999999999995     1053.2525282599431      17
0.720833333333333     1211.1968128559336      18
0.6333333333333332     546.0518800802612      12
0.6541666666666665     713.5808623997614      14
0.7458333333333328     1100.0833400577164      17
0.6958333333333331     824.7803295287844      15
0.7416666666666661     1344.7130605168145      19
0.7166666666666661     1187.485430496209      18
0.6791666666666664     692.0473540207536      14
0.7083333333333329     934.0003762021244      16
0.7374999999999995     831.199240400762      15
0.7374999999999995     1071.5291106237376      17
0.6874999999999996     546.5324206448809      12
0.6749999999999996     863.400156419688      15
0.7166666666666662     970.9736732307591      16
0.7416666666666661     952.8911783094277      16
0.7166666666666662     640.1505953456335      13
0.7499999999999994     1239.5551180496677      18
0.6541666666666665     522.793433329371      12
0.7583333333333327     1365.8462408673336      19
0.7083333333333329     1056.3153661942101      17
0.6624999999999999     812.9626458525578      15
0.6958333333333329     620.9517701230976      13
0.7249999999999995     730.1692009941024      14
0.6208333333333332     537.5874749006584      12
0.7374999999999995     1245.6848357889205      18
0.6291666666666665     848.1861974610957      15
0.6499999999999999     705.7010917309915      14
0.6374999999999997     440.77089477676805      11
0.7458333333333328     1393.8081650265917      19
0.6166666666666666     431.649647510034      11
0.7583333333333327     1664.3157550638775      21
0.48750000000000016     417.81994488655545      11
