0.6125     439.85254479659125      11
0.6874999999999996     561.1645866461263      12
0.7416666666666661     1224.6244516960137      18
0.7124999999999995     638.6980931979267      13
0.6166666666666667     520.7721250204847      12
0.6791666666666665     523.3536906607211      12
0.7583333333333327     1520.6186250599233      20
0.6874999999999997     613.315484411384      13
0.7249999999999996     733.7582544292861      14
0.7333333333333328     845.431299106333      15
0.7291666666666662     966.2063832258339      16
0.7499999999999994     1249.9621848205447      18
0.6083333333333334     433.62601294418175      11
0.6624999999999998     818.9047595548415      15
0.7624999999999994     2032.9054955315737      23
0.7416666666666661     1552.7505379911308      20
0.6083333333333334     608.4814196472557      13
0.6541666666666666     630.1370022493675      13
0.7374999999999995     1086.9796986535428      17
0.625     826.9575284941949      15
0.7499999999999994     1736.169389042128      21
0.7291666666666662     1591.4594829197056      20
0.7041666666666663     939.8700788417524      16
0.7333333333333328     3221.6911223253055      29
0.7041666666666663     952.8907326418563      16
0.5916666666666667     367.85351767230804      10
0.7083333333333329     1348.7308918297938      19
0.6208333333333333     626.6191206855652      13
0.7249999999999995     1469.3032525691535      20
0.7249999999999995     1537.7597832049344      20
0.7166666666666662     1508.7300339945807      20
0.7208333333333329     1516.8778060119014      20
0.7041666666666664     1040.8716775082949      17
0.6000000000000001     457.0458358192616      11
0.7041666666666662     846.367441417442      15
0.5875000000000001     746.7966235374431      14
0.7208333333333329     1670.7046989915311      21
0.7041666666666662     1163.9816679331454      18
