0.7374999999999995     958.7029380716699      16
0.7208333333333329     847.8300767907411      15
0.7166666666666661     841.9476505792728      15
0.7333333333333328     855.0736854804015      15
0.7291666666666662     954.951050542112      16
0.7249999999999994     962.5362782131386      16
0.7124999999999996     634.570171384911      13
0.695833333333333     498.24339541606423      11
0.7208333333333328     865.0517340048599      15
0.7166666666666663     847.8199937995154      15
0.5666666666666668     275.62645854236735      9
0.7041666666666663     541.0634377220163      12
0.6958333333333331     615.3385149146691      13
0.6416666666666666     478.18151676347367      11
0.6416666666666665     373.37449201193834      10
0.6291666666666664     509.5730366543499      12
0.6166666666666666     303.0276700387119      9
0.6999999999999996     802.989540350097      14
0.7541666666666661     1219.0139937896959      18
0.5416666666666667     286.2338049574398      9
0.7583333333333327     1686.5588703565375      21
0.7416666666666661     982.4146598011876      16
0.7208333333333329     934.7370317895085      16
0.7374999999999995     1071.5943804924373      17
0.6624999999999998     526.4629413792917      12
0.683333333333333     617.5068442366402      13
0.6749999999999998     736.679618450732      14
0.6666666666666664     719.6258373346825      14
0.5750000000000001     328.5428640317715      9
0.6249999999999999     377.8949741184317      10
0.7124999999999995     1058.3639812193028      17
0.7416666666666661     1342.926842406863      19
0.7249999999999994     1078.887503786846      17
0.49166666666666686     369.83625128026034      10
0.6333333333333331     923.7860332696711      16
0.7541666666666661     1368.4062874054714      19
0.6166666666666666     535.7223605174088      12
0.5833333333333334     380.14866991784504      10
0.6999999999999996     1207.0456026816234      18
0.45416666666666694     482.88203892061455      11
0.6249999999999999     1249.2061976646953      18
0.4500000000000002     770.6616879596322      14
