0.6666666666666664     718.0109826649971      14
0.6458333333333331     701.3977655990686      14
0.7291666666666661     824.3506712893802      15
0.645833333333333     520.4474169314537      12
0.6291666666666667     521.656164675177      12
0.5916666666666667     351.63460634515496      10
0.6333333333333331     524.7902228142127      12
0.7083333333333328     822.0169899210454      15
0.6416666666666665     615.8104248055943      13
0.6333333333333331     603.2138977618439      13
0.6374999999999998     534.8168891004138      12
0.6666666666666664     842.9590067095961      15
0.7083333333333328     766.2816807535097      14
0.5583333333333335     350.5863052613262      10
0.7333333333333328     856.4335444224855      15
0.7499999999999994     1532.8292204282486      20
0.7041666666666662     718.2715821710509      14
0.7374999999999995     857.9087146132914      15
0.55     357.0816259927439      10
0.5916666666666667     508.17472267937427      12
0.6708333333333331     722.1212156058467      14
0.6374999999999998     635.0072599153535      13
0.6749999999999997     806.449380549938      15
0.6874999999999997     699.4383145161038      14
0.6208333333333332     438.6407399801168      11
0.7166666666666661     863.9418706415578      15
0.683333333333333     555.3571743076612      12
0.6916666666666662     760.4529095386248      14
0.7541666666666661     1658.2552955159515      21
0.6166666666666666     361.80778176209355      10
0.7291666666666661     822.0529973129903      15
0.6333333333333332     512.2838439588573      12
0.6291666666666665     433.84668967406867      11
0.5583333333333336     513.7512646035487      12
0.7124999999999995     764.8085146427682      14
0.6416666666666665     805.2924884813393      15
0.5583333333333335     1638.2130247283858      13
0.5458333333333336     420.7962880397806      11
0.625     368.2589074321189      10
0.529166666666667     360.2210852982471      10
0.7458333333333328     1571.0179514269705      20
0.5458333333333335     283.1190713061239      9
0.5874999999999999     339.3322298587943      10
0.7499999999999994     2440.750288873923      19
0.6458333333333333     708.9877333506487      14
0.7041666666666663     1666.1829434846845      21
0.6666666666666664     619.0906631208496      13
0.5958333333333334     519.5584098941658      12
0.7249999999999995     1515.0922656428738      20
0.529166666666667     284.92918083554684      9
