0.5916666666666666     449.3793469094179      11
0.6583333333333331     488.7545894308593      11
0.7499999999999993     1067.7046698831186      17
0.7333333333333328     943.3360931871869      16
0.6874999999999997     574.016734336723      12
0.683333333333333     652.3446914612002      13
0.7041666666666663     664.2337851539418      13
0.6833333333333329     643.7835522102145      13
0.7583333333333327     1196.0617668105028      18
0.7541666666666661     1649.470206848839      21
0.7499999999999994     1208.658935170391      18
0.754166666666666     1345.7344168039117      19
0.670833333333333     556.133335614857      12
0.504166666666667     302.2398717804651      9
0.6624999999999998     584.3412529694541      12
0.658333333333333     451.866242081296      11
0.6791666666666663     640.2966352399894      13
0.5750000000000001     378.8469834353475      10
0.7083333333333328     670.3081429037527      13
0.7333333333333328     958.5029872266635      16
0.7333333333333328     1051.1598073639736      17
0.658333333333333     544.046692469488      12
0.7291666666666662     855.0431544954259      15
0.5583333333333335     368.4842474483505      10
0.7166666666666661     717.7919364566327      14
0.6249999999999999     524.8447716261946      12
0.7499999999999993     1196.1333242872843      18
0.7166666666666662     822.4385539859471      15
0.6791666666666663     652.7920052446233      13
0.6916666666666663     653.4717779486327      13
0.6124999999999999     552.0834555434321      12
0.7083333333333328     1165.0680049147795      18
0.683333333333333     975.0728539861423      16
0.7374999999999995     1180.4576826348882      18
0.6666666666666664     757.3440872986325      14
0.6624999999999998     691.4858604931039      13
0.6583333333333331     667.1862657867091      13
0.695833333333333     1125.4757700629216      17
0.6666666666666664     787.334182600459      14
0.7208333333333329     1585.3254915267737      20
0.6208333333333332     1084.636708540853      17
0.7583333333333327     1788.7914973222078      22
