0.9644444444444448     14882.849638342124      41
0.976666666666667     16110.47122058168      43
0.9777777777777783     16388.880745788803      43
0.975555555555556     16082.920238585957      43
0.9744444444444449     15506.001048529528      42
0.9800000000000005     17561.67152616825      44
0.9722222222222225     15642.606967591813      42
0.9800000000000004     17007.921962277207      44
0.9688888888888891     15458.350002562513      42
0.9811111111111116     17606.175828242885      45
0.9788888888888894     16567.491015517968      43
0.9822222222222228     19144.845001228285      47
0.9811111111111116     18252.223029884033      46
0.9822222222222228     19222.507934634443      47
0.9811111111111116     18973.258789184474      47
0.983333333333334     19694.391109169817      48
0.9811111111111116     18988.96976329846      47
0.983333333333334     34266.82305664637      66
0.9833333333333341     39410.91385544202      67
0.9833333333333341     39860.67379626631      66
0.9833333333333341     39968.14579483976      67
0.9833333333333341     40429.801284149726      67
