0.9644444444444449     18737.180328492825      49
0.9600000000000005     17830.7632241311      48
0.9644444444444449     18758.941565912533      49
0.9666666666666672     18827.072883570458      49
0.9700000000000006     19548.68033505419      50
0.9633333333333339     18540.34715726385      49
0.9144444444444447     18636.270287419517      48
0.973333333333334     21592.649316694522      52
0.9133333333333334     18857.301262206147      48
0.9722222222222229     20527.129890227265      51
0.9677777777777783     19458.23953161674      50
0.9677777777777784     19733.990147652825      50
0.9722222222222229     20545.568284142868      51
0.7955555555555552     19943.97621645479      45
0.9711111111111118     20466.78551215128      51
0.9077777777777779     22707.01791633371      48
0.8622222222222221     21272.776595257503      47
0.8733333333333334     22043.04138030627      48
0.8766666666666667     22296.443671147965      48
0.8666666666666667     22408.911789504982      48
0.9766666666666673     44007.03821689451      71
0.974444444444445     44228.105827974745      70
0.9755555555555563     44319.85795490182      71
