0.8208333333333324     534.624984267834      12
0.7958333333333325     443.31219685432177      11
0.7958333333333325     513.7616613071739      12
0.8458333333333323     1205.9885058705354      18
0.8333333333333324     741.9045453927665      14
0.8458333333333323     1256.136875797078      18
0.8416666666666657     1207.7635314622246      18
0.8041666666666658     540.1685917632708      12
0.8041666666666658     540.5816990390941      12
0.8333333333333324     750.2365806977878      14
0.8291666666666658     622.3628154765049      13
0.837499999999999     834.2619924478547      15
0.8291666666666658     728.8717217488776      14
0.8374999999999991     974.9595144124122      16
0.7999999999999992     516.639557541983      12
0.8249999999999991     616.1461131795721      13
0.7624999999999994     617.5336212272894      13
0.8374999999999991     1061.9883035393896      17
0.8291666666666658     838.7392784431546      15
0.837499999999999     841.7729175483139      15
0.8291666666666657     638.7813803541882      13
0.837499999999999     1206.966088412257      18
0.8333333333333324     842.2842737518309      15
0.7416666666666661     616.2171855181721      13
0.7874999999999993     631.2947785060408      13
0.8041666666666658     684.6188857068072      13
0.791666666666666     704.2482185641787      14
0.8291666666666657     724.7887563536743      14
0.7416666666666661     713.1491914468345      14
0.8291666666666657     829.9807163102395      15
