0.8333333333333325     908.4286752347206      16
0.8374999999999991     942.2832123425509      16
0.8416666666666658     1094.0606971567313      17
0.8374999999999991     969.0966939309448      16
0.8208333333333324     781.3235127083691      15
0.8333333333333325     915.091395910228      16
0.8541666666666657     2664.4843883953477      27
0.7541666666666661     779.1514860622121      15
0.8249999999999992     810.0811390877233      15
0.8208333333333324     882.4686444109126      16
0.7583333333333327     786.2893727091322      15
0.754166666666666     752.9837396046173      15
0.7416666666666661     788.3533584650199      15
0.8416666666666658     1154.2536822066013      18
0.8458333333333324     1325.8509173572008      19
0.8333333333333325     928.8153426907121      16
0.8416666666666658     1154.9338217191435      18
0.8166666666666658     802.2893888259539      15
0.8416666666666658     1183.6095751222065      18
0.8249999999999992     905.058810342224      16
0.8124999999999992     810.3322349655688      15
0.7374999999999995     797.3515029207076      15
0.8458333333333324     1439.8905330326352      20
0.8416666666666658     1200.8042595153147      18
0.7124999999999997     792.4920065561611      15
0.8416666666666658     1309.9978697389308      19
0.8333333333333325     930.8575520526945      16
0.8458333333333324     1756.8066654393842      22
0.8374999999999991     1045.439425414376      17
0.8333333333333325     933.0540172697526      16
0.8208333333333324     882.8005038601632      16
0.8249999999999992     907.4965699149849      16
0.8416666666666657     1157.6202869971585      18
0.779166666666666     875.1875593235517      16
0.8333333333333325     1018.3462108016141      17
0.8333333333333325     1136.5564826445975      18
