0.8416666666666658     933.3466069808826      16
0.7833333333333327     534.4484693814222      12
0.8124999999999992     747.6662628142292      14
0.8499999999999991     944.9373272936268      16
0.8083333333333326     731.5857069521044      14
0.779166666666666     535.3717891936386      12
0.779166666666666     617.6317542628951      13
0.8374999999999991     814.0869893274992      15
0.8333333333333325     810.1171701286052      15
0.8291666666666658     810.9184443198772      15
0.7166666666666661     614.4639778784916      13
0.8583333333333324     1065.7560285696923      17
0.8333333333333325     834.1711710937923      15
0.8541666666666657     1061.9985959616229      17
0.8541666666666657     1062.496612301747      17
0.8458333333333324     937.5266138303546      16
0.7999999999999993     722.0866548306162      14
0.7958333333333326     618.628357956497      13
0.862499999999999     1197.958615683997      18
0.8583333333333324     1207.8339104822303      18
0.8583333333333324     1337.4057835691842      19
0.7583333333333327     809.2974688631649      15
0.8666666666666657     1347.9174326474183      19
0.8541666666666657     1208.0332203468865      18
0.8666666666666657     1497.0574856521096      20
0.8666666666666657     1515.0657169199972      20
0.8458333333333324     1060.3606147429084      17
0.8666666666666657     1564.4122026083458      20
