0.8249999999999992     668.8174546929552      13
0.837499999999999     945.0778508907675      16
0.8208333333333324     540.4537711871172      12
0.8166666666666658     528.7292943822989      12
0.8416666666666657     959.2900881875165      16
0.8166666666666659     622.0695474096851      13
0.791666666666666     385.4805181839881      10
0.8333333333333325     724.7885192344139      14
0.8041666666666659     456.59942148325484      11
0.8083333333333326     516.5132918547168      12
0.779166666666666     371.9246056650179      10
0.7999999999999993     448.2538121159108      11
0.779166666666666     449.4209700516431      11
0.7749999999999994     438.68483215473015      11
0.8166666666666658     545.3971494368833      12
0.7708333333333326     442.7571223587664      11
0.791666666666666     462.6026052914205      11
0.8333333333333325     732.1899031669113      14
0.7874999999999993     459.28609551859915      11
0.8333333333333325     833.4854157597189      15
0.7833333333333327     456.2037422395499      11
0.7541666666666661     421.56912994089174      11
0.8083333333333326     524.6844972296619      12
0.7624999999999994     423.8511922300081      11
0.7541666666666662     452.362884098609      11
0.7958333333333326     520.988117185701      12
0.8249999999999991     623.5688035836308      13
0.8249999999999991     716.8100523705787      14
0.7999999999999993     522.1991004439931      12
0.8166666666666658     622.6020748872697      13
0.8208333333333325     631.8263562878852      13
0.8124999999999992     529.1279740085841      12
0.8124999999999991     540.9828319496811      12
0.8291666666666658     846.5765413413752      15
0.7541666666666661     436.4859180971493      11
0.754166666666666     344.5503472755034      10
0.8208333333333324     623.7452131276514      13
