0.8333333333333324     648.5348465770054      13
0.7874999999999993     468.9017204975505      11
0.8416666666666657     877.6997140738313      15
0.7499999999999994     447.3414293326519      11
0.7874999999999992     536.5434641540623      12
0.837499999999999     728.9349123545702      14
0.779166666666666     480.9055923845817      11
0.7458333333333329     481.60079807565825      11
0.8249999999999992     744.6614195731106      14
0.8416666666666657     1382.8272323990047      19
0.837499999999999     824.3450367487652      15
0.8291666666666658     812.4848655435613      15
0.837499999999999     1047.8380304740508      17
0.8333333333333324     991.1478875339594      16
0.8333333333333324     1045.154272174928      17
0.8249999999999991     542.9565165169874      12
0.8291666666666657     870.877267530851      15
0.733333333333333     454.4528121269534      11
0.8249999999999991     619.9923666206058      13
0.7874999999999993     540.1172885912927      12
0.7374999999999995     533.1525684634355      12
0.7708333333333326     536.8419744095676      12
0.7874999999999993     628.0876614605554      13
0.8249999999999991     710.7943080864642      14
0.791666666666666     646.2521245899909      13
0.8041666666666659     738.582340444113      14
0.8249999999999991     744.1240462004221      14
0.733333333333333     533.4839336327315      12
