0.8541666666666657     950.1589242592268      16
0.8291666666666658     716.429153203663      14
0.8541666666666657     1054.4665595810197      17
0.8416666666666657     819.8244118932885      15
0.8083333333333326     820.3139453829339      15
0.8541666666666657     1054.8630204291771      17
0.7208333333333331     520.5693674441605      12
0.8458333333333324     821.7316542365515      15
0.7833333333333325     727.6177187019105      14
0.862499999999999     1654.447703676935      21
0.8124999999999992     827.9589882959948      15
0.7208333333333331     703.6198318611384      14
0.862499999999999     1711.009225049967      21
0.8083333333333326     822.2761972174027      15
0.8458333333333323     943.7988251781607      16
0.7749999999999994     810.506470364796      15
0.8416666666666657     922.3719784065337      16
0.8083333333333326     823.4644163335066      15
0.8541666666666657     1080.529562685017      17
0.8583333333333324     1367.7168241157194      19
0.8458333333333323     952.844118141046      16
0.8291666666666658     939.8906879118197      16
0.8458333333333323     1090.584696868635      17
0.8416666666666657     1022.7246414256192      17
0.8208333333333325     850.1779451965924      15
0.8124999999999992     931.1411958930998      16
0.8416666666666657     1026.0361584139423      17
0.8499999999999991     1205.0937625747501      18
0.8166666666666659     1080.5950896897373      17
0.8249999999999992     1109.3045148050005      17
