0.837499999999999     743.1432353392986      14
0.8333333333333325     655.965090969758      13
0.8499999999999991     912.5552400479339      15
0.8541666666666656     1007.0300749365322      16
0.8333333333333324     727.0407775189651      14
0.8583333333333324     1383.8152018555077      19
0.8249999999999991     543.6261319481558      12
0.8333333333333325     753.65734166989      14
0.8291666666666658     715.577769007806      14
0.8541666666666657     1135.5286552065381      17
0.7583333333333327     454.4801086999386      11
0.8374999999999991     755.7195722620025      14
0.8541666666666657     1404.1831598231192      19
0.8249999999999991     625.9560166353872      13
0.8541666666666656     1115.2595306999606      17
0.837499999999999     773.0562778746314      14
0.8416666666666658     781.0401632662089      14
0.8458333333333324     884.1763319855411      15
0.8208333333333324     522.9766556158881      12
0.8083333333333325     535.3343510075723      12
0.8291666666666657     633.8092411021329      13
0.7916666666666659     553.3165990044654      12
0.8249999999999991     736.1826017151063      14
0.8083333333333325     619.9209113636102      13
0.8499999999999991     1011.812902843189      16
0.7791666666666659     541.6065567269458      12
0.8499999999999991     1119.7270954392263      17
0.8208333333333324     678.1192679991813      13
0.8499999999999991     1179.1942030958471      17
0.8333333333333325     782.9763315801463      14
0.8124999999999992     781.8849834696852      14
0.849999999999999     1113.576378346816      17
0.7874999999999993     760.6639973382509      14
0.7749999999999992     648.3826590955078      13
0.8333333333333325     831.1002404597742      15
