0.7958333333333326     500.0421156216278      12
0.7958333333333326     594.5733847061617      13
0.791666666666666     425.8037964607214      11
0.8166666666666659     636.1397133469743      13
0.766666666666666     447.90854973031674      11
0.766666666666666     509.46715680196803      12
0.8374999999999991     842.5567391493678      15
0.791666666666666     598.4106434320122      13
0.8458333333333324     1076.7963762419542      17
0.7333333333333328     573.8997955430351      13
0.8333333333333325     865.4331973929409      15
0.8374999999999991     1055.2836257345568      17
0.8124999999999992     689.2678956404993      14
0.8333333333333325     914.8329173452737      16
0.8249999999999992     748.8353540701889      14
0.8208333333333325     719.1751728480629      14
0.8249999999999992     975.9452299879468      16
0.8166666666666659     800.0088563309691      15
0.8041666666666659     599.4715854698584      13
0.7666666666666659     663.2287669412624      14
0.8208333333333325     815.085017002936      15
0.8166666666666659     909.5029710341578      16
0.8124999999999991     886.6058934725704      16
0.8041666666666658     813.1570932816464      15
0.7999999999999992     686.4573873869949      14
0.7749999999999994     672.3564280253245      14
0.8249999999999992     1341.2110378408006      19
0.7999999999999992     785.968515266256      15
0.779166666666666     681.1925232863107      14
0.7833333333333325     781.0726110101323      15
0.8083333333333326     897.7534953635159      16
0.8083333333333326     962.577440931345      16
