0.7291666666666661     353.6371662444439      10
0.7583333333333326     421.31071322447775      11
0.8041666666666658     606.921172263533      13
0.8083333333333325     612.8842213540121      13
0.8499999999999991     870.9202125054004      15
0.8374999999999991     714.0953564038955      14
0.8583333333333324     1150.8877619577777      17
0.8541666666666657     1147.300546462598      17
0.8249999999999992     733.1133344786612      14
0.7833333333333327     524.691554459246      12
0.8208333333333324     721.2077112215394      14
0.7291666666666662     365.63084569206995      10
0.8499999999999991     1376.9027186462483      19
0.791666666666666     552.7876009121766      12
0.8208333333333324     730.4148699640131      14
0.8166666666666658     633.788934048651      13
0.8083333333333326     615.2896226723232      13
0.7833333333333325     607.4647063329008      13
0.7833333333333325     711.072270130368      14
0.7791666666666659     517.9307008332169      12
0.8458333333333323     739.8715504386466      14
0.7499999999999993     443.45052914692627      11
0.8124999999999991     712.9234960500202      14
0.754166666666666     525.9679068034706      12
0.754166666666666     604.8334813425676      13
0.754166666666666     616.8523767413521      13
0.7624999999999993     630.1109185948129      13
0.7458333333333327     725.3590350030006      14
0.8208333333333325     860.6065269876227      15
