0.849999999999999     1503.2138599317238      20
0.7999999999999992     601.9270075329388      13
0.8083333333333325     802.5349541055913      15
0.8124999999999991     933.2193221791279      16
0.7833333333333325     512.6619707659897      12
0.7083333333333329     491.7724957461194      12
0.7791666666666659     584.9443455265709      13
0.8041666666666658     690.1195851687391      14
0.8249999999999992     1035.6834460683122      17
0.8166666666666659     933.9350979201329      16
0.8249999999999991     1056.7470419572337      17
0.7458333333333327     575.7378511571674      13
0.8124999999999991     1039.4263604943555      17
0.8249999999999991     1163.9822252837844      18
0.8124999999999991     1043.0675988358048      17
0.8166666666666658     1326.1620122644133      19
0.8124999999999991     1166.1282227147412      18
0.8124999999999992     1166.1805837660352      18
0.7958333333333325     596.9343407333283      13
0.7583333333333326     677.3107437259285      14
0.8041666666666658     783.5462307755529      15
0.8083333333333326     806.4924444013271      15
0.8083333333333326     905.4485985671365      16
0.7958333333333325     682.9100422100256      14
0.7958333333333325     781.5154772520295      15
