0.9200000000000003     9274.679513550902      32
0.8844444444444445     7470.870875972571      29
0.8677777777777776     6756.188454099977      28
0.8211111111111108     5735.106762165194      27
0.8877777777777779     7740.886201738701      29
0.9011111111111113     8487.51303202229      31
0.8711111111111111     7239.367174676519      28
0.8166666666666668     5435.693637070375      26
0.8822222222222221     7327.9846614007865      29
0.8922222222222221     7755.859699268006      30
0.8855555555555554     7837.340954373729      31
0.8211111111111108     6006.891695250923      28
0.797777777777777     5341.748502652311      26
0.8099999999999998     5386.948808519486      26
0.8977777777777778     8543.142112832786      31
0.842222222222222     6033.276912958602      28
0.842222222222222     6285.331329712048      27
0.8422222222222221     6257.414237435932      28
0.8811111111111112     7520.349551528829      31
0.8299999999999997     6016.017828554967      27
0.8966666666666667     7844.887650023644      30
0.9122222222222224     9074.664887509507      32
0.8855555555555555     7873.804213717518      30
0.9233333333333337     9540.740669650735      33
0.8177777777777773     5884.231493636717      26
0.882222222222222     7700.579708599227      30
0.8299999999999995     6301.217211464033      27
0.8644444444444442     6746.397329301571      28
0.7822222222222215     4985.440293271961      25
0.8811111111111111     7179.95467934993      29
0.7588888888888887     5270.165352306448      26
0.8633333333333333     6850.898866728392      28
0.8511111111111112     6331.731594543312      27
0.927777777777778     10516.641124951699      35
0.9188888888888891     9473.050982873465      33
0.9122222222222224     9708.938512574978      34
0.9111111111111112     9173.801288074452      32
0.8944444444444444     8117.101486173486      31
0.8933333333333332     8696.110508796377      32
0.8811111111111112     8264.233483794791      30
0.8688888888888888     6958.119984052684      28
0.8211111111111109     6010.775493079503      28
0.8711111111111111     7493.126123334618      29
0.8166666666666668     5689.12272879483      27
0.8066666666666662     5387.624587530513      26
0.811111111111111     5423.430991173161      26
0.8633333333333331     6506.80709413197      27
0.8922222222222221     8045.974110144321      31
0.9055555555555556     8725.462349660816      31
0.8488888888888885     7177.755440716489      29
