0.14222222222222208     20234.8549526128      66
0.1899999999999998     20875.729539411823      69
0.14111111111111097     17922.729466953475      63
0.2133333333333332     30683.768251401125      82
0.19333333333333313     25558.119771697857      76
0.20555555555555544     27472.436155068328      78
0.20444444444444437     26008.005196807557      76
0.20777777777777767     29558.508284637595      81
0.18555555555555542     21464.006715939155      69
0.1877777777777776     26011.734098926496      76
0.1833333333333332     23847.919170074056      73
0.2088888888888888     30161.576554446878      82
0.181111111111111     25077.268321837215      75
