0.7874999999999993     1073.4305329281065      17
0.8208333333333324     1099.848811288724      17
0.8291666666666657     1218.5164191540512      18
0.8291666666666658     1100.8129073918271      17
0.862499999999999     2020.3929792348033      23
0.849999999999999     1668.5295216859258      21
0.8666666666666657     2025.8683228305765      23
0.8541666666666656     1801.4552712975578      22
0.8666666666666657     1875.623822077143      22
0.7708333333333327     940.0145348277919      16
0.862499999999999     1869.9976740636278      22
0.8166666666666658     1109.6161833589988      17
0.837499999999999     1405.0937356638244      19
0.8541666666666657     1661.7116224384242      21
0.8333333333333324     1127.3697994097338      17
0.8249999999999991     1189.6178201787623      18
0.7874999999999993     832.5926858738924      15
0.8583333333333324     1668.0105267865106      21
0.8124999999999991     1222.5393682153433      18
0.7708333333333326     738.9178118681566      14
0.8041666666666659     958.5998916602265      16
0.7708333333333326     851.5794541146448      15
0.7708333333333327     955.5868126262808      16
0.849999999999999     1329.692911183572      19
0.7833333333333327     987.5465523024063      16
0.8374999999999991     1490.1135257758267      20
0.8541666666666656     1504.0506442541364      20
0.7749999999999994     1055.477051011267      17
0.8249999999999991     1518.5994976811412      20
0.7624999999999993     841.2260553092983      15
0.7708333333333327     1074.0742429092752      17
0.8208333333333324     1095.4379750775436      17
0.8333333333333325     1211.6601374355414      18
0.7374999999999995     621.047829470983      13
0.862499999999999     2012.9710032342398      23
0.8541666666666656     1346.8830633472978      19
0.8124999999999991     975.8079122629075      16
0.8249999999999992     1422.1475294589598      19
0.8458333333333323     1539.4146463745635      20
0.8666666666666657     2538.8737066952813      26
0.8583333333333324     1798.5432463182249      22
0.8541666666666657     1907.7778638228863      22
0.7791666666666659     746.0162223387878      14
0.8666666666666657     2204.8897499374575      24
0.7374999999999995     1219.8721752294896      18
0.7708333333333326     654.067061315997      13
0.8708333333333322     2196.885793834519      24
0.7999999999999992     2088.0677136866016      23
0.7541666666666661     737.8680795268737      14
0.7999999999999992     858.112741862532      15
