0.5958333333333333     495.44275282451423      12
0.8541666666666657     1705.4015431469181      21
0.7874999999999993     1055.4798176297008      17
0.7208333333333328     810.6321811356001      15
0.779166666666666     876.004284401713      15
0.7583333333333327     929.3123890865985      16
0.8208333333333324     1640.4841495533292      21
0.7708333333333327     1054.792704849652      17
0.791666666666666     875.3905666718065      15
0.8166666666666659     1661.1585869716055      21
0.7999999999999993     1063.4624198820313      17
0.8458333333333323     1699.934051067343      21
0.7666666666666662     1054.1242464705142      17
0.8166666666666659     1226.920187507615      18
0.7458333333333328     738.270954019147      14
0.7791666666666659     961.7652686524376      16
0.837499999999999     1527.1490461738476      20
0.7583333333333329     705.967587889588      14
0.7208333333333329     541.377408837896      12
0.7666666666666662     810.3787060722892      15
0.8041666666666659     1075.180855665349      17
0.8208333333333325     1234.006253357357      18
0.8374999999999991     1352.8404409478503      19
0.8499999999999991     1726.4851054884728      21
0.8124999999999992     1178.1635252571161      18
0.8041666666666659     1057.5670177989502      17
0.8541666666666656     1682.2001439120568      21
0.8208333333333325     1361.3728990004804      19
0.7791666666666661     722.9846436269894      14
0.7749999999999994     929.9434599922367      16
0.7874999999999993     834.7659185903308      15
0.8166666666666659     1235.8111723489733      18
0.8416666666666658     1516.6920923789507      20
0.7458333333333328     843.7862399176836      15
0.849999999999999     1881.6550574064665      22
0.791666666666666     1633.7582052650034      21
0.8416666666666658     1538.0742630504933      20
0.7958333333333326     1137.4698362569052      17
0.7583333333333326     1001.9501285006374      16
0.5958333333333333     504.05072118177395      12
0.683333333333333     533.0067072021548      12
0.8416666666666658     1405.3065460154476      19
0.6708333333333331     529.0959315394383      12
0.5833333333333334     489.83561198309116      12
0.7249999999999995     652.4964901606687      13
0.7458333333333328     634.2098900390895      13
0.7166666666666662     539.200469024241      12
0.8249999999999992     1849.2452076842558      22
0.6374999999999998     709.0900556020869      14
0.8541666666666657     1948.7298570690282      23
