0.862499999999999     1797.6711416585329      22
0.8249999999999992     1185.501008738558      18
0.8249999999999992     1235.9788376892125      18
0.754166666666666     702.275573721927      14
0.8458333333333323     1487.083761391182      20
0.8124999999999991     888.3834788412166      15
0.8416666666666657     1251.2818990594042      18
0.8541666666666657     1531.986556713405      20
0.8374999999999991     1342.6317705823399      19
0.7499999999999994     707.9156216236734      14
0.8583333333333324     1791.6820884640406      22
0.8583333333333323     1550.231449693319      20
0.6916666666666663     527.3381449638356      12
0.7291666666666662     642.8833173328699      13
0.8291666666666658     1245.8403948910354      18
0.8416666666666658     1343.8669433110695      19
0.7166666666666662     624.6058318439188      13
0.8458333333333324     1622.085461926227      21
0.8249999999999991     1000.7941883576017      16
0.7958333333333326     735.036600589928      14
0.7041666666666663     618.8952632358285      13
0.7458333333333328     696.8766567405987      14
0.8249999999999991     1240.9473247977505      18
0.8083333333333326     1047.5874839703429      17
0.8541666666666657     1723.721455829353      21
0.8124999999999991     1252.467036535384      18
0.7958333333333326     1155.569971322578      18
0.8416666666666658     1397.0366224137758      19
0.7874999999999993     960.5786359165735      16
0.7958333333333326     1182.2623466492832      18
0.8208333333333324     1359.434079028849      19
0.8374999999999991     1795.7741800678466      22
0.8083333333333326     1542.5548408298318      20
0.8124999999999992     1548.3648989680287      20
0.7958333333333325     1503.1532644115882      20
0.6458333333333333     505.523457555156      12
0.7208333333333328     806.7571719588016      15
0.658333333333333     709.0929215348733      14
0.6333333333333332     692.7886846675694      14
0.7874999999999992     929.6400591460333      16
0.6624999999999998     787.7504519967125      15
0.7958333333333326     1633.4651103276267      21
0.7833333333333327     837.040067089106      15
0.8124999999999991     2041.2202499743692      23
0.7874999999999993     1260.3636452386254      18
0.779166666666666     1567.9547706089356      20
0.7208333333333329     957.7420877154241      16
