0.6455555555555552     9757.8481866457      42
0.6677777777777777     11739.555994034668      46
0.7144444444444445     16386.593681190527      54
0.6677777777777775     12390.573211600098      48
0.6333333333333331     10543.2561236378      44
0.6144444444444442     9505.594472693278      43
0.5777777777777776     7869.972410818995      39
0.6566666666666668     10775.260820371439      44
0.62     10539.120653372702      44
0.6733333333333332     12032.80728982693      47
0.6211111111111108     8535.543799970648      39
0.6411111111111109     9637.032021729727      42
0.6288888888888886     9382.668897678444      41
0.6788888888888887     14769.956685114004      53
0.6677777777777778     11712.992723992895      45
0.6166666666666664     8891.919516181233      41
0.6033333333333333     10136.198093576317      44
0.6122222222222221     10194.944547751415      43
0.6566666666666663     14305.254334949712      52
0.6455555555555555     9825.172020373295      42
0.6288888888888885     9093.179679308803      41
0.6355555555555554     9623.360189309906      43
0.5833333333333327     10651.29945998491      46
0.6288888888888887     10220.968051793889      44
0.6588888888888887     11914.90523928649      47
0.6855555555555555     14186.186727612374      52
0.6622222222222222     11020.603456898187      45
0.6     8474.738880899968      39
0.5888888888888888     7930.2735250091755      38
0.6766666666666666     12157.612249368904      47
0.6866666666666666     12885.217648100828      48
0.6888888888888889     15189.472287316374      53
0.652222222222222     9930.962092176898      42
0.67     14790.258031951624      52
0.6455555555555551     12407.296048813125      48
0.6099999999999995     9374.217057111218      41
0.7111111111111111     16259.29936811864      54
0.6900000000000001     13667.799612621899      50
0.6633333333333333     11655.365276577555      46
0.6488888888888888     11123.690141169789      44
0.68     13436.295244041044      50
0.6655555555555552     12908.668169842227      49
0.6922222222222222     14063.026337596097      51
0.6911111111111109     16253.264596041237      56
0.7011111111111111     15357.787186068803      53
0.5322222222222217     7906.958392220976      40
0.5766666666666661     8642.33514052065      40
0.688888888888889     16360.27547951548      56
0.528888888888889     8474.512017132742      40
0.5844444444444441     7765.027455103948      39
