0.6544444444444444     9965.381822488489      42
0.6666666666666666     11544.792547664636      46
0.6166666666666664     8803.603772860493      39
0.6655555555555557     11410.594545669615      45
0.6577777777777778     10304.376623773232      43
0.5655555555555555     7378.599107921983      38
0.5655555555555554     7633.421448968127      37
0.6688888888888889     12260.240315841324      47
0.6655555555555555     11121.994268200306      45
0.6599999999999998     10924.874371921052      45
0.6266666666666666     8919.996969967007      40
0.6544444444444443     9722.412935532704      41
0.6077777777777775     8476.320626741028      38
0.5588888888888888     6653.408107815553      34
0.5999999999999998     7662.085787552931      36
0.6688888888888889     12917.594359462997      50
0.5555555555555556     6789.305644453308      35
0.6699999999999999     13262.486050574862      50
0.6577777777777778     10365.476390666337      42
0.5888888888888887     8395.765877732545      39
0.6633333333333333     11182.253850627905      45
0.6577777777777776     12196.436174699214      47
0.6366666666666666     9266.081911245965      41
0.6377777777777774     9788.491510231834      42
0.6755555555555554     14808.109610442729      53
0.6533333333333331     11388.955372238072      46
0.561111111111111     7278.809625123194      36
0.5366666666666665     6995.805971622855      37
0.6722222222222222     14647.90964894528      53
0.5455555555555553     8092.329064199163      39
0.5011111111111108     5570.7770782447315      33
0.6033333333333332     8757.216120958054      40
0.6522222222222223     11108.15881162589      45
0.6611111111111111     12210.467369758228      48
0.6366666666666666     10128.266305452415      44
0.632222222222222     11845.12458685969      47
0.612222222222222     8763.822054819992      39
0.5277777777777775     6810.438154171822      35
0.6255555555555554     11326.161394050681      47
0.5711111111111108     8108.788803213568      38
0.5977777777777773     8440.69113190067      39
0.6577777777777776     12748.92245526042      49
0.6666666666666665     13568.597283022254      51
0.5477777777777776     8093.676538286984      39
0.6644444444444442     13337.957355608914      50
0.6211111111111111     8766.38246622509      40
0.6199999999999996     8819.725794591475      40
