0.7374999999999995     504.8682561111814      12
0.7374999999999995     505.2848333065333      12
0.8041666666666659     736.7083899835102      14
0.8374999999999991     1245.0767356808865      18
0.8333333333333325     1424.6034457449405      20
0.8249999999999992     931.8961225880852      16
0.7833333333333327     618.4833663601864      13
0.7999999999999993     725.1200290738831      14
0.8124999999999992     862.9665156355367      15
0.791666666666666     721.5703719554559      14
0.8083333333333326     815.0577055569233      15
0.7541666666666661     511.60126188289684      12
0.7999999999999993     728.2889317630992      14
0.7749999999999994     629.3781405844346      13
0.7874999999999993     702.0712787369378      14
0.7999999999999993     825.3050605631538      15
0.7749999999999994     703.9317208960524      14
0.8374999999999991     1756.6687109574066      22
0.8208333333333325     1105.9702038172222      17
0.8124999999999992     939.2351425134758      16
0.8041666666666659     944.7159235153439      16
0.8249999999999992     1204.003729571369      18
0.779166666666666     728.5338344311682      14
0.8166666666666659     1086.3196607165905      17
0.7708333333333327     524.1489798611525      12
0.8124999999999992     975.0378457439824      16
0.7708333333333327     526.5248580801217      12
0.8166666666666659     1094.1520197460575      17
0.7708333333333327     607.1549429060806      13
0.8041666666666659     945.4434644019353      16
0.8041666666666659     1075.5269566643533      17
0.7374999999999995     587.2228505721453      13
0.7874999999999993     796.9620365273651      15
0.7999999999999993     943.2334000182555      16
0.779166666666666     796.0008080989459      15
0.7874999999999993     915.5690241027811      16
