0.7291666666666662     380.04374771897267      10
0.7041666666666663     366.9754084228379      10
0.741666666666666     390.84769290567243      10
0.8124999999999992     975.4804151311993      16
0.8208333333333324     1002.0051230665582      16
0.7249999999999995     385.81172116003563      10
0.7874999999999992     466.72304399457414      11
0.8083333333333325     659.6747997213778      13
0.8083333333333326     1069.886402650065      17
0.7958333333333325     678.5723392754593      13
0.8041666666666659     857.153998760381      15
0.8041666666666659     961.9999575392774      16
0.8041666666666658     735.7712233420492      14
0.7916666666666659     737.0499891557123      14
0.7291666666666662     450.2285837925295      11
0.741666666666666     458.4702999447524      11
0.7874999999999992     537.4499852165148      12
0.7874999999999992     620.4459629622394      13
0.7708333333333326     538.2451798082996      12
0.7458333333333328     545.617750012729      12
0.7583333333333327     557.27430432642      12
0.741666666666666     541.9426562086508      12
0.7874999999999992     633.5545486309793      13
0.7291666666666662     521.1156026085706      12
0.7374999999999995     534.4065219340878      12
0.754166666666666     654.4589324592815      13
0.7291666666666662     523.7987181925507      12
0.7666666666666659     655.0321537799382      13
0.7541666666666661     729.2420011442786      14
0.7499999999999994     655.0637414327034      13
0.7999999999999992     1106.1999656194378      17
0.7041666666666663     537.6128049770743      12
0.741666666666666     621.1237968213214      13
