0.8541666666666657     1514.431407903267      20
0.7999999999999993     1015.0525145634555      16
0.8416666666666658     1122.3228320318105      17
0.8333333333333325     1106.1840996244123      17
0.7166666666666662     946.7394147312452      16
0.8333333333333325     1113.4443941941063      17
0.7583333333333327     1024.0064806923313      17
0.8416666666666658     1225.4946463606782      18
0.8083333333333326     1063.4429078568376      17
0.8458333333333324     1431.6023903951      19
0.8333333333333325     1130.4358587573142      17
0.8499999999999991     1557.5558935870426      20
0.8208333333333325     1223.8128340975302      18
0.8166666666666659     1134.9107637799939      17
0.8416666666666658     1369.7016793666667      19
0.8374999999999991     1369.9253881286456      19
0.8083333333333326     1100.0894197748387      17
0.8416666666666658     1528.6822110651592      20
0.8333333333333325     1224.4838206295437      18
0.8124999999999992     1244.5851261201842      18
0.8499999999999991     1771.7545460867295      21
0.8458333333333324     1742.2451384928727      21
0.8083333333333326     1197.5139775037942      18
0.8416666666666658     1679.448051411246      21
0.8291666666666658     1372.7683827348956      19
0.8458333333333324     1892.3858464659236      22
