0.9077777777777778     9403.931227877962      33
0.9344444444444447     11517.327264551654      37
0.9300000000000004     11520.962252441264      38
0.9255555555555559     10441.268390828587      35
0.8477777777777772     7645.309226845122      30
0.9022222222222224     8958.69833499392      32
0.907777777777778     9701.180585260543      34
0.8822222222222222     8136.847528033357      31
0.8922222222222222     8682.591723034266      32
0.8333333333333331     7143.627011147335      29
0.9055555555555557     9604.232548735077      34
0.9255555555555559     10453.793049500764      35
0.8577777777777779     8129.54415272149      32
0.9266666666666671     11244.595157567841      37
0.8555555555555548     8136.5155434950675      32
0.9044444444444445     9545.763890573595      34
0.9266666666666671     11279.63051500009      37
0.8644444444444446     8588.359218744985      33
0.926666666666667     14360.693846333283      37
0.9344444444444447     12632.230349798185      40
0.8522222222222221     8515.017744898258      33
0.8555555555555556     8655.997061744456      33
0.8077777777777777     7807.861128899358      32
0.9077777777777778     9656.445283184888      34
0.8466666666666665     8067.223357438293      32
0.8088888888888889     7932.928989607004      31
0.7866666666666663     10599.410316523472      29
0.8855555555555553     8828.7593579411      33
0.9233333333333336     10618.531060128002      35
0.9222222222222226     9952.355693023605      34
0.9155555555555558     10452.922306024986      36
0.8999999999999999     8850.284986823583      32
0.9333333333333336     12120.282928183506      39
0.8811111111111113     8817.787973198887      33
