0.7355555555555552     5429.559457086853      26
0.8877777777777776     12761.603894455611      34
0.8688888888888888     11659.905127827727      32
0.8522222222222222     7946.144883737201      31
0.7911111111111107     6226.522857928417      27
0.8266666666666665     6296.820160542691      27
0.86     11714.326626439995      32
0.848888888888889     8441.179179823146      32
0.7888888888888886     6270.586295687034      28
0.8488888888888888     7947.155811871854      32
0.8844444444444444     12517.995683803842      34
0.7855555555555552     5748.035560658308      26
0.7522222222222218     5570.509800876183      27
0.7566666666666663     5602.710433416091      26
0.7644444444444441     5614.956683251455      27
0.8566666666666665     11811.191021696257      33
0.8722222222222221     12676.656491364149      35
0.8500000000000001     9275.420314597037      34
0.778888888888889     6278.593324888103      28
0.7944444444444442     6291.323234189794      28
0.8477777777777779     8363.00905630965      32
0.8633333333333336     9714.837550110173      36
0.8766666666666667     12979.925373312235      34
0.8555555555555554     11342.550371666412      31
0.8555555555555555     11363.71378104026      31
0.8511111111111108     11810.908705169673      33
0.7677777777777776     5830.1734164417385      27
0.8677777777777775     12047.086317559286      33
0.8477777777777777     8358.79711729343      33
0.7744444444444443     6429.491545990444      29
0.7555555555555551     5661.5054369231375      26
0.8422222222222222     8250.930924099815      33
0.7977777777777777     6451.465024090193      29
0.8344444444444444     7054.577061758318      29
0.8211111111111108     7202.892623383364      30
0.7666666666666663     6071.3587900972225      27
0.8299999999999998     7858.549348416505      32
0.8122222222222222     6458.857265419176      28
0.8688888888888888     12295.664619572904      33
0.8066666666666665     6681.337861562114      29
0.852222222222222     11862.966585632394      32
0.841111111111111     7960.20479021697      31
0.7944444444444442     6584.446210277415      29
0.774444444444444     6474.33409667145      29
0.8122222222222222     6710.710203528773      29
