0.8988888888888888     9618.545538657994      34
0.9177777777777778     10306.78298781209      35
0.8744444444444441     8100.222508509916      31
0.8799999999999998     8474.800475348411      32
0.8966666666666665     9274.08327459162      33
0.8666666666666663     7685.396569651916      30
0.9133333333333334     9846.067137511984      34
0.9277777777777781     11304.09962232157      37
0.8744444444444441     8438.29379234465      32
0.8577777777777774     7462.017171475861      30
0.9077777777777778     9911.901618525902      34
0.7422222222222221     5752.941009775497      27
0.8722222222222221     8319.600675062593      31
0.911111111111111     10307.79580716929      35
0.9277777777777778     12889.644042762044      40
0.8644444444444441     7907.363871817521      31
0.8622222222222221     7995.874751988331      31
0.8766666666666664     8500.875702076688      32
0.9322222222222224     13297.404118749437      41
0.9044444444444444     9951.252817505778      34
0.9200000000000002     10830.835428657883      36
0.9233333333333336     11407.666945743944      37
0.9211111111111113     10872.211550976466      36
0.9244444444444447     11419.573710231125      37
0.9166666666666667     10316.207765791689      35
0.8777777777777778     8581.367912609183      32
0.9111111111111111     10514.671813008235      36
0.8599999999999998     7575.620777116898      30
0.8555555555555553     7455.057698863297      30
0.8544444444444441     7894.163922280973      31
0.8944444444444445     8911.41031138212      32
0.8866666666666666     9374.944309070675      34
0.9244444444444446     11556.114877826916      38
0.872222222222222     8035.843347585192      31
0.8911111111111111     12342.723198464408      33
0.8733333333333331     8446.55119996483      32
0.8611111111111108     7895.989075136735      31
0.8444444444444443     7276.940774369971      30
0.872222222222222     8328.226949776657      32
0.8855555555555553     8696.460529094928      32
0.8588888888888887     8322.633258672093      32
0.9211111111111113     10942.109130332203      36
0.8855555555555555     9441.50059021279      34
0.8777777777777777     8574.296714170576      32
0.8844444444444444     9312.839271217694      34
0.8766666666666665     8547.074094746113      32
0.8755555555555554     8507.598633161992      32
0.918888888888889     10672.240750258812      36
0.9211111111111113     11298.498171570141      37
0.9111111111111112     10709.500941478465      36
