0.8788888888888888     8633.130101076493      32
0.8622222222222222     8574.195471459863      31
0.8277777777777777     7135.838761382356      28
0.7544444444444441     5014.181411695544      23
0.8333333333333331     7310.162550149473      29
0.8666666666666666     11956.103680217368      31
0.7544444444444445     5484.330008638057      25
0.7988888888888886     5947.066529356103      25
0.7866666666666662     5814.614876549875      25
0.7288888888888889     4501.507307444759      22
0.7911111111111107     5887.233968115256      25
0.7599999999999997     5498.413269437341      25
0.8944444444444442     10338.915157397209      35
0.7266666666666666     4888.094370753972      24
0.9011111111111112     10613.532097717425      36
0.7922222222222217     6351.234809372088      26
0.8744444444444444     9115.036925634575      33
0.8366666666666667     7811.139561821073      29
0.8522222222222219     7480.968503701332      30
0.8222222222222222     6821.932539365305      28
0.8033333333333335     6464.413236951064      27
0.8955555555555557     10398.610351981986      36
0.7888888888888889     6638.044355773208      28
0.8177777777777776     7042.920613930223      29
0.8966666666666666     10531.143967926639      35
0.8788888888888887     9134.205000050522      33
0.8044444444444445     6703.682243037223      27
0.8544444444444443     8053.297062386874      31
0.833333333333333     7634.723191649      30
0.8733333333333333     8738.321022451197      32
0.8600000000000001     8415.748393732656      32
0.8933333333333333     10489.0610884527      36
0.8977777777777779     10939.856837964864      37
0.8477777777777779     7751.1637248195475      30
0.841111111111111     7801.976957561165      30
0.9000000000000001     11319.186993931253      37
0.8922222222222222     10113.738149420615      35
0.8711111111111111     8637.423574991379      32
0.8877777777777779     9180.439672816794      33
0.8444444444444444     8437.932566459944      32
0.87     9112.79286193983      33
0.8177777777777777     7110.97257174156      29
0.8688888888888889     9137.658168211095      33
0.861111111111111     8513.67600162922      32
0.8655555555555554     9060.739590096257      33
0.8644444444444442     9097.260481087584      33
0.7533333333333331     5142.668647668524      24
0.7777777777777773     5975.42457358692      26
0.8011111111111107     6829.482390141163      28
0.8188888888888891     7201.012446047123      29
