0.8411111111111111     7118.532045240888      29
0.8566666666666665     10826.867236390246      29
0.8577777777777775     7596.185462766291      30
0.868888888888889     8374.888355837315      32
0.8411111111111111     7378.206768578384      30
0.7899999999999999     5671.045630386301      26
0.8811111111111111     11801.59815240049      32
0.8677777777777781     8408.64472928601      32
0.8855555555555553     9725.19778898722      35
0.918888888888889     13207.118915732206      41
0.9155555555555557     13537.819239725553      35
0.8977777777777778     11278.043812713937      38
0.8977777777777778     13086.924795307916      34
0.8755555555555558     8979.05515331298      33
0.8588888888888885     10849.787735873222      30
0.9333333333333339     15178.736748918087      39
0.9266666666666671     13661.36815347212      35
0.9300000000000006     15225.864069714946      38
0.8977777777777777     12470.630271321093      33
0.8533333333333333     10704.249099900891      30
0.8633333333333333     11205.208006997387      31
0.8555555555555556     7796.376726932133      31
0.8622222222222219     11190.261295558917      31
0.8755555555555553     8457.666656024136      32
0.8966666666666668     10015.733802285506      35
0.8911111111111106     13225.18429998439      36
0.8300000000000001     6892.570787399768      29
0.8744444444444444     11593.994688703116      32
0.8911111111111112     13309.974630994973      35
0.872222222222222     11623.885737958984      32
0.79     5730.824536003952      26
0.8088888888888889     5921.328070997914      26
0.8866666666666667     12935.424685488171      34
0.831111111111111     7141.3650140848695      29
0.8611111111111112     8593.512514656357      33
0.8711111111111112     8700.557744000367      33
0.7622222222222224     5469.662886943495      26
0.8577777777777776     11207.921069064969      30
0.868888888888889     8689.19228571156      33
0.7899999999999999     5911.437655929334      27
0.7755555555555551     5542.699638910886      26
0.8400000000000002     7310.993640110527      30
0.8377777777777777     7501.2693713983235      30
0.7888888888888891     5804.684801950924      26
0.8722222222222223     9473.905032879045      35
0.8344444444444441     7244.9573666209435      30
0.7899999999999997     5957.841601461821      27
0.8577777777777775     7864.369560027029      31
0.8411111111111111     8014.275897282695      32
0.7744444444444444     5817.535305929571      27
