0.14444444444444435     12717.996921229804      46
0.1966666666666664     14276.998668847424      49
0.14444444444444435     12720.708015576069      46
0.17555555555555544     13769.32266239624      48
0.18777777777777757     14060.242977915763      49
0.18999999999999978     16255.19909057656      52
0.1133333333333332     13422.59742778994      47
0.17555555555555535     13760.87445359548      48
0.14444444444444435     13892.673599343467      48
0.17555555555555535     14370.725827484237      49
0.17555555555555535     15044.120331855454      50
