0.7233333333333333     6929.870927587897      29
0.8011111111111113     9870.02959448598      35
0.6866666666666663     6323.1743103597755      29
0.8188888888888891     11292.77047130109      37
0.8244444444444449     11976.620313334502      38
0.8233333333333336     11442.026516234348      37
0.7488888888888889     7090.400679413836      30
0.6877777777777777     6426.917743775022      29
0.8066666666666673     10785.55269153793      37
0.7700000000000001     8337.342107210166      32
0.808888888888889     10791.607555331782      36
0.8055555555555561     9906.3145066739      35
0.8088888888888891     11092.538862382846      38
0.7411111111111112     6950.507690180067      30
0.8300000000000004     14996.736436494266      43
0.7344444444444447     7033.300589413441      29
0.767777777777778     8225.113821565183      31
0.8288888888888893     16854.926563842695      47
0.7388888888888889     7331.51678789123      29
0.6433333333333334     5791.352591260597      27
0.7344444444444447     7324.5588916029765      30
0.6522222222222218     6547.566068146517      29
0.7900000000000001     8794.46996668427      33
0.7666666666666669     9135.935108402977      32
0.8066666666666671     9981.244152474621      35
0.7544444444444447     7530.49877029204      30
0.5955555555555558     4853.666879510116      25
0.7344444444444447     8080.7284194795875      32
0.7122222222222222     6842.296542867841      29
0.7966666666666671     10176.594153262915      36
0.8211111111111117     12179.41565332105      40
0.8000000000000005     10296.410309600255      36
0.6544444444444439     6847.298747851712      29
0.8033333333333337     10787.739547399677      36
0.8244444444444445     12282.979960260986      39
0.6622222222222223     7063.517204632933      30
0.7266666666666665     7701.732284377277      31
0.8111111111111114     11675.380033635174      39
0.651111111111111     6146.208408950606      28
0.786666666666667     8720.545175487325      33
0.6966666666666664     8390.432802934782      34
0.7666666666666665     9709.596092684917      36
0.786666666666667     10283.721469505059      35
0.6100000000000001     6096.428882397045      29
0.8233333333333336     12707.782883360665      40
0.808888888888889     10835.447099127648      36
