0.7455555555555557     8883.487714104775      30
0.7666666666666668     9630.58710628058      33
0.8122222222222225     10937.222101616931      38
0.7955555555555556     10838.64104440212      37
0.8166666666666669     11908.542919988631      38
0.7511111111111112     8615.304992321322      33
0.8222222222222222     11570.85150476979      38
0.7244444444444442     8148.018549648672      33
0.7333333333333331     8456.33815267548      33
0.7688888888888891     9153.812756050675      34
0.7466666666666668     7871.507392247489      31
0.7655555555555555     9244.279244675541      35
0.8244444444444448     11666.728273296143      37
0.7522222222222223     8100.656854549536      33
0.7144444444444445     7117.403374062089      30
0.7622222222222225     8460.13460754232      33
0.8122222222222224     11096.198979925368      37
0.8122222222222225     10205.693771826032      36
0.8177777777777783     11521.104701605398      38
0.7455555555555557     9185.009333395623      31
0.7444444444444446     8452.35371945726      34
0.8400000000000002     12667.902240405572      39
0.7155555555555556     8103.689716872861      30
0.8166666666666669     10957.806224084956      37
0.7944444444444444     10225.87164794198      36
0.7633333333333334     8630.79368583994      32
0.7177777777777775     7381.648687568513      31
0.6766666666666665     7116.521075304278      32
0.723333333333333     8875.530973986191      30
0.7422222222222222     9601.59539307964      36
0.8     12625.585137454416      40
0.7722222222222224     8720.228304611177      33
0.7255555555555556     9240.379923132612      35
0.837777777777778     12532.64743941941      39
0.7722222222222225     8942.517477002952      34
0.8011111111111112     9654.30580076565      35
0.7377777777777772     12243.178505668458      40
0.6699999999999999     7995.676441590874      32
0.8288888888888892     12125.990972209785      38
0.8355555555555559     12298.195049300915      38
0.8122222222222223     11805.51214329647      39
0.7211111111111108     7711.184251762354      31
0.7088888888888888     6654.261333829994      29
0.8155555555555557     10639.526473194299      36
0.7855555555555559     10774.612092910698      37
0.7766666666666666     9580.847193206833      35
0.6233333333333327     6575.455809368314      29
0.6933333333333331     7963.914726015178      33
0.8288888888888889     13224.783031257026      41
0.6499999999999998     8436.271336297912      29
