0.7666666666666668     9113.173924756678      34
0.7644444444444446     9770.43335932442      34
0.7666666666666668     9172.143658093188      34
0.7788888888888891     9688.010750777337      33
0.768888888888889     9746.588575601925      34
0.7933333333333333     10029.252635021769      35
0.7644444444444445     9134.704608159773      32
0.7822222222222224     9698.807732210846      35
0.7799999999999999     9504.455877927847      34
0.7288888888888889     7573.269840088548      31
0.7777777777777779     9381.935579332076      34
0.8044444444444447     10516.908199130608      35
0.7311111111111113     7935.577445606028      32
0.6899999999999997     9131.99423492648      31
0.792222222222222     10465.899028124455      36
0.8077777777777779     11032.121604477983      35
0.7644444444444445     8733.791894827948      33
0.816666666666667     11886.761874927395      38
0.7700000000000002     9208.783290754245      32
0.7288888888888889     6824.962798965956      29
0.7900000000000001     12001.471136101036      39
0.8233333333333336     12200.326897409692      38
0.7577777777777778     7885.537046509412      31
0.7666666666666667     9095.622822518839      34
0.7855555555555558     10010.351668250896      35
0.7388888888888892     7791.502599763661      31
0.6877777777777778     7212.302721633443      31
0.7700000000000002     9601.022900322916      33
0.7966666666666665     11979.133060437032      39
0.6966666666666663     8048.217205583975      29
0.7455555555555555     8052.293315152224      32
0.7744444444444443     9851.989316293477      35
0.8000000000000004     11699.140328210717      38
0.7355555555555555     9795.702809391416      36
0.7855555555555559     10545.469409164523      37
0.8122222222222222     12087.777015179292      38
0.7755555555555554     10084.491293272411      34
0.6877777777777778     6927.456798083779      30
0.7266666666666667     8098.631750972762      32
0.8100000000000003     10924.471058113648      36
0.7588888888888891     8880.14728606515      33
0.7555555555555556     8176.979819637702      30
0.7888888888888888     11246.749056694614      37
0.718888888888889     7373.934948701547      30
0.8311111111111115     12365.064751596517      38
0.8400000000000003     15447.001662620454      44
0.8311111111111115     17990.379671805964      47
0.8300000000000004     15615.016951972693      43
0.6777777777777776     6728.836043317876      30
0.7055555555555557     7082.5596701183495      28
