0.6977777777777776     6780.414865132929      28
0.7033333333333334     7054.39930428928      30
0.7633333333333335     8181.3682628410115      32
0.7788888888888889     8638.825109770278      30
0.7577777777777779     8247.42226564885      32
0.7988888888888892     8783.110676475295      32
0.7444444444444445     7298.617039549055      31
0.7366666666666666     7483.370887418764      30
0.7377777777777774     7595.6811975589735      31
0.8033333333333336     10016.13173635751      33
0.8022222222222227     9435.383412458372      34
0.7877777777777778     9519.771883720534      33
0.81     10037.839528833687      34
0.7299999999999999     7104.161408084391      28
0.8033333333333339     9875.698522407803      35
0.6977777777777777     6979.590032269333      28
0.7033333333333331     6869.971995327068      29
0.8044444444444451     10089.019558978875      35
0.7311111111111109     7306.964909453217      30
0.7533333333333335     7934.36102531554      31
0.6499999999999998     5615.6954858705      27
0.8177777777777782     11550.753455240265      36
0.8166666666666669     10976.804512151217      36
0.6944444444444441     6646.654850352869      29
0.7400000000000001     8120.806238756655      32
0.6188888888888884     5256.7037015465385      26
0.7822222222222226     8325.687074501293      32
0.6866666666666665     6288.575179429674      28
0.681111111111111     6829.892932938931      29
0.8022222222222227     10733.618170445618      37
0.7566666666666668     8526.07574074821      33
0.682222222222222     7588.939516964615      31
0.7955555555555557     10228.570764392629      35
0.673333333333333     6500.813266295035      28
0.7900000000000001     9767.932137039916      35
0.8088888888888892     13447.909269228834      39
0.7899999999999999     9811.391961130614      34
0.7411111111111112     8477.391765360442      33
0.6733333333333329     5898.22934404035      27
