0.7988888888888894     10407.33097892183      36
0.7888888888888889     10091.601251096256      35
0.6633333333333328     7760.656088486939      33
0.7899999999999998     10840.540040267664      37
0.7866666666666671     10248.254407078959      35
0.7966666666666667     11296.004243450636      38
0.7866666666666671     10423.88504019834      36
0.7999999999999999     11080.332553061618      36
0.7966666666666665     10801.170926693425      36
0.7766666666666671     10949.702714119041      37
0.671111111111111     6555.702339871479      29
0.6988888888888884     9165.47969514161      35
0.7344444444444446     8320.899314957478      32
0.7422222222222224     7707.319849776473      31
0.7877777777777782     10672.823375415213      35
0.8055555555555561     10963.050082028138      37
0.682222222222222     6568.602464296192      29
0.6988888888888887     7092.789313457667      29
0.6733333333333331     6653.460426400988      30
0.7911111111111114     11353.788238414056      38
0.776666666666667     9438.852004131182      35
0.7077777777777775     6880.208802106281      30
0.7288888888888889     7032.201920664431      30
0.7655555555555555     10073.023841321849      35
0.7988888888888889     11688.023804738164      37
0.7966666666666666     10356.717575857849      35
0.8144444444444446     11161.989276014476      37
0.8111111111111118     11083.224088191768      36
0.7188888888888886     8100.129404259801      33
0.7500000000000003     7779.393574850644      31
0.7422222222222224     7328.392682291146      30
0.7555555555555551     10169.103731093299      37
0.7333333333333334     9340.697668059323      35
0.8155555555555559     12021.445708989706      38
0.7588888888888884     8250.798969280533      33
0.6599999999999997     7306.499296801525      32
0.776666666666667     8379.787108294786      32
0.788888888888889     10077.662623725331      34
0.6866666666666662     6799.853782180402      29
0.6966666666666664     7854.899854149095      30
0.7466666666666666     9011.397118532377      33
0.7477777777777779     9943.891324156668      36
0.664444444444444     6339.482280042385      28
0.7844444444444448     8601.15693044687      31
0.8111111111111118     11978.22415779463      38
0.6533333333333331     6447.489745186595      29
0.6266666666666665     5901.688271610057      29
0.5944444444444439     5754.419390394191      28
0.8255555555555556     12016.511392627717      38
0.712222222222222     7470.147674340951      28
