0.9700000000000004     18155.031777099233      49
0.974444444444445     19249.669406059886      50
0.9800000000000008     20598.117606078482      51
0.9777777777777784     19328.345324034897      50
0.9755555555555561     19368.589366410015      50
0.9788888888888896     19549.482063761407      50
0.9788888888888895     20260.954088062666      51
0.9811111111111118     22144.23465733451      53
0.9788888888888896     20678.39361623179      52
0.9777777777777784     19980.36133340196      51
0.9800000000000006     20724.805391478752      51
0.9788888888888895     20922.25034210871      52
0.9800000000000006     21669.55150822049      53
