0.9777777777777784     20271.50556380566      50
0.9777777777777783     20176.41324712504      49
0.9688888888888895     18946.43623129704      48
0.9777777777777785     20463.862155913797      50
0.9777777777777783     20557.57559013288      50
0.9822222222222229     22378.292202560027      52
0.9766666666666672     19167.049729540413      48
0.9800000000000006     20822.653145296863      50
0.9822222222222229     23998.79386874793      54
0.9811111111111117     21684.43111814223      51
0.9777777777777783     20577.10403564339      50
0.9766666666666673     19187.39433365987      48
0.9811111111111117     23879.33935294704      54
0.9766666666666672     19659.065731973533      49
0.9788888888888895     20625.459655234492      50
0.9755555555555562     19596.183708496323      49
0.9800000000000006     21870.407267552644      51
0.9800000000000006     22389.310101229752      52
0.9822222222222229     24507.263936507603      55
0.9777777777777783     20677.544481362173      50
0.973333333333334     20464.360208871974      49
