0.9788888888888896     22719.386124896624      52
0.9766666666666672     22483.164848800938      52
0.9800000000000008     23480.917133780727      53
0.983333333333334     24856.005846618467      54
0.9800000000000006     23708.81952134896      53
0.983333333333334     25694.87351371031      55
0.983333333333334     26066.96011322529      56
0.9800000000000008     24066.88420676353      54
0.9755555555555562     21737.422907810138      51
0.9844444444444451     26489.19643698527      56
0.9822222222222228     24082.74268548484      53
0.9800000000000005     23085.511090157146      52
0.9766666666666672     23286.042417749224      53
0.9811111111111118     25077.618641461915      55
0.9811111111111117     24667.875761568364      54
0.9788888888888896     23293.492427343514      53
