0.5155555555555554     26362.897199327992      75
0.5533333333333335     31755.362906542596      82
0.5344444444444444     31093.594140147023      82
0.49222222222222217     31667.62207452389      82
0.4899999999999999     31675.109278359585      82
0.5666666666666668     31852.015752874453      82
0.47666666666666674     31709.32922776138      82
0.5377777777777778     31824.91437354414      82
0.5533333333333335     31914.678927391633      82
0.49777777777777776     32132.676484758384      82
0.4644444444444444     31285.654011308354      82
