0.18555555555555545     22366.822335085806      68
0.2155555555555555     28104.011401305885      75
0.1499999999999999     23022.142234148036      68
0.19888888888888878     26621.552010648702      74
0.11222222222222214     24344.721114811033      69
0.16222222222222213     23885.3808461474      70
0.19999999999999993     27201.796821207638      76
0.1955555555555555     27731.518324955407      76
0.19222222222222213     27296.390079759614      76
0.18666666666666662     25902.847954126883      73
0.1833333333333333     23649.82475845585      71
0.22222222222222218     29561.53201803589      78
0.1599999999999999     25356.994971855733      72
0.1888888888888888     27690.84593966696      75
0.14444444444444438     25983.561273539857      73
0.20333333333333323     28316.839619624938      77
