0.1966666666666666     28149.298642357764      76
0.1833333333333332     24213.62263939614      71
0.17666666666666658     21414.08873723385      67
0.14444444444444438     22788.557677063516      68
0.12444444444444437     21495.23983857782      65
0.1888888888888888     27701.232481100345      75
0.17222222222222214     23698.015961155645      70
0.16111111111111104     23445.17839029206      70
0.18444444444444438     27008.644319418894      75
0.12666666666666657     25348.29090722049      71
0.1477777777777777     25598.08620202542      71
0.20888888888888882     28719.22793588449      77
0.1888888888888888     28938.126792817387      77
0.2077777777777777     29221.390703423745      78
0.181111111111111     25241.008729640198      72
