0.23777777777777764     9494.501201488827      45
0.2888888888888888     17620.36087604313      51
0.2477777777777776     12379.28205312574      51
0.25111111111111095     16110.359973468012      48
0.19222222222222207     13910.02072541267      43
0.26444444444444426     12424.788934319726      51
0.2588888888888887     16543.61751134002      49
0.23777777777777756     15490.715671162769      47
0.21555555555555542     14683.130157383359      45
0.21555555555555542     15500.046063351194      47
0.20555555555555544     14212.942426473848      44
0.2022222222222221     14289.356229814075      44
