0.31555555555555553     26164.660244204384      75
0.36111111111111094     26648.38825342677      75
0.35222222222222205     31300.86907559974      73
0.3688888888888889     27556.788649820737      75
0.3988888888888889     28453.196144050133      75
0.33777777777777757     31410.05704653655      73
0.3777777777777777     32773.31600453958      75
0.36777777777777776     32760.963099738132      75
0.3666666666666664     27372.386014399643      75
0.3166666666666666     31310.803637996218      73
0.3188888888888887     26457.41412736165      75
0.35555555555555546     26643.49015168999      75
0.3533333333333331     32344.953377034402      75
0.27111111111111097     32103.701819774415      75
