0.34666666666666646     26970.372941892278      75
0.33111111111111113     25444.96248689231      72
0.3444444444444443     26294.596556732446      74
0.36111111111111094     27167.557139014207      75
0.3211111111111109     22412.56292709679      67
0.30333333333333323     22082.579133384173      67
0.271111111111111     22891.76531659357      60
0.31888888888888883     26529.922786680272      66
0.3344444444444444     28212.549730300692      68
0.31666666666666654     25288.721011273123      64
0.3177777777777777     26895.086848603198      66
0.3499999999999998     27180.161530665933      75
0.3133333333333332     26602.5450446007      66
0.2822222222222221     26105.29045594313      65
0.38111111111111096     27535.11086329322      75
0.3333333333333331     26999.00214872683      66
0.3388888888888887     28787.936475215985      69
0.37444444444444436     27324.388581574407      75
0.3155555555555554     27285.422452071864      67
0.29555555555555546     26266.455413104708      65
