0.33666666666666656     30391.518779830654      74
0.33555555555555544     31221.689524300193      75
0.3688888888888888     31679.03772727143      75
0.36999999999999983     34901.21473605601      78
0.3644444444444444     32263.41303033071      74
0.3644444444444444     35317.043373104636      79
0.322222222222222     27587.82099110669      75
0.3577777777777777     31490.87867705581      74
0.32666666666666666     30461.088891264517      72
0.3455555555555554     32155.025482837107      75
0.3611111111111109     35564.42214093333      79
0.34555555555555545     32361.800103961545      75
0.34666666666666657     29451.922942105248      78
0.3366666666666666     31812.553600588202      75
0.3366666666666666     32462.13421702701      75
0.3255555555555556     32349.673753277824      75
0.2966666666666666     31676.134665406556      74
0.34666666666666657     32892.84729253759      76
0.31777777777777766     31809.15391679856      75
