0.8944444444444446     10267.640211195256      36
0.9000000000000005     11174.706165116522      39
0.8166666666666664     7193.785999952491      30
0.8133333333333334     7110.636086116697      31
0.8600000000000001     8508.461156537092      34
0.8644444444444442     10220.822559319346      36
0.8833333333333335     9678.716771664034      35
0.7855555555555556     7211.058713610522      31
0.7855555555555556     8026.774601552088      33
0.8144444444444443     6998.458055305095      31
0.907777777777778     11373.578369948676      38
0.9111111111111112     11965.888582439242      39
0.8800000000000002     8666.757137314147      33
0.8833333333333334     9540.59208112436      36
0.8211111111111107     7909.234019650339      34
0.8977777777777778     11015.029833305405      39
0.8566666666666664     11199.739791428276      39
0.8788888888888889     10777.998516611293      39
0.8988888888888891     11153.7799812802      38
0.8600000000000003     9229.373078568342      34
0.851111111111111     10728.823591887729      38
0.8122222222222222     7031.742675337752      30
0.8311111111111107     8425.47245659335      35
0.9000000000000005     11126.54639009787      39
0.8433333333333334     7629.725455975648      31
0.8655555555555557     10536.888297700587      37
0.8844444444444447     9790.657361979254      34
0.8633333333333335     8546.473151693075      33
0.8177777777777777     7309.7443284771125      31
0.8855555555555557     10371.507604506458      37
0.8455555555555554     7741.693866819362      32
0.8955555555555559     9869.601295558625      36
0.8933333333333333     11307.937955786585      38
0.8466666666666666     9364.841785607963      36
0.7811111111111106     6549.051897594799      30
0.7899999999999998     6562.103001043839      30
0.8877777777777776     10084.148463494328      35
0.832222222222222     8801.854510402818      35
0.8366666666666663     7389.727949068235      32
0.8222222222222222     8261.48935277214      34
0.9044444444444446     11914.959263518465      39
0.8733333333333333     11403.60602617427      37
0.7599999999999999     6471.470215392167      29
0.8111111111111111     8029.549931425339      33
0.774444444444444     6797.178389497476      31
0.9122222222222223     12220.78783081183      40
0.9122222222222224     12163.756769405767      41
0.8944444444444446     13197.13006148463      43
0.8122222222222224     6592.5878691355665      29
0.752222222222222     5857.820042981179      29
