0.9100000000000003     17363.842500938397      53
0.8911111111111112     14732.989322110203      49
0.9077777777777778     17832.637967374096      54
0.8922222222222222     15860.122510168305      51
0.898888888888889     15899.49949094661      51
0.9055555555555557     16659.342148723757      52
0.8955555555555557     15934.738627943314      51
0.9100000000000003     17927.648076250844      54
0.9122222222222224     18511.962968346656      55
0.906666666666667     16733.590932865263      52
0.9033333333333335     16028.400142324783      51
0.9044444444444446     16541.78469242697      52
0.906666666666667     17285.208699010476      53
0.8966666666666668     16380.715839446735      52
0.9077777777777781     17832.93758432246      54
0.907777777777778     17921.425555242127      54
