0.9200000000000002     20215.254116111093      58
0.9222222222222225     20868.148738605072      59
0.9188888888888891     20094.85116282554      58
0.9233333333333336     21495.968599804317      60
0.9233333333333336     22111.387144100092      61
0.9222222222222225     21513.967466609953      60
0.9188888888888891     20688.979933405204      59
0.9211111111111113     20833.18291465206      59
0.9233333333333336     22158.966935923887      61
0.9244444444444447     22859.286313346      62
0.9211111111111113     21446.696839282282      60
0.917777777777778     20071.87372212806      58
0.9222222222222225     22106.6123389546      61
0.9200000000000003     20724.993663765472      59
