0.9188888888888891     21845.170414027092      61
0.9177777777777779     20585.988284173738      59
0.9133333333333334     20451.430616929196      59
0.9133333333333334     20481.35057847225      59
0.9133333333333333     20556.91261592206      59
0.9200000000000002     21907.698407241805      61
0.9077777777777779     19768.38932196937      58
0.917777777777778     22529.337890652394      62
0.9177777777777779     21162.068777744287      60
0.9166666666666669     21224.624892440024      60
0.9177777777777779     21873.87235415389      61
0.9177777777777779     22490.940562965305      62
0.9188888888888891     23202.24679762643      63
