0.9011111111111113     18696.5733039972      56
0.8800000000000002     17321.618742976767      54
0.8855555555555557     17821.20920320244      55
0.8722222222222225     16523.133871775928      53
0.848888888888889     15993.53573347789      52
0.8533333333333333     16568.498715484275      53
0.8644444444444446     16645.78519484472      53
0.8733333333333336     17214.7560698981      54
0.8544444444444446     16631.998075283616      53
0.8933333333333333     17931.72272641718      55
0.9011111111111112     19478.76358354464      57
0.8522222222222223     16519.711679486318      53
0.8855555555555555     17357.661232586295      54
0.8466666666666668     15857.770177191454      52
0.8755555555555556     17335.97896830041      54
0.8788888888888889     17903.147685910124      55
0.8722222222222222     17388.185267738325      54
0.8622222222222223     17988.32542570243      55
0.8966666666666668     18219.603371206333      55
0.8833333333333335     18497.914596685365      56
0.8344444444444442     16473.758433466075      53
0.8833333333333334     18493.282727934915      56
0.8611111111111113     17205.003987501437      54
0.8733333333333333     18068.492619093708      55
