0.9200000000000003     22595.506777614384      62
0.9188888888888892     21857.681859611264      61
0.9177777777777779     21897.283498324192      61
0.9200000000000003     22606.909485675355      62
0.9200000000000003     23264.283771518112      63
0.9211111111111113     23389.092912998127      63
0.9200000000000003     23275.104386670115      63
0.9200000000000003     23885.656693016008      64
0.9211111111111113     24055.927305421254      64
0.9188888888888892     22442.5193118717      62
0.9211111111111113     24676.266943415354      65
