0.6833333333333329     517.0740163154782      12
0.791666666666666     1220.4726296509523      18
0.7874999999999992     1087.7820987905595      17
0.7624999999999994     744.7668391444402      14
0.7958333333333326     1339.3337279297205      19
0.7416666666666661     642.096407329532      13
0.695833333333333     518.9390395258966      12
0.8083333333333326     1659.9239767925112      21
0.7541666666666661     712.0858267094089      14
0.7333333333333328     608.6476673195601      13
0.6749999999999997     467.26777702245676      11
0.7833333333333327     875.9994233142144      15
0.8124999999999992     1785.3229166106578      22
0.7874999999999993     1100.1402721598681      17
0.7833333333333325     1242.2437374099352      18
0.7999999999999993     1438.5189106746793      19
0.8124999999999992     1896.591227801555      22
0.7166666666666662     539.1558820230522      12
0.7958333333333326     1396.7917463101658      19
0.7208333333333329     622.2270085088784      13
0.7166666666666662     705.7491751516346      14
0.6749999999999996     443.4223264630713      11
0.7749999999999994     785.3570095058062      14
0.7249999999999995     752.2090454550536      14
0.7749999999999994     979.756574492226      16
0.8041666666666659     1521.8827968257583      20
0.8083333333333326     2056.4776252377665      23
0.7958333333333326     1457.6331848514076      19
0.7208333333333329     820.128670831383      15
0.708333333333333     523.5227706856771      12
0.791666666666666     1244.2605501397936      18
0.7166666666666661     733.9027709918038      14
0.8124999999999992     2152.460065518837      24
0.7708333333333326     942.7830780076297      16
0.766666666666666     1115.2737356437906      17
0.791666666666666     1389.0284662889821      19
0.6583333333333332     380.9426980729099      10
0.7999999999999993     1633.0878208602635      21
0.6083333333333332     511.53843138714916      12
0.779166666666666     1531.291237109929      20
0.7749999999999992     1538.0865816013386      20
0.766666666666666     1397.211720221609      19
0.7124999999999995     815.0949299199249      15
0.7541666666666661     1085.4116432339263      17
0.6749999999999997     1138.1717253039558      18
