0.8708333333333322     2587.2718311805397      27
0.8791666666666657     2816.2311900503005      28
0.874999999999999     2789.378303843431      28
0.8833333333333323     3231.6213138555463      30
0.8791666666666657     2989.4458480061107      29
0.8791666666666657     3049.4034205778357      29
0.8791666666666657     3210.2387920681444      30
0.8833333333333323     3266.422176798902      30
0.8833333333333323     3445.712388412995      31
0.8833333333333323     3704.407981010893      32
0.8833333333333323     6985.726423567365      44
0.8833333333333323     7325.891158025876      45
0.8833333333333323     7333.302498167324      45
