0.8541666666666657     1731.6060744835006      22
0.8666666666666657     1889.3724233994055      23
0.8291666666666658     1590.1132441433945      21
0.8499999999999991     1746.6448402382237      22
0.8583333333333324     1877.177785493034      23
0.8749999999999989     1894.0263285298472      23
0.8458333333333324     1727.1971190564159      22
0.874999999999999     2034.916067805372      24
0.8541666666666657     1944.2715665035546      23
0.8291666666666658     1726.4992060048248      22
0.8791666666666657     2045.241747787541      24
0.8791666666666657     2292.9740159817275      25
0.8749999999999989     2070.1384532780826      24
0.8791666666666657     2967.097641285972      29
0.8791666666666657     3180.2772264474643      30
0.8791666666666657     3401.95632392627      31
0.8791666666666657     3652.0472528235864      32
0.8791666666666657     3878.6879312240717      33
0.8833333333333323     4205.826129248988      34
0.8791666666666657     3897.3644053117046      33
0.8791666666666657     3898.065825444642      33
0.8791666666666657     4137.378352862544      34
0.8833333333333323     7243.847056209864      45
0.8833333333333323     7251.4948235269685      45
