0.862499999999999     1906.868253742209      23
0.8541666666666657     2079.473457593471      24
0.8499999999999992     1891.2583138127256      23
0.874999999999999     2261.3224920099847      25
0.874999999999999     2278.0619302039554      25
0.8708333333333323     2080.8417021269006      24
0.874999999999999     2279.737422761193      25
0.8791666666666657     2483.964535663283      26
0.8791666666666657     2627.1594901797876      27
0.8791666666666657     3034.749809425424      29
0.8791666666666657     3698.374446967553      32
0.8791666666666657     3944.1917689807187      33
0.8791666666666657     4419.054422256401      35
0.8791666666666657     5446.4395553951845      39
0.8791666666666657     5748.372488590145      40
0.8833333333333323     5812.294896084064      40
0.8833333333333323     6348.942997130297      42
0.8833333333333323     7044.3008401678235      44
0.8833333333333323     7332.121670763529      45
