0.862499999999999     2236.4669000759955      25
0.8583333333333324     2070.454290208185      24
0.8666666666666657     2243.3525563490634      25
0.8708333333333323     2415.088763928584      26
0.874999999999999     2613.4880865781506      27
0.8583333333333324     2291.9986472928867      25
0.8708333333333323     2447.0312957451297      26
0.874999999999999     2625.2878131443385      27
0.8666666666666657     2396.3665876599634      26
0.8708333333333323     2458.600858342743      26
0.8791666666666657     2830.4506706581406      28
0.874999999999999     2671.583855888126      27
0.8708333333333323     2598.5823294945567      27
0.8708333333333323     2643.8813765071936      27
0.8833333333333323     3020.214954055222      29
0.874999999999999     2689.668322645942      27
0.8708333333333323     2651.4193724877496      27
0.8708333333333323     2684.319248402796      27
0.8833333333333323     5364.511642640454      38
0.8833333333333323     5502.276454480488      39
0.8833333333333323     5616.406753327579      39
0.8833333333333323     6123.135620985118      41
0.8833333333333323     6132.1469321919985      41
