0.8249999999999992     1876.6266301268827      23
0.837499999999999     1881.5170492003383      23
0.7958333333333327     1872.199661687568      23
0.8291666666666658     2047.0184129288318      24
0.804166666666666     1877.392266644833      23
0.8583333333333323     2067.459350205907      24
0.849999999999999     2061.5538311641944      24
0.8666666666666657     2438.8362692883966      26
0.862499999999999     2244.154577087933      25
0.8624999999999989     2255.3537539886393      25
0.8624999999999989     2287.1989105130383      25
0.8666666666666657     2439.2795072730723      26
0.862499999999999     2441.2191676412076      26
0.8416666666666658     2051.7055210619924      24
0.874999999999999     3525.0565911203394      31
0.8708333333333323     2799.5136922658667      28
0.8666666666666657     2632.563957803228      27
0.8666666666666657     2653.993646854181      27
0.8666666666666656     2464.14457807504      26
0.8708333333333323     2827.1885585066584      28
0.8708333333333323     3469.2052880480423      31
0.874999999999999     3630.7853726446656      32
0.8791666666666657     3680.949903666      32
0.8791666666666657     4358.156040937309      35
0.8833333333333323     5112.4058660211085      38
0.8833333333333323     5167.4286676759175      38
0.8833333333333323     7377.266840928783      45
