0.7322222222222224     5878.854214030362      30
0.7422222222222226     6074.73962367631      30
0.7211111111111113     5551.708988637169      29
0.7400000000000003     5983.211942917598      30
0.7455555555555556     6151.053379676764      29
0.7877777777777779     8207.354269814563      34
0.7811111111111112     7432.613441162032      32
0.7855555555555556     8124.900522297739      34
0.7677777777777778     7019.101288247424      31
0.71     4862.470912928521      27
0.7544444444444446     6643.3967954099035      30
0.7777777777777777     7465.18704201439      32
0.7777777777777777     7471.939811636333      32
0.7566666666666668     6651.960435394816      30
0.7266666666666667     5868.430178681102      28
0.7866666666666667     8270.189662614572      34
0.7277777777777779     5929.028860660226      30
0.7766666666666666     7071.823947396096      31
0.7766666666666666     7421.974858612147      32
0.7844444444444444     7784.792086204829      33
0.7433333333333332     6154.50701124415      29
0.7233333333333332     5958.295202007574      28
0.7877777777777778     8591.604533081287      35
0.713333333333333     5955.267261355961      28
0.7633333333333334     6661.078037025216      30
0.7077777777777776     5193.529843288176      28
0.721111111111111     5844.078784191271      30
0.7244444444444442     6118.768316835612      29
0.7877777777777779     9023.693565185182      36
0.7111111111111109     5638.946161833863      29
0.7877777777777778     8763.384489300452      35
0.7799999999999999     7822.767378382469      33
0.7788888888888889     7799.336234132667      33
0.7522222222222223     6311.790231833543      29
0.7833333333333334     8541.575976093878      35
0.7766666666666666     7715.289049470826      33
0.7533333333333335     6645.986700299454      30
0.7799999999999999     8179.526632799061      34
0.77     7042.53100043851      31
0.7677777777777778     7051.724191629674      31
0.77     7372.95739342992      32
0.7666666666666667     6669.008891034481      30
