0.8055555555555556     9620.699593556208      38
0.7766666666666666     8016.825482720305      35
0.8044444444444445     8822.91168438424      36
0.7666666666666666     8042.822727346207      35
0.7488888888888885     6559.742035873273      31
0.7355555555555552     6144.5229604308115      30
0.7922222222222224     8991.512593271913      37
0.7599999999999998     7380.140779883302      34
0.7633333333333332     7872.518340699252      35
0.79     8337.102401364102      35
0.7855555555555556     8564.231622396592      36
0.8033333333333333     9544.411884271043      38
0.75     7841.866507408508      35
0.7644444444444441     7902.28640606156      35
0.8166666666666667     12013.929682293434      42
0.753333333333333     8186.84826353125      36
0.8     9523.64469585113      38
0.7544444444444443     8254.448032856402      36
0.7855555555555556     8834.854854599595      37
0.7933333333333334     9378.849725241693      38
0.7833333333333334     8828.888633775601      37
0.7611111111111114     9017.06705180408      35
0.7755555555555556     8447.667774183734      36
0.743333333333333     7922.221009470506      35
0.7766666666666666     8557.590756028592      36
0.7866666666666667     8868.91938886348      37
0.79     8952.48291501228      37
0.8033333333333333     9901.211936906491      39
0.7633333333333333     8268.290731627187      36
0.7755555555555552     8368.188735589018      36
0.7844444444444444     8829.668152679395      37
0.7877777777777778     8886.04648329059      37
0.8011111111111112     9841.763624418316      39
0.8111111111111112     10454.986897820929      40
0.7711111111111109     8300.13305079521      36
0.8     9888.895391839444      39
0.771111111111111     8351.291044332307      36
0.8055555555555556     9980.01284238365      39
0.7977777777777778     9388.358622855283      38
0.8044444444444445     9909.369088005431      39
