0.7566666666666665     12267.53167230958      35
0.7277777777777774     8538.9703943191      32
0.74     10828.096526432877      37
0.7277777777777777     8857.443933460845      33
0.7544444444444444     12021.575027355795      34
0.7011111111111108     7883.21243060027      31
0.7577777777777778     12411.132746844774      35
0.7277777777777779     9131.489565450478      34
0.7222222222222222     8450.68055335843      32
0.7344444444444443     9732.722000047776      35
0.7511111111111111     11423.264274030907      33
0.7277777777777774     9325.253512430225      34
0.7366666666666666     11087.645114213195      33
0.7299999999999998     10035.982836051113      36
0.7222222222222219     8046.490915431871      31
0.7299999999999999     10299.638147916074      31
0.762222222222222     17089.969981572056      38
0.7533333333333333     11854.857879538351      34
0.7566666666666665     12614.398167717243      36
0.7222222222222221     10653.23270423922      32
0.7     10253.946811736012      31
0.7144444444444444     8275.548435407822      32
0.7200000000000001     10752.33739216885      32
0.7066666666666664     8247.343085631166      32
0.7533333333333331     12192.67648754669      35
0.7177777777777777     8380.752911092812      32
0.7133333333333333     10273.731655662003      31
0.7011111111111111     10334.126954558136      31
0.762222222222222     17215.52777650613      38
0.721111111111111     10680.840067676276      33
0.7477777777777777     11401.76281090896      33
0.7533333333333333     12267.85677246888      35
0.7455555555555554     11757.863318429325      34
0.7177777777777777     8702.308780751497      33
0.7577777777777776     12803.168791561617      36
0.7544444444444443     12319.37828706261      35
0.7355555555555555     10765.568607804127      32
0.7388888888888889     11194.954528807708      33
0.7511111111111111     11781.967244891182      34
0.7388888888888886     11266.341058709742      33
0.751111111111111     11861.423381716435      34
0.7355555555555555     10824.805150150009      32
