0.7377777777777778     8897.732861159311      33
0.7366666666666666     9376.373890705205      34
0.7166666666666666     8319.76994265539      32
0.7499999999999999     10376.712067274986      36
0.7499999999999999     10382.951453112368      36
0.7111111111111111     7563.978565797429      30
0.7144444444444443     7571.171645998183      30
0.7533333333333333     13851.420778435197      39
0.7222222222222222     8330.963434605705      32
0.7333333333333333     9451.248021908466      34
0.7288888888888889     8808.104237134423      33
0.742222222222222     9471.390090704444      34
0.7288888888888889     9053.494383052273      34
0.7455555555555555     9874.69511143327      35
0.7011111111111108     7268.936845900801      30
0.7499999999999999     10704.484372007846      37
0.7377777777777778     9599.495321461158      35
0.7577777777777777     12185.211870623818      40
0.751111111111111     11642.85472065901      39
0.7499999999999999     10768.575935653287      37
0.7155555555555556     8199.258949234636      32
0.7499999999999999     11158.452551282764      38
0.7444444444444442     9892.16192426407      35
0.7466666666666665     10284.95307828699      36
0.7499999999999999     11657.390634526997      39
0.7633333333333331     14392.36259181143      40
0.7011111111111108     7880.385627976703      32
0.7222222222222222     8362.452841285789      32
0.731111111111111     9639.517558388188      35
0.7100000000000001     8124.227432005718      32
0.7044444444444443     8211.786400399511      32
0.7277777777777777     9597.85789666458      35
0.7244444444444443     8884.16904502739      33
0.7377777777777776     9740.383735452186      35
0.7377777777777776     10149.72065521861      36
0.7144444444444443     8214.892791319719      32
0.7255555555555556     9167.235443400888      34
0.7466666666666666     11054.13980790362      38
0.7222222222222222     9061.479515153524      34
0.7177777777777778     8606.975222657251      33
0.7055555555555555     8490.600341773288      33
0.7211111111111111     9213.556958778407      34
0.7177777777777778     8607.482446943737      33
0.7088888888888888     8913.64906489995      34
0.7366666666666666     9686.179610703608      35
0.7455555555555555     10247.3267170248      36
0.702222222222222     8209.066945273264      32
0.7277777777777777     9875.606980547476      36
