0.742222222222222     11087.750915549235      38
0.7344444444444443     10524.143238102795      37
0.7533333333333332     13054.717389277756      42
0.752222222222222     12469.704667451506      41
0.7255555555555552     9907.828691306462      36
0.7199999999999999     9524.980823735812      36
0.761111111111111     13833.780431064217      43
0.72     9778.60788392104      36
0.7644444444444443     16662.858289992364      44
0.721111111111111     9978.73038055643      37
0.7755555555555554     17071.4814749246      45
0.7411111111111109     10544.894749251833      37
0.7111111111111111     10271.08737030848      37
0.7355555555555552     10672.450951873498      38
0.7766666666666664     18179.92151160977      46
0.761111111111111     14172.495765038324      44
0.7533333333333332     13717.296625641073      43
0.7122222222222221     10536.552570270389      38
0.7377777777777774     11064.284498260238      38
0.7511111111111108     13175.333770642228      42
0.752222222222222     13486.131560312246      43
0.742222222222222     11090.745438752236      38
0.742222222222222     11493.443292788756      39
0.762222222222222     16150.62710125765      46
0.7544444444444441     16136.131587527983      43
0.7044444444444441     9907.26392575696      36
0.7533333333333332     13979.560653050246      44
0.751111111111111     13371.007863245526      41
0.761111111111111     14247.509422096413      44
0.7355555555555552     11043.587049457647      39
0.7277777777777776     10827.32982972685      38
0.7755555555555554     17218.502586417704      45
0.7644444444444443     18238.949504606968      47
0.7355555555555552     11140.60369732038      39
0.762222222222222     16696.250309426618      47
0.7199999999999999     10600.317194900948      38
0.7599999999999999     14800.130384689486      45
0.7344444444444443     10875.819296323833      38
0.752222222222222     15626.190502461297      43
0.7499999999999998     11699.72182116162      39
0.7477777777777777     12045.135353874812      40
