0.862499999999999     1201.2108960639057      18
0.8333333333333325     819.8861305444767      15
0.8041666666666659     790.874103726504      15
0.791666666666666     598.5196219012373      13
0.7833333333333327     597.0206137128939      13
0.8374999999999992     1059.587733052971      17
0.8249999999999992     821.5492226317201      15
0.8208333333333325     809.5230332954336      15
0.7999999999999993     692.6694367504227      14
0.874999999999999     1511.3910841581987      20
0.7666666666666659     420.48255029102586      11
0.766666666666666     583.4767337694682      13
0.8374999999999991     935.3297551759936      16
0.8666666666666657     1207.150190784936      18
0.6749999999999997     411.53880404220877      11
0.874999999999999     1715.1644530177696      21
0.8541666666666657     1070.3161204224825      17
0.7749999999999994     595.7240165467467      13
0.8708333333333323     1513.5624342456395      20
0.8708333333333323     1713.0222420027908      21
0.779166666666666     785.8358706990346      15
0.8666666666666657     1365.5320397457403      19
0.8541666666666657     1107.3756547134874      17
0.8416666666666659     1459.4594459507662      20
0.7999999999999993     808.5070661534177      15
0.7749999999999994     792.0097591678466      15
0.8291666666666658     827.3271593692302      15
0.8374999999999991     961.1362441820197      16
0.8166666666666659     920.0648555048468      16
0.7999999999999992     835.9454383658689      15
0.7458333333333328     828.8007572470781      15
0.7458333333333327     424.14478670576847      11
0.8666666666666657     1994.9830215493937      23
0.8374999999999991     1057.4432681225244      17
0.8541666666666657     1489.6441171207612      20
0.8291666666666658     1068.2317330302976      17
0.8416666666666658     1227.454025610532      18
0.8333333333333325     1645.1502084745227      21
0.6624999999999999     506.2637871079116      12
