0.7833333333333327     532.0955253097065      12
0.766666666666666     507.5368273853494      12
0.7583333333333327     503.43215038348313      12
0.7708333333333327     508.4144647855394      12
0.7249999999999996     339.35679458181863      10
0.8124999999999992     696.15189096616      14
0.8541666666666657     848.8889560663944      15
0.8374999999999991     812.0950517128401      15
0.8249999999999992     715.6869723408997      14
0.7291666666666661     383.5974618300006      10
0.7749999999999992     516.80343679667      12
0.8041666666666659     602.0297256483925      13
0.7499999999999993     384.5445912008045      10
0.8458333333333324     823.0128431304545      15
0.8583333333333324     967.4398607545804      16
0.7291666666666662     385.06351280672874      10
0.6749999999999997     335.61527703681253      10
0.862499999999999     1079.3757614606961      17
0.6833333333333331     338.24151388804233      10
0.8166666666666659     705.5221884663576      14
0.8541666666666657     1192.5257857323459      18
0.8041666666666658     708.0637789809116      14
0.862499999999999     1216.1626037108997      18
0.7958333333333326     534.493170711256      12
0.6708333333333331     270.93732730243755      9
0.8708333333333323     1366.6070466727172      19
0.7208333333333329     366.35262967253146      10
0.8249999999999992     718.5862674351789      14
0.7749999999999992     545.0242506619927      12
0.7833333333333325     696.7618938344208      14
0.8166666666666659     811.4978141145384      15
0.8124999999999992     711.48650955442      14
0.6083333333333333     210.02649036158326      8
0.8499999999999991     946.9778270697988      16
0.7124999999999995     339.6239421763818      10
0.7708333333333326     518.9405201765524      12
0.7333333333333328     444.5388148296257      11
0.683333333333333     418.2178399690837      11
0.8499999999999991     965.9653782675719      16
0.754166666666666     464.4663026970807      11
0.5166666666666668     361.4756859681943      10
0.8666666666666657     1223.1460969008176      18
0.766666666666666     712.345278406118      14
0.7583333333333327     729.5740416229605      14
0.7291666666666663     500.5406503361434      12
0.8333333333333325     828.2278092610675      15
