0.7166666666666663     506.07868846200665      12
0.874999999999999     1354.6522916990161      19
0.7999999999999993     609.9520686920673      13
0.8708333333333323     1336.9913115117984      19
0.7416666666666661     523.7615969017182      12
0.7166666666666662     429.44129240170207      11
0.8666666666666657     1181.2124293783552      18
0.8583333333333324     1351.7691899806807      19
0.7749999999999994     527.4941853990451      12
0.7333333333333328     562.9246334073788      12
0.5416666666666669     504.39819377621086      12
0.874999999999999     1495.6685295407526      20
0.8541666666666657     1040.9057358474463      17
0.8708333333333323     1653.2984987545683      21
0.8249999999999992     616.0573024205559      13
0.8583333333333324     1946.009194350057      23
0.8374999999999991     816.3267111067961      15
0.8541666666666657     1050.9387130794732      17
