0.7944444444444444     17657.118656257077      48
0.7922222222222222     17304.842608817155      49
0.7911111111111111     16834.990417961046      48
0.7888888888888889     16715.362959513343      48
0.8022222222222224     18937.112724325365      50
0.7833333333333332     16397.442468815112      48
0.8077777777777779     19413.828596817326      50
0.798888888888889     18110.75271382161      50
0.808888888888889     19901.670564662516      51
0.8011111111111112     18458.763116068745      49
0.7977777777777778     17632.13584704991      49
