0.8111111111111111     21229.99733214062      54
0.8155555555555556     22193.121528993463      55
0.8222222222222222     23843.593440985966      57
0.8122222222222222     21381.61431180899      54
0.8166666666666665     22265.38830483207      55
0.8144444444444443     21414.48146272264      54
0.8099999999999999     20670.223628730957      53
0.8155555555555555     21983.246139079278      55
0.8166666666666668     22352.878232357747      55
0.8211111111111111     23256.308142368507      56
0.82     22966.0262529198      56
0.8188888888888889     22387.62201475712      55
0.8177777777777778     22931.17255802824      56
0.8144444444444445     21623.708263777757      54
