0.7933333333333332     21691.69473467368      54
0.7866666666666665     20812.710175829958      53
0.782222222222222     20250.9622844777      52
0.7833333333333331     20263.50642813839      52
0.7944444444444443     21703.24645070316      54
0.7999999999999999     22054.11288170984      54
0.801111111111111     22596.405228628217      55
0.7933333333333331     21169.945076731732      53
0.7922222222222222     21158.75553118474      53
0.7766666666666665     19914.933284304556      52
0.7899999999999997     21128.018316128822      53
0.7755555555555553     19400.624615568628      51
0.7855555555555553     20288.76194528798      52
