0.9622222222222225     19952.148588412172      53
0.9555555555555558     19086.158608731304      52
0.9633333333333337     20042.35256383751      53
0.9533333333333336     19056.66004303322      52
0.9588888888888892     19105.07196049028      52
0.9511111111111115     19058.177196171666      52
0.9511111111111114     17876.308924693214      50
0.9644444444444449     20704.433056183978      54
0.956666666666667     19146.32038421921      52
0.9633333333333337     20174.19914918919      53
0.964444444444445     21810.331842323267      56
0.9655555555555559     22092.684289658773      56
0.9655555555555559     22412.126404023882      56
0.9655555555555559     23056.557941454983      57
0.9655555555555559     24643.008047172116      60
