0.9311111111111114     17628.099649655604      50
0.9333333333333337     18298.594880484525      51
0.9211111111111113     17512.851319083085      50
0.9488888888888894     19821.552203220177      53
0.945555555555556     19026.377550175814      52
0.937777777777778     18358.171414458466      51
0.9177777777777781     16582.430999484557      49
0.9422222222222224     19497.952856896107      52
0.9522222222222227     20993.49201702766      54
0.9622222222222228     21677.85071180011      54
0.946666666666667     20195.731014972      53
