0.9588888888888895     21174.331817661812      55
0.9566666666666672     20455.92586544226      54
0.9566666666666672     21025.934506849822      55
0.9622222222222228     21332.289125219082      55
0.9488888888888893     20771.065808122035      54
0.9622222222222228     21911.359262445883      56
0.964444444444445     22063.047040658857      56
0.9622222222222228     22200.67211543837      56
0.964444444444445     22378.464478358      56
0.964444444444445     22650.782177360226      57
0.964444444444445     22720.156449487768      57
0.9666666666666672     24175.689241570453      58
0.9600000000000005     21914.580326241812      55
0.964444444444445     22967.582308688303      57
