0.8922222222222224     23852.64643191793      56
0.8977777777777779     25689.191081173092      58
0.8788888888888889     22221.840380459384      54
0.8855555555555557     23192.769912066666      55
0.8933333333333335     24969.207481969614      57
0.9000000000000002     28308.43344512678      61
0.8966666666666668     25334.996688563275      58
0.897777777777778     26974.518472132717      60
0.9011111111111113     29511.504692102586      62
0.9000000000000001     28314.123886737972      61
0.9000000000000002     28520.509923706362      62
0.897777777777778     27386.161324827008      60
0.9022222222222225     29524.025781125227      62
0.9044444444444447     31158.082142986204      63
0.9055555555555558     43662.99287751307      75
