0.8833333333333334     10347.364988484513      41
0.8833333333333335     10773.709346652655      42
0.8855555555555555     10878.997894635755      41
0.8644444444444447     8888.20186337799      37
0.8366666666666668     7716.651596542706      35
0.8433333333333333     7746.354085104841      35
0.8355555555555556     7536.691090816602      34
0.88     10332.012825912623      41
0.8677777777777778     9373.02860324499      39
0.8922222222222225     12428.857986645924      45
0.8688888888888889     9609.06900320962      39
0.8766666666666668     9668.776885829804      39
0.8511111111111113     7958.175214735968      35
0.8633333333333334     8989.044879702971      38
0.881111111111111     10443.44997043893      40
0.8388888888888889     8218.803988449847      36
0.8166666666666667     6705.708724671443      32
0.8022222222222222     6975.40916218249      33
0.8322222222222221     7462.537791647871      34
0.868888888888889     9896.577031126755      40
0.89     10904.39927262682      42
0.8955555555555558     12540.585090615674      45
0.8744444444444446     10687.689621581389      42
0.8311111111111112     7161.536061067108      33
0.8233333333333334     7713.018157784229      35
0.7999999999999999     6172.227629990651      31
0.8211111111111111     8093.121239598194      36
0.8611111111111112     8287.451540934288      36
0.7899999999999999     6861.108840927671      33
0.8966666666666668     14803.102730421415      49
0.8188888888888888     7282.937363185691      34
0.8555555555555556     9150.787307061797      39
0.8922222222222222     12481.12489672207      44
0.8700000000000001     9971.724903585678      40
0.7411111111111106     5806.822806350891      31
0.8433333333333333     8524.431922215083      37
0.7877777777777776     6753.687188599604      33
0.6511111111111106     5910.052621637015      32
0.8188888888888889     7427.587585967474      34
0.8911111111111112     11423.832645890336      43
0.8866666666666666     12305.216409007853      45
0.771111111111111     6868.79805247239      33
0.8455555555555555     9416.16303510433      39
0.7799999999999997     8107.797438079107      36
0.788888888888889     8269.916250908884      36
0.8766666666666667     11214.238700368905      43
0.8377777777777775     10275.446574860289      41
