0.8733333333333335     9689.856302480892      40
0.8333333333333331     7728.083605912076      35
0.8755555555555558     12488.458170942897      46
0.8422222222222222     9441.550394776159      39
0.8333333333333333     10293.50754091594      41
0.8833333333333335     13305.045620256966      47
0.87     10416.411654226456      42
0.83     6803.917662606863      32
0.7299999999999995     5677.403146403389      30
0.8744444444444447     12356.465964161584      46
0.8366666666666669     9396.694313095617      39
0.8511111111111112     9573.640281548865      39
0.8055555555555556     7731.9002318335915      35
0.8     6341.844178923428      31
0.8122222222222224     5846.541783977187      29
0.861111111111111     12513.918839662498      46
0.8300000000000001     6271.993799058396      31
0.875555555555556     11815.143772671181      44
0.8333333333333335     11460.448376303095      44
0.8711111111111112     9662.866875089081      39
0.7211111111111105     5700.649438021509      30
0.8644444444444445     9533.988699586538      40
0.8655555555555556     11394.353763927807      44
0.7633333333333332     5722.069814756213      29
0.876666666666667     12534.838746957797      45
0.7911111111111111     6210.486908090194      31
0.7811111111111109     7635.609056475189      35
0.8877777777777782     13454.005692436605      47
0.8755555555555559     13266.721906871748      47
0.781111111111111     5844.597207309369      30
0.7355555555555551     6303.883828215469      32
0.8622222222222222     8334.86268450566      36
0.8888888888888891     11559.483757313972      44
0.7299999999999995     5982.441794089645      31
0.8677777777777781     10117.604543878739      41
0.8422222222222219     8183.34155363571      36
0.8766666666666666     11461.889471485525      43
0.831111111111111     6909.951189239321      33
0.8688888888888889     8894.219034947217      37
0.8188888888888888     9728.597580418544      40
0.7422222222222218     6540.154482756699      32
0.7788888888888889     6328.552410039501      32
0.7966666666666662     10583.742399212206      42
0.8277777777777778     9816.251769478686      41
0.8599999999999999     7946.284003580253      35
0.8722222222222226     10889.005855943109      42
0.8444444444444447     12138.573469801377      45
0.8800000000000003     12770.102948342777      46
0.8633333333333333     8662.041794838953      37
0.7600000000000001     6577.522978219535      33
