0.9622222222222228     20163.07472068334      53
0.9511111111111115     18692.9525140163      51
0.9577777777777782     19348.856784491967      52
0.9533333333333337     18933.1443506192      51
0.9488888888888892     18006.142340677605      50
0.9611111111111116     20178.72017292537      53
0.9600000000000005     19351.2627266515      51
0.9500000000000003     18495.79134613652      51
0.9655555555555562     21898.8667740068      55
0.9622222222222228     21157.474707421006      54
0.9655555555555562     23238.534406628827      57
0.9622222222222228     21509.557381147555      55
0.9622222222222228     21761.827662205094      55
