0.9666666666666671     23298.825033515513      57
0.9622222222222226     21399.306165326667      54
0.9588888888888892     20974.121231555084      54
0.9633333333333337     21868.861150102508      55
0.9588888888888893     20979.382863980518      54
0.9566666666666671     20256.9208248377      53
0.9488888888888892     20419.180726318293      53
0.9611111111111116     21056.114384196266      54
0.9633333333333337     21933.478749390622      55
0.9600000000000004     21334.9352696518      54
0.9622222222222226     21788.607437810435      55
0.9666666666666671     23557.830448675777      57
0.965555555555556     23134.910473489235      57
0.9700000000000005     24463.244468943023      58
0.9644444444444449     22472.51809312722      55
0.9666666666666671     23834.09793371135      57
0.9666666666666671     24321.755406435357      58
0.9688888888888894     24571.49871855545      58
0.9700000000000005     25142.339127539988      59
