0.9466666666666669     18723.012669109678      51
0.9244444444444445     17556.462540957633      50
0.9533333333333336     20466.242034481744      53
0.9511111111111114     19454.425752175695      52
0.9533333333333336     20711.71167066702      54
0.9500000000000003     19471.91221170266      52
0.9466666666666669     20187.598170054764      53
0.9588888888888892     23816.053507958673      58
0.9577777777777781     24010.47887978088      58
0.956666666666667     21454.461031814033      55
0.956666666666667     21805.0210197236      55
0.956666666666667     22508.639397995088      56
0.9588888888888893     24214.678455234607      59
