0.8522222222222221     20385.717902951612      59
0.8733333333333333     20539.759420707218      59
0.88     21905.82603084314      61
0.8866666666666667     22626.61948771761      62
0.8744444444444445     20739.79911605788      59
0.8777777777777778     21203.73760850413      60
0.8788888888888889     21255.66315483083      60
0.8811111111111114     22530.76570329975      62
0.8788888888888889     21510.61929529602      61
0.8755555555555555     21226.29395405343      60
0.8811111111111112     21945.0877461848      61
0.8833333333333333     22645.897008367137      62
0.8811111111111112     21956.646342541266      61
0.8833333333333334     22661.62482288801      62
