0.8911111111111114     19099.72070439512      57
0.8833333333333333     17727.71024001033      55
0.8822222222222222     17656.05526060685      55
0.8844444444444448     17728.054162066896      55
0.8777777777777779     16996.382826487752      54
0.8900000000000002     18473.95920433953      56
0.8811111111111113     17760.907472233303      55
0.8900000000000003     19023.69255832132      57
0.8955555555555558     19790.01538385805      58
0.8944444444444446     19155.002242261136      57
0.885555555555556     18344.845701852344      56
0.8888888888888892     18397.649376994537      56
0.8966666666666668     26688.51516800885      68
