0.8900000000000002     20517.51056870425      59
0.8911111111111113     21147.479917727323      60
0.8922222222222224     21155.150035900024      60
0.8955555555555557     21191.747404284863      60
0.9033333333333334     22647.045907026422      62
0.8966666666666668     21863.500179881827      61
0.9     22568.840774264587      62
0.8944444444444446     21217.41193589787      60
0.898888888888889     21903.668107290778      61
0.898888888888889     22561.359283865044      62
0.9011111111111112     22574.312497635798      62
0.8955555555555557     21845.968065278117      61
0.8955555555555558     21855.449257436412      61
