0.20444444444444437     5062.986397601201      33
0.1966666666666666     4660.80777620481      32
0.19333333333333327     4005.171702392167      29
0.21888888888888886     6439.781178500951      37
0.19555555555555548     4291.238793098486      30
0.16777777777777766     2776.544788178722      24
0.2177777777777777     5625.626266149024      34
0.22222222222222218     7790.737495415195      40
0.19555555555555548     4569.863263452658      31
0.1399999999999999     2902.868790432639      25
0.10999999999999988     2288.335101134644      23
0.13777777777777767     2487.7682162292163      23
0.22111111111111106     6674.3440042581815      37
0.19111111111111098     3605.032548816614      28
0.18444444444444436     3762.4156371667896      28
0.20999999999999994     5585.72204738448      34
0.21888888888888883     6152.268741617937      35
0.20333333333333325     4780.550995328858      32
0.22222222222222218     9640.280635850571      45
0.09333333333333324     1901.8286653633534      21
0.19666666666666663     4919.658450233383      33
0.1966666666666666     4960.957372981737      33
0.19222222222222218     4616.286355958816      32
0.16777777777777766     2973.53560373798      25
0.20888888888888882     5322.498264920276      33
0.20111111111111105     5160.047645688045      33
0.1788888888888888     3556.549010607653      28
0.1688888888888888     3136.9142261288143      26
0.1633333333333332     3591.406706930038      28
0.20333333333333325     5377.662767869617      34
0.19111111111111104     3975.7155573679624      29
0.20333333333333328     7370.834201800507      39
0.14666666666666658     3288.307109510125      26
0.15111111111111103     3596.4916317489156      28
0.1677777777777777     3611.6648428384838      28
0.18777777777777768     4126.225635949422      29
0.20333333333333325     6892.022530201845      38
0.14111111111111105     3590.4723721978926      28
0.15777777777777766     3628.709135898589      28
0.1755555555555555     4011.691050409234      29
0.1399999999999999     3074.245234477034      26
0.22111111111111106     7466.10669041436      39
0.10444444444444434     2202.469371776466      22
0.13444444444444437     4117.433533938777      30
0.12555555555555545     3037.4215512676724      26
0.1966666666666666     5387.900544203309      34
0.19111111111111098     4398.707854801127      31
0.17888888888888876     4191.042519533607      30
0.19555555555555548     4879.492043000695      32
0.20222222222222216     5529.477832296093      33
