0.8355555555555554     23636.5301448093      58
0.8366666666666664     24455.55276847446      59
0.8366666666666664     25216.677790750164      60
0.8355555555555554     25477.38006044921      60
0.8233333333333329     22851.645221940274      57
0.8166666666666662     22134.707093933168      56
0.8311111111111108     22881.034422406155      57
0.8355555555555554     25644.02178923213      61
0.832222222222222     23019.902014379135      57
0.8366666666666664     25737.58869395081      61
0.8288888888888885     23056.095874229788      57
0.8288888888888885     24443.507246194262      59
0.8177777777777774     23595.595337537405      58
0.8366666666666664     26313.782814957645      61
0.8311111111111108     24989.231216455624      60
