0.8266666666666664     18838.96034018523      51
0.823333333333333     19065.27848228695      52
0.8333333333333331     20220.21069654202      53
0.8288888888888887     19423.407342731174      52
0.8344444444444443     20810.427161652664      54
0.8199999999999996     18340.894756767204      51
0.8211111111111107     19053.06781297864      52
0.8355555555555554     21757.693188819485      55
0.8333333333333331     20316.70817568653      53
0.8355555555555554     22938.349438278827      57
0.8311111111111109     19507.48681740304      52
0.8344444444444443     20869.527768549407      54
0.8333333333333331     20763.276627967654      54
0.8344444444444443     22038.620170197486      56
0.8255555555555553     20289.410792370694      54
0.8299999999999998     20638.523391889496      54
0.8311111111111109     21228.19779634498      55
