0.8211111111111107     21649.041340527092      56
0.8211111111111107     21657.031505708364      56
0.8299999999999998     21921.605073865292      56
0.8299999999999998     22558.12363184192      57
0.8366666666666666     23532.78886977131      58
0.8355555555555554     23478.780399803098      58
0.8311111111111109     22613.28279528679      57
0.8377777777777777     25023.01913206805      60
0.8222222222222219     22341.70708225476      57
0.8299999999999998     22572.76244775759      57
0.8366666666666666     26360.410610563467      62
0.8266666666666663     23188.496125304366      58
