0.8288888888888887     20621.256653065273      54
0.8199999999999996     18701.759197018746      51
0.8299999999999998     21369.168781776585      55
0.8288888888888887     20659.436781421922      54
0.8311111111111109     21975.510712756262      56
0.8299999999999998     22065.349616113115      56
0.8299999999999997     20753.19362378971      54
0.8277777777777775     20097.895619642473      53
0.8299999999999997     21477.625350284707      55
0.8266666666666663     19449.098574075495      52
0.8222222222222219     19281.080878453893      52
0.8288888888888887     20688.899798650848      54
0.8277777777777775     20775.896681544284      54
0.8277777777777775     22022.760420399187      56
0.823333333333333     20594.126416984836      54
