0.8355555555555554     22029.72547873709      56
0.8288888888888887     20881.34181625153      54
0.8366666666666666     22349.4190765468      56
0.8344444444444443     21494.93037016082      55
0.8355555555555554     22151.868891644237      56
0.8344444444444443     21530.212248041462      55
0.8366666666666666     22363.186035519066      56
0.8299999999999997     21558.304638538993      55
0.8355555555555554     22167.951942164764      56
0.8311111111111109     22053.613199325457      56
0.8344444444444443     22123.132170705143      56
0.8366666666666666     24182.091083596737      59
0.8355555555555554     22273.21210051664      56
