0.8155555555555554     18391.30013655746      49
0.8333333333333331     21089.452057516264      53
0.832222222222222     20344.478308430756      52
0.8333333333333331     21624.320614671666      54
0.8244444444444441     19457.84250603397      51
0.8333333333333331     22278.390460644554      55
0.8144444444444442     19252.687213743127      51
0.8333333333333331     22827.95446741405      56
0.8255555555555553     19562.68398882371      51
0.812222222222222     18688.395302202214      50
0.8155555555555553     19426.382910584714      51
0.8277777777777775     20211.94323709085      52
0.823333333333333     19552.309065533333      51
0.8311111111111109     20501.065001302555      52
