0.7755555555555554     23146.45401205485      57
0.771111111111111     20330.769667973145      54
0.7733333333333332     21045.09921607711      55
0.7744444444444443     21820.210703766894      56
0.7477777777777775     21574.10051886458      56
0.7744444444444442     22569.400352249428      56
0.7744444444444443     23128.908088850272      58
0.7855555555555553     24874.762602283397      57
0.7877777777777776     25616.599725699434      57
0.7755555555555554     23154.28203495664      57
0.7844444444444443     23916.537256591197      56
0.7766666666666665     23308.27098215418      57
0.7866666666666665     25563.6766595004      57
0.7877777777777776     26374.139982650937      58
0.7877777777777776     26960.56511547341      59
0.7877777777777776     27758.259969387047      60
