0.7544444444444443     22834.77695651992      55
0.7655555555555555     22193.33492722373      57
0.76     22948.115687262307      55
0.7788888888888887     24562.491831774474      57
0.752222222222222     23473.534168946855      56
0.7722222222222221     24319.85463571062      57
0.7455555555555554     22793.81545186053      56
0.7711111111111109     24310.00492131656      57
0.7666666666666665     25588.4100668368      57
0.7644444444444443     25328.381584261082      56
0.781111111111111     25745.59621526334      59
0.7788888888888887     26145.812926347884      59
0.7855555555555553     27475.198011011482      59
0.7855555555555553     28186.42697193096      60
