0.11999999999999988     19169.88643569044      65
0.2377777777777776     24348.112482067943      75
0.231111111111111     30919.709080617464      83
0.1988888888888887     21267.017625370416      70
0.13444444444444434     22247.143177533064      71
0.2199999999999998     23245.16782150918      72
0.2144444444444443     25479.292194632104      75
0.17555555555555533     22877.17458532761      72
0.17777777777777753     22906.694998136212      73
0.19555555555555545     23935.85519829403      74
0.16999999999999982     24203.62241748762      74
0.2011111111111109     25578.485539819005      76
0.19222222222222204     25970.45237661938      77
0.18999999999999984     25376.363128827128      76
0.16777777777777758     24894.08429758436      75
0.22999999999999984     26420.633878468958      77
