0.1955555555555554     23760.292332744168      74
0.2066666666666665     24914.38571455488      75
0.1933333333333331     23862.28667754756      74
0.23888888888888873     24988.918798412466      75
0.20222222222222205     25551.98292594234      76
0.20222222222222203     24432.1997198702      74
0.192222222222222     23612.697186074576      73
0.17333333333333317     20900.085110055043      69
0.18888888888888875     22531.97703817737      71
0.2088888888888887     25718.38403292764      76
0.22111111111111098     25773.247545417544      76
0.18777777777777763     26104.529648565698      76
0.1599999999999998     24708.21468302624      75
0.17999999999999983     25560.530912828006      76
0.1788888888888886     25676.419486322015      76
0.22222222222222202     26387.204001974347      77
