0.7822222222222222     11491.67897485579      38
0.7322222222222219     8662.046869415857      33
0.7488888888888882     8825.291400840939      33
0.7799999999999999     10193.135615341966      35
0.7422222222222218     9088.176553607696      34
0.7499999999999998     9192.593096777431      33
0.7399999999999995     8912.373083937573      34
0.7211111111111107     7963.897088465032      32
0.7255555555555551     8337.325410380306      33
0.744444444444444     9091.50894907324      33
0.7366666666666662     8986.843718523744      34
0.7066666666666663     8327.714240388388      33
0.7199999999999998     8514.95153372403      33
0.7066666666666662     7651.464415599138      31
0.7033333333333329     7887.284391221892      32
0.7055555555555552     8297.255038503272      33
0.702222222222222     8306.20337505081      32
0.7655555555555551     9586.032004199524      34
0.7922222222222222     13441.126775621915      39
0.7733333333333332     10120.906766176227      35
0.7588888888888885     9273.538724588278      34
0.7711111111111109     9607.089713117655      34
0.788888888888889     12652.028540771083      40
0.7799999999999999     10654.833485088711      36
0.7822222222222222     11554.38461434074      38
0.7788888888888889     11350.120346046273      38
0.7388888888888887     9377.501487664867      34
0.7799999999999999     11419.661214289481      38
0.7822222222222222     11872.837277982871      39
0.7711111111111109     10031.62954521929      35
0.7322222222222219     8672.742747962786      33
0.7844444444444444     13364.573052316322      42
0.7833333333333333     12729.057380611066      41
0.7533333333333331     9678.56159058441      34
0.7599999999999996     10018.74061542088      36
0.7788888888888885     10986.534785661052      37
0.7733333333333332     11292.196532569744      38
0.7533333333333331     9680.419045481538      34
0.7766666666666665     11801.114450574556      37
0.7588888888888885     9885.559311781935      36
0.7577777777777773     9629.084653819149      35
0.7377777777777775     9087.995511964984      34
0.7888888888888889     13730.487051251439      43
0.7655555555555553     10582.641257252886      37
0.7499999999999998     9497.528120569476      34
0.7766666666666664     11691.622769378166      39
0.7577777777777778     10342.100150783946      36
0.7188888888888886     8668.154272029      34
0.7211111111111106     9118.521526559301      35
0.744444444444444     9682.328548925138      35
