0.7722222222222219     11685.633533377064      37
0.7455555555555551     9807.698446409044      36
0.7544444444444441     10329.823605750498      37
0.7833333333333331     13028.678801644963      39
0.7211111111111108     9336.681697490709      36
0.7466666666666664     10290.750555416      37
0.7766666666666666     12290.824163993384      40
0.7511111111111112     10485.910031777787      37
0.702222222222222     9539.445860193006      37
0.782222222222222     12724.755832354096      40
0.7477777777777774     10417.22049189797      37
0.7411111111111108     10235.522483352226      36
0.7911111111111109     13134.517020104768      39
0.7755555555555554     11366.472795985032      38
0.7888888888888889     13862.579691148896      42
0.7811111111111109     12848.430667444962      41
0.7688888888888887     10819.741912380574      37
0.7777777777777775     12658.595422894694      39
0.7866666666666666     13003.377773425227      41
0.7833333333333331     13850.643579797357      41
0.7811111111111108     12782.181082309831      39
0.7766666666666665     11507.659711288292      38
0.7866666666666665     13936.32636837521      41
0.7722222222222219     12117.926908696549      38
0.7011111111111109     9006.331654422058      35
0.7377777777777774     10616.377037721344      37
0.7644444444444444     10672.996450768856      37
0.7244444444444441     9831.086641715025      35
0.7699999999999998     11348.02559005178      38
0.7944444444444444     14670.766766840934      42
0.7788888888888887     12472.537632215131      40
0.7522222222222219     10726.501770837696      36
0.7355555555555553     10250.059677119745      36
0.7944444444444442     15528.997219125002      43
0.7655555555555554     11409.27315703127      37
0.7777777777777777     12745.988024917166      41
0.7666666666666666     11018.533290007621      38
0.7866666666666665     14162.49155216373      41
0.7011111111111115     10227.376119520239      37
0.7733333333333332     11715.670305219472      39
0.7266666666666665     10364.764333394038      36
0.7766666666666665     11901.764494648238      39
0.7555555555555555     10877.750316711583      38
0.7599999999999999     11039.960410844973      38
0.7766666666666665     11940.34785533775      39
0.78     13568.521577031095      41
0.7533333333333332     10634.048646293966      37
