0.7866666666666665     16963.071890603933      47
0.783333333333333     16095.000936206072      47
0.7944444444444443     17211.59333318241      47
0.7399999999999998     11643.983743717723      41
0.7822222222222219     15471.672378130026      46
0.7299999999999996     12542.484696261392      41
0.7855555555555555     16419.812648710977      46
0.7644444444444441     13313.68725707863      43
0.7455555555555553     13460.613301164893      44
0.7855555555555552     16317.891547189714      47
0.7655555555555555     14938.60532367277      44
0.7999999999999997     18177.827100333827      48
0.8011111111111109     22386.757423752115      50
0.8033333333333331     23915.51385434088      52
0.7944444444444443     17219.4130955733      47
0.7899999999999998     20904.25464618453      48
0.7999999999999997     19065.29711192664      50
0.7855555555555555     17428.37830720029      48
0.7944444444444443     18228.031020273273      49
0.7888888888888888     17788.44525097471      48
0.8033333333333332     24685.723909414573      53
0.8022222222222221     23707.471658668306      52
0.7788888888888887     15402.707957693001      46
0.7833333333333332     16139.357101097932      46
0.7822222222222219     16569.46900631826      48
0.7866666666666665     17582.89454323946      48
0.7999999999999999     22027.220981370396      50
0.7388888888888886     12420.845342065668      42
0.7544444444444441     13545.680634967242      43
0.7866666666666665     19978.140039777783      47
0.7766666666666663     15940.637660690696      47
0.7866666666666663     17242.42099088522      49
0.762222222222222     13865.908823648851      44
0.7577777777777773     13763.514485882786      44
0.8022222222222221     24535.614976480636      53
0.8011111111111109     22427.42227511191      50
0.8011111111111109     22448.606074033527      50
0.7977777777777776     18429.979749036716      49
0.8011111111111109     23173.40250701125      51
0.7988888888888888     21482.859763473185      49
0.7911111111111109     18395.488241384184      49
