0.7988888888888885     15990.977936421834      45
0.7699999999999999     9683.941394720185      34
0.791111111111111     11673.117329013561      37
0.7999999999999997     17052.179045290926      47
0.7977777777777775     15290.857407004352      44
0.7488888888888885     8969.893278452286      33
0.7422222222222223     8493.623573701929      31
0.7433333333333331     8397.692547596027      32
0.7955555555555553     14213.812643419107      42
0.7811111111111108     10346.962230095083      35
0.7722222222222221     9850.75207261529      34
0.763333333333333     9718.968986931664      34
0.7933333333333332     11920.312629480411      37
0.7799999999999998     10425.006165378802      35
0.7999999999999997     17457.05767797921      48
0.7955555555555553     15127.770479488638      44
0.7999999999999997     18068.490367219016      48
0.7966666666666664     15211.958793072256      43
0.741111111111111     8811.052419441747      32
0.7888888888888888     10700.075053357645      35
0.7622222222222218     9275.732498465179      33
0.7911111111111112     12965.581793935356      40
0.791111111111111     12097.873560618213      38
0.7944444444444443     13401.05365627078      40
0.7722222222222221     10234.852125997875      35
0.7755555555555552     10657.492058210892      36
0.7977777777777775     16036.889361456806      45
0.7488888888888885     9215.588867744642      33
0.7822222222222223     11606.733178709766      35
0.7577777777777776     9521.449816014108      34
0.7599999999999998     9680.447972438022      34
0.7722222222222219     9884.405609999416      34
0.7933333333333332     13585.140795773836      41
0.7888888888888888     11086.933947927137      36
0.7422222222222218     9328.343480006732      34
0.791111111111111     12448.600995540903      39
0.7666666666666664     10435.46876667016      36
0.7933333333333332     14503.499052396419      43
0.7988888888888885     16090.64768884087      45
0.7866666666666665     10818.307685419732      36
0.7966666666666665     15535.728301140569      44
0.763333333333333     9783.65074542467      34
0.7899999999999999     12978.442896126184      40
