0.8088888888888889     16658.728727073405      45
0.761111111111111     9665.753308681211      34
0.761111111111111     10005.07454484976      35
0.7966666666666667     14030.41637443945      41
0.7666666666666667     10165.63463422667      35
0.7788888888888891     11736.865714922234      36
0.7844444444444444     12400.259565179776      40
0.7755555555555553     12134.38084823845      38
0.7944444444444443     14197.947798275782      43
0.7899999999999998     13811.878138220132      43
0.7855555555555555     12481.790590909102      40
0.7844444444444443     12720.409444957506      39
0.8033333333333332     14993.694627412464      42
0.7855555555555556     13071.037570499542      41
0.7888888888888889     13697.237693632933      40
0.8066666666666666     16053.82858929328      44
0.7855555555555556     13170.329235801206      39
0.7255555555555553     9145.764303396176      34
0.7844444444444444     12774.831351697227      37
0.73     10115.929037422131      37
0.7922222222222224     14147.078420746815      41
0.8055555555555556     15641.647115753745      43
0.7833333333333334     13317.256498637049      40
0.8077777777777777     16598.219459213873      45
0.801111111111111     14607.78994338038      42
0.781111111111111     12646.84854947315      39
0.8133333333333332     17527.32594636835      46
0.8088888888888889     17097.058712849554      46
0.8055555555555555     15504.836619534644      43
0.7977777777777778     15582.559216942083      44
0.7733333333333333     10888.516928526424      34
0.8022222222222222     17217.953334721497      47
0.79     14799.512225815473      43
0.8077777777777777     17687.23561315981      47
0.7944444444444443     15644.237223021915      44
0.7044444444444444     9041.96760450364      34
0.79     14965.225238855033      43
0.7633333333333331     10129.00032280465      35
0.7855555555555556     13864.412297456645      41
0.7733333333333332     11091.389719968754      37
0.772222222222222     12459.097225088963      39
0.7288888888888888     10905.056859546849      38
0.7966666666666666     15394.72711746818      45
0.713333333333333     9539.176987172319      35
0.7577777777777776     11537.380396358498      37
0.801111111111111     15991.422102304641      45
0.7688888888888887     11879.3627895915      38
0.798888888888889     17136.862021162542      47
0.7522222222222221     11745.510565950399      38
0.7466666666666661     11177.548413266135      39
