0.7544444444444441     9500.861557500435      35
0.7722222222222219     11460.390724835297      39
0.7499999999999998     9361.740119913551      35
0.7877777777777775     11935.535648964476      39
0.7855555555555553     15466.006214014516      46
0.7566666666666664     10020.233413547276      36
0.7666666666666665     10196.983268883463      36
0.7088888888888887     8395.980239466488      34
0.7766666666666663     11571.133857905144      39
0.7899999999999999     16328.138085950233      45
0.7444444444444442     8875.00969633083      34
0.7811111111111111     13744.725743306282      43
0.7588888888888886     10053.114030579958      36
0.7099999999999999     8470.693024152595      34
0.7588888888888886     10617.471742579779      37
0.7355555555555553     9168.452320172933      35
0.7477777777777775     9332.619406785445      35
0.7644444444444443     10621.783554514459      37
0.7377777777777775     9180.895750709547      35
0.7333333333333331     9322.819449284638      35
0.7588888888888886     10926.748772850613      38
0.7499999999999998     9391.670875476379      35
0.7788888888888887     13694.196196099232      43
0.7277777777777775     8983.161332157984      35
0.7077777777777777     8500.99239419618      34
0.7577777777777776     10390.336381568708      37
0.7766666666666665     12177.109317381457      40
0.7055555555555554     8598.017114418331      35
0.7666666666666665     10932.42034458943      38
0.7744444444444444     13803.776421103548      44
0.7899999999999999     16956.911443443492      46
0.761111111111111     11408.649843676725      37
0.7566666666666664     10159.642217175151      37
0.7677777777777776     12693.712414061236      39
0.7655555555555553     11799.11972175547      40
0.7711111111111111     12805.880166115714      39
0.7555555555555553     9824.969786732181      36
0.7722222222222221     13977.858610338646      41
0.7555555555555553     9847.820675009913      36
0.7666666666666665     11826.304095199137      38
0.7566666666666664     10341.662015916874      37
0.7022222222222221     8830.487273568122      34
0.7755555555555556     13871.041566594871      42
0.713333333333333     9079.970856385313      35
0.7577777777777776     10462.38845932262      37
0.724444444444444     9247.009358295301      36
