0.6833333333333331     5246.538753801105      39
0.7124999999999997     5482.123581587171      40
0.7124999999999997     5510.867846496766      40
0.7124999999999997     6065.24192402633      42
0.7124999999999997     6073.488489267586      42
0.7124999999999997     6385.175001358366      43
0.7041666666666665     5781.114750734004      41
0.708333333333333     5829.385621808558      41
0.7041666666666665     6077.826174724963      42
0.7124999999999997     8617.578429367752      50
0.708333333333333     6714.220170618149      44
0.708333333333333     7638.498780712476      47
