0.6916666666666664     4671.777742831988      37
0.708333333333333     5249.377114345942      39
0.7124999999999997     5768.49269510521      41
0.7041666666666665     4721.6336229939825      37
0.6958333333333331     6134.933768749691      42
0.6833333333333331     5611.865536384855      40
0.7124999999999997     6607.041309990546      44
0.708333333333333     6333.939966176493      43
0.708333333333333     6732.7675464097      44
0.5833333333333333     6748.369506745874      44
0.7124999999999997     6748.844097008356      44
0.708333333333333     7370.952093382112      46
