0.9600000000000004     22159.78216362951      55
0.9600000000000004     22227.3122898142      55
0.9544444444444447     21317.200696028736      54
0.9644444444444449     23610.981965022118      57
0.9633333333333336     22912.28278930375      56
0.9688888888888894     26576.934784032186      61
0.9533333333333337     21369.768190802824      54
0.9666666666666671     23896.462667397147      57
0.9655555555555559     24152.724266833426      58
0.9633333333333338     24128.404973276378      58
0.9533333333333337     21377.420018673143      54
0.9633333333333337     23847.331366550014      57
0.9466666666666669     21461.138961854507      55
0.9611111111111115     23395.038853515467      57
0.9611111111111114     22415.088508079287      55
0.9666666666666671     24329.781551842363      58
0.9655555555555559     25197.084803353933      59
0.9633333333333336     23519.109311187374      57
0.9533333333333336     21959.57449101016      55
0.9577777777777781     22001.71332921545      55
