0.9577777777777781     22201.33499363125      55
0.9444444444444446     20036.163170380154      52
0.9600000000000001     24192.555009195567      53
0.9533333333333336     23296.98228566269      52
0.9511111111111112     20292.963474845063      52
0.9688888888888892     25255.450494653483      54
0.93     18530.50105596281      50
0.9422222222222222     19845.214246907202      52
0.9644444444444448     25763.00852516026      55
0.9411111111111113     21983.145890605476      50
0.9522222222222223     20737.772893679678      53
0.9544444444444447     23450.78448279129      52
0.9544444444444447     21012.61982991384      53
0.9533333333333336     22072.841621031374      55
0.9700000000000004     26527.524755316685      56
0.9511111111111114     24145.61136517648      53
0.9522222222222224     22010.554147164552      55
0.9477777777777782     23206.653678082377      52
0.9500000000000002     21437.242495752675      54
0.938888888888889     19851.152326403633      52
0.9433333333333335     20114.95362144173      52
0.9588888888888892     24471.23510560821      53
0.9222222222222222     18847.43870528795      51
0.948888888888889     20588.112543223568      53
