0.9444444444444445     22577.890191271745      58
0.938888888888889     21884.233373940737      57
0.9288888888888889     20457.09206763883      55
0.9288888888888888     21563.27931236365      57
0.9511111111111114     24090.53121952187      60
0.9266666666666665     20863.43006462328      56
0.9444444444444448     22734.846749777596      58
0.9555555555555559     24536.211056114003      60
0.966666666666667     26259.082160481983      62
0.9544444444444449     24256.058729029643      60
0.9555555555555558     24577.891053482443      60
0.9477777777777779     22828.483909722527      58
0.9255555555555557     20907.54456293151      56
0.9322222222222221     22299.488520443236      58
0.9166666666666666     20400.45178358972      55
0.9677777777777782     26939.52596229886      63
0.9577777777777782     24600.79050613417      60
0.9500000000000001     23645.628112919592      59
0.9444444444444444     22730.55911460821      58
0.957777777777778     25868.100292829673      62
