0.9577777777777778     25999.702225492623      57
0.9700000000000005     31242.222609876582      63
0.9577777777777778     27118.173921272784      58
0.9588888888888892     26322.960512213198      62
0.9677777777777783     28455.044105754914      60
0.9633333333333337     28445.763656521995      60
0.9555555555555558     24859.725258172733      60
0.9444444444444446     23868.175077474774      59
0.9688888888888895     28833.711405562586      60
0.9700000000000005     31570.21405099829      64
0.9577777777777781     25104.530358366945      60
0.9644444444444449     31082.098032214628      64
0.9566666666666669     28897.44557811229      61
0.9700000000000005     34122.77575382136      67
0.9600000000000004     27214.590728789437      63
