0.9555555555555558     21513.821902309715      55
0.9244444444444446     18474.040022400513      51
0.8855555555555551     16837.488249318663      50
0.9466666666666669     20567.966687205      54
0.9622222222222225     24469.53743928561      59
0.9588888888888892     24411.51159283002      59
0.9577777777777781     22146.70563979227      56
0.9555555555555556     22674.426691351022      57
0.9444444444444446     19446.07417106908      53
0.9544444444444447     24214.3958500505      59
0.9266666666666669     18618.017800392372      52
0.9333333333333336     19881.051346025433      54
0.9511111111111114     21073.57836545568      55
0.9477777777777779     22153.52178927202      57
0.9611111111111115     24519.21567656006      59
0.9411111111111112     20963.43469859162      55
0.9455555555555557     22393.00960222024      57
0.9422222222222224     21002.344265844666      55
0.9511111111111114     22634.753613961162      57
