0.9822222222222228     29618.68427623696      61
0.9500000000000002     22662.689022563256      57
0.9711111111111115     25262.22800149993      60
0.9655555555555558     24317.541893850237      59
0.9722222222222227     25298.320471026094      60
0.9788888888888893     28004.699871906963      59
0.9577777777777781     24319.462322502208      59
0.9811111111111115     28946.798972979403      60
0.9844444444444449     31402.908803368086      63
0.9833333333333338     29699.991206800478      61
0.9800000000000004     30446.31168749976      62
0.9677777777777781     24321.13843729084      59
0.9744444444444449     25632.027352186946      60
0.9833333333333338     31019.194502180846      63
