0.4855555555555555     9129.464207074938      38
0.4522222222222222     7783.412601183761      35
0.44999999999999996     6666.347068356185      32
0.4733333333333333     9125.808762383824      39
0.45888888888888885     7440.526562495338      35
0.4866666666666666     9199.560858981185      38
0.4888888888888888     9177.345924712477      38
0.4277777777777778     6167.443076913882      32
0.4733333333333333     8677.91410640545      38
0.44999999999999996     6668.265218051319      32
0.4444444444444444     8266.623046439148      37
0.4555555555555556     8414.857490763205      38
0.4855555555555555     8557.454750353765      37
0.45222222222222214     6851.7520632459045      32
0.4466666666666667     6296.018642062749      32
0.46     7902.906100472871      36
0.45888888888888885     8578.493791995175      37
0.4644444444444444     8587.021128662509      37
0.471111111111111     8899.139970517092      37
0.4277777777777778     6522.251331983887      33
0.4544444444444444     7477.471827356096      34
0.4777777777777777     9052.614550031622      39
0.4777777777777777     8549.850797795129      38
0.4544444444444444     7692.626101412294      36
0.4722222222222221     8014.916381612405      35
0.4255555555555555     7250.272588412169      35
0.45666666666666655     7519.301907064714      34
0.4633333333333332     8215.403197319862      37
0.47555555555555556     8098.887714538052      36
0.4955555555555555     11724.842524740909      44
0.45888888888888885     6981.086454612889      33
0.4977777777777777     12090.270880663555      44
0.4922222222222222     10438.04243543262      41
0.4166666666666665     7741.417389833519      35
0.4933333333333333     9201.415110451206      38
0.4355555555555557     6612.847678496488      33
0.45222222222222225     8964.297641468944      39
0.4477777777777778     6208.458697822716      32
0.49888888888888894     10751.798849368535      42
0.5055555555555556     11179.800808985003      42
0.4933333333333333     11403.312500193711      43
0.421111111111111     5267.929650136983      29
0.4133333333333332     4886.0800219655475      28
0.3799999999999999     4988.6599718365005      29
0.40777777777777763     8835.113326339668      38
0.48999999999999994     10262.45535127623      41
0.3899999999999999     6466.326246897326      33
0.4788888888888889     12130.152238293922      45
0.3699999999999999     6056.499299725831      32
0.4977777777777777     15175.596731305284      50
