0.4499999999999999     6328.753372036836      31
0.44999999999999996     6511.401237592953      33
0.35777777777777775     3922.969739304644      25
0.45666666666666655     6562.067666790085      33
0.3577777777777777     3798.2467736021113      25
0.3877777777777778     4638.934860820754      28
0.3855555555555555     4039.784783399698      26
0.2544444444444442     3816.042494340486      26
0.4033333333333334     4780.529751996232      28
0.38999999999999996     4097.756106624463      26
0.4555555555555555     7432.736240829621      35
0.4088888888888889     6313.682639339181      33
0.3833333333333332     5718.790966029236      31
0.4666666666666667     8073.543460769563      36
0.3755555555555555     5705.128100452708      31
0.4233333333333332     4996.915485180509      28
0.4466666666666666     6274.7329492265035      32
0.4499999999999999     7256.924524356672      35
0.4844444444444444     8180.209617040137      36
0.4422222222222221     5858.261498509336      31
0.38222222222222213     3803.4186619187517      25
0.38333333333333325     4507.096281932319      27
0.35999999999999993     3945.131511780977      26
0.4255555555555556     4818.972482120142      28
0.45000000000000007     7338.690294907226      35
0.46444444444444444     7002.158392905232      34
0.4455555555555555     6208.578727699055      32
0.38999999999999996     4643.883144216839      28
0.37444444444444436     4117.027666841542      26
0.4022222222222222     4351.822810427881      27
0.3977777777777777     6354.633576816762      33
0.45666666666666655     7677.614550778321      36
0.49222222222222217     10381.558553732884      41
0.4166666666666665     7007.546284279047      34
0.4844444444444444     6750.085174805375      33
0.44333333333333325     5962.617687853957      31
0.4277777777777778     5171.443858014173      29
0.4733333333333334     10480.588566227227      41
0.431111111111111     5334.82727333922      29
0.351111111111111     3768.033477781839      25
0.468888888888889     10827.71774404402      42
0.32999999999999996     3943.7496264369297      26
0.46444444444444444     9321.082638321797      40
0.4844444444444444     9858.078750481509      40
0.49222222222222217     11270.871494251258      43
0.3166666666666666     3934.3679356736548      26
0.2622222222222221     3716.5165587473184      25
0.4600000000000001     8407.736166697896      37
0.4955555555555555     14344.004176935658      49
0.49222222222222217     12370.672096612261      45
