0.44222222222222224     5422.061414594987      29
0.4177777777777778     4575.346425685331      27
0.45555555555555555     5733.689897374121      30
0.4699999999999999     6832.088915233958      33
0.3577777777777777     3422.448597271821      23
0.44999999999999996     5992.217492294972      31
0.3888888888888888     4099.378335030157      26
0.4433333333333333     5590.903899216351      30
0.4655555555555555     6595.5327092335165      33
0.4255555555555555     4866.200725960226      28
0.42333333333333334     4586.288776808173      27
0.43444444444444447     5260.535028354522      29
0.4911111111111111     11467.042157856327      44
0.4077777777777777     4232.973812327137      26
0.4166666666666666     5105.622806575594      29
0.38333333333333336     4487.947828647107      27
0.3755555555555555     4260.098379897751      26
0.3644444444444445     3390.9145379821293      24
0.3644444444444445     3638.7870221428257      25
0.4566666666666667     6262.69962346801      32
0.4622222222222222     7801.16964334402      35
0.23777777777777762     3009.60651366428      23
0.47777777777777775     7966.8922427049265      36
0.4911111111111111     11467.52698374903      44
0.2833333333333333     3263.594926708954      23
0.4888888888888889     8670.726449227708      38
0.44999999999999996     7127.668226499453      34
0.36999999999999983     4385.719778752897      27
0.42777777777777776     6103.663279879997      32
0.18888888888888866     3358.2739855391233      24
0.43444444444444447     6190.876885113495      32
0.4144444444444444     4630.1660141995135      27
0.3577777777777777     4072.122173223456      26
0.41333333333333333     6123.795144787119      32
0.36444444444444435     4936.951453178585      29
0.3211111111111112     3823.369371244452      26
0.4844444444444444     10866.282148718079      43
0.3666666666666666     5012.764552197249      29
0.4099999999999999     5576.519861483108      30
0.3777777777777777     5790.440905584271      31
0.22999999999999984     4226.551869301858      27
0.4233333333333334     6196.147478049177      32
0.4766666666666666     8923.720652235319      39
0.45888888888888885     7345.933331669817      35
0.4077777777777776     6132.212380802948      32
0.42666666666666647     8783.2203220685      38
0.38777777777777767     6565.060363530542      33
