0.43222222222222223     5323.170141792302      29
0.49666666666666665     9401.294255842351      38
0.4855555555555555     8492.769470872194      37
0.4933333333333333     8668.269382257515      37
0.41222222222222205     4937.601847308052      28
0.47     7487.598266737127      34
0.43111111111111117     5717.4958435533      30
0.4677777777777777     7051.349473575328      34
0.3388888888888887     4619.077428888154      28
0.4133333333333333     5214.549324028399      29
0.49444444444444446     9038.255349242518      38
0.47111111111111104     7552.47373177895      35
0.45333333333333325     6305.3890784615805      32
0.48444444444444446     8240.759623486967      37
0.5022222222222222     9544.791414796688      39
0.3833333333333332     5344.1050342601375      30
0.4833333333333333     7771.348603737252      35
0.45888888888888885     6680.482911471281      33
0.41444444444444445     5913.061986344267      31
0.3766666666666667     4793.573628299007      28
0.46444444444444444     7461.676717904573      35
0.4855555555555555     8924.409324030072      38
0.4522222222222222     6295.5199945398745      32
0.4833333333333335     10506.865738936873      41
0.4633333333333333     8632.962696287103      37
0.44555555555555554     5949.718043495365      31
0.47222222222222215     8866.015278995956      38
0.45222222222222225     7449.060210458207      35
0.4933333333333333     10874.158696449664      42
0.3722222222222222     4661.674614527434      27
0.44555555555555554     7532.161338711354      35
0.41777777777777764     7002.3955762275355      34
0.4044444444444444     6500.309588313173      33
0.4922222222222222     11596.33341622917      44
0.4044444444444443     6978.36441070895      34
0.46111111111111114     9657.315335798468      40
0.3344444444444444     5048.285376655692      29
0.29     5577.237924802278      31
0.4455555555555555     7630.360671616211      36
0.3822222222222223     6279.283096821826      33
0.4566666666666666     8244.682016031014      36
0.38666666666666644     6843.303198012146      34
0.4355555555555554     7236.100798810586      35
0.4344444444444443     7332.781424936819      35
0.4566666666666666     8727.945647165838      37
0.4455555555555557     7869.881157808284      36
