0.4355555555555555     5897.153676780641      31
0.42222222222222217     5895.685891139876      31
0.45888888888888885     6204.925571485826      31
0.43666666666666665     6346.707820508713      32
0.4422222222222221     6318.621461983838      32
0.4388888888888889     6204.294960477219      32
0.3866666666666666     6654.195386157147      29
0.3866666666666666     6564.790919756645      29
0.4888888888888889     9874.245798483713      40
0.45666666666666667     6233.792815596441      32
0.40999999999999986     5473.002408748414      30
0.4311111111111112     5919.517709059571      31
0.48999999999999994     9401.31403864731      39
0.42333333333333323     5290.0056521537235      29
0.4355555555555554     5877.60832368371      31
0.47333333333333333     8166.929395869285      37
0.4011111111111111     6257.097431897845      32
0.3877777777777777     7189.104300003377      31
0.3866666666666666     6314.84584490383      28
0.40555555555555556     5128.07087821512      29
0.42111111111111105     5021.436050492968      28
0.4133333333333333     5235.042801687239      29
0.3888888888888889     4156.268929423195      26
0.4688888888888889     9716.658664064766      40
0.43111111111111106     5356.966644529499      29
0.44888888888888884     6620.208435425261      33
0.4411111111111111     5532.325971596411      30
0.44555555555555554     6169.230944654749      32
0.4099999999999999     4897.106613836218      28
0.45666666666666667     8289.975149043252      37
0.431111111111111     6268.254235023979      32
0.39000000000000007     6380.5002823541745      28
0.4455555555555555     6079.840157700676      31
0.48777777777777775     9312.526782085524      39
0.4599999999999999     9685.833531561446      40
0.3155555555555554     4889.1655729744825      29
0.49333333333333335     9884.174119209505      40
0.4922222222222222     10260.399657823877      41
0.44888888888888884     7948.863375099122      36
0.4799999999999999     9253.38132998174      39
0.49     10437.639288843773      41
0.48777777777777775     10295.912598785293      41
0.2999999999999999     4165.185946715343      27
0.4766666666666667     6780.368668205003      33
0.3922222222222222     5567.7006445273555      30
0.3044444444444443     4769.563050902838      29
0.48111111111111104     8408.610980876892      37
0.4788888888888889     7910.706054807176      36
0.4722222222222222     7207.139586328885      34
0.3733333333333332     4492.44149990822      27
