0.3744444444444444     32274.209089637694      73
0.4644444444444444     34306.63679776382      75
0.45444444444444454     33565.70154647644      75
0.42777777777777776     32360.40348682863      71
0.3766666666666667     32281.20368997869      71
0.4933333333333333     34405.21626049413      75
0.42888888888888876     34060.6551871247      75
0.4122222222222223     32437.69203148417      71
0.4100000000000001     33131.63693322212      72
0.4333333333333333     34330.96812579269      75
0.41444444444444434     34329.46014697169      75
0.3799999999999999     33553.71368894357      75
0.4499999999999999     35145.39321731231      75
0.3788888888888889     34916.65514189702      75
