0.47888888888888886     31649.219515493358      71
0.48777777777777775     32746.585237706407      72
0.4844444444444444     33435.04012405946      73
0.4844444444444444     34688.59932789228      74
0.4722222222222222     33592.88858786752      73
0.4688888888888888     32716.227634950203      72
0.48999999999999994     33132.88529186556      75
0.46777777777777774     32739.182365218727      72
0.46555555555555544     33658.67610637251      73
0.4644444444444445     33342.590015229325      75
0.45000000000000007     33456.56787362479      73
0.3966666666666666     33087.661371575254      75
0.3866666666666666     33285.779042273454      75
0.4144444444444443     33592.40167283349      75
0.4133333333333333     33509.57939385582      75
