0.4488888888888889     33636.776841902116      75
0.2722222222222221     34067.06005701879      73
0.2744444444444443     34880.6255929635      74
0.3744444444444443     33242.50900872295      75
0.43000000000000005     33441.627225537086      75
0.4733333333333332     34333.79879262026      75
0.3888888888888889     33268.38516362192      75
0.41111111111111126     33405.31570662657      75
0.43333333333333324     33636.3523240095      75
0.4566666666666665     34494.55287025663      75
0.3522222222222221     33701.08280054061      75
0.3088888888888889     34066.74779375705      75
