0.4022222222222222     31380.122427328915      73
0.4122222222222222     32918.7457436171      75
0.3022222222222221     31208.997323150837      73
0.4655555555555555     33118.52533663995      75
0.4077777777777778     32281.811638431456      74
0.4277777777777777     32962.3745233589      75
0.4511111111111112     33515.332027283206      75
0.3844444444444443     31356.973830555275      73
0.3844444444444443     33873.20509083787      74
0.4377777777777779     33101.297631705216      75
0.43     33378.07719953838      75
0.47111111111111115     34978.400866130316      75
0.41666666666666663     33052.423342854      75
0.3766666666666666     33288.512740888706      75
0.4577777777777778     33590.98136306757      75
0.42444444444444435     33880.93631149351      75
0.45222222222222214     35028.681396457636      75
