0.7088888888888885     6035.41843181021      28
0.7955555555555555     8294.064721379635      33
0.7955555555555555     8319.687179217686      33
0.7577777777777773     7064.809644062603      30
0.7022222222222221     5862.287392417369      29
0.773333333333333     7051.982227338374      31
0.7477777777777774     6922.888557865321      30
0.763333333333333     7079.320779845938      30
0.7977777777777777     8392.839656662663      33
0.7755555555555553     7693.851638359786      32
0.7944444444444444     8468.459523151001      33
0.7444444444444439     6083.172841621155      28
0.692222222222222     5984.342734095259      28
0.7911111111111109     8032.939151173002      32
0.81     8653.482693933494      34
0.7988888888888888     8843.57281005519      34
0.8255555555555555     9808.918106617844      36
0.8344444444444445     12008.761130687524      40
0.5788888888888885     4190.025913213668      25
0.625555555555555     4522.112506981928      25
0.7977777777777777     8611.89869315677      34
0.7677777777777777     7406.90675323586      31
0.7722222222222218     7480.754629498285      31
0.7433333333333328     6448.626017630348      29
0.7277777777777774     7199.966082588534      31
0.6133333333333328     5103.100634421026      28
0.7544444444444444     7894.526233813614      32
0.7166666666666661     6135.1419015342735      28
0.6944444444444441     6968.080252940632      31
0.7899999999999999     7969.004043282626      32
0.6111111111111107     4697.267060267394      26
0.7677777777777772     8424.09947573412      34
0.8144444444444444     10695.967679602734      38
0.8077777777777777     9613.316299653628      36
0.8177777777777776     10710.896393914529      38
0.5766666666666662     4715.282699787919      27
0.7988888888888888     8868.02924526242      34
0.8     10987.419171186417      39
0.8033333333333333     12569.94386839814      43
0.7311111111111107     7257.035371540943      31
0.6522222222222217     5125.359365259082      26
0.6922222222222216     5198.488558515335      26
