0.14888888888888885     2664.724546276059      25
0.20222222222222205     3862.5231078107636      29
0.23888888888888873     8820.610908206607      45
0.23999999999999982     9971.528722209847      48
0.23444444444444426     7451.553579256078      41
0.15999999999999986     2668.303607147133      25
0.23222222222222205     6861.831202971816      39
0.1666666666666665     2960.2556155085886      26
0.2311111111111109     6816.9275219993415      39
0.22999999999999982     6755.8168956047875      39
0.2311111111111109     6820.262873226498      39
0.2233333333333332     5407.339409510736      35
0.22777777777777755     5439.570557099041      35
0.2311111111111109     7101.225451777483      40
0.2044444444444443     4081.170890217948      30
0.15444444444444427     2782.6851437191312      25
0.2166666666666665     4632.01668446907      32
0.141111111111111     2230.4102833121133      23
0.23555555555555538     8062.31191710306      43
0.23333333333333317     7819.632362280553      42
0.151111111111111     2834.096789981949      26
0.20222222222222205     3871.1899723157144      29
0.22999999999999982     7721.817958118343      42
0.20777777777777756     4712.896524673208      33
0.20222222222222205     4116.654279040857      30
0.1944444444444443     2984.369842413967      26
0.23888888888888876     9978.86171207128      48
0.14333333333333326     2697.800594789812      25
0.23444444444444426     8425.387944785993      44
0.21222222222222203     4740.873268685021      33
0.16666666666666646     2875.3038549808116      25
0.22888888888888875     5768.381078422458      36
0.2044444444444443     4591.128216949424      32
0.15222222222222206     2894.3907447621377      26
0.23222222222222205     7823.513118628337      42
0.191111111111111     3285.662333728865      27
0.18444444444444427     4667.547287399931      32
0.22444444444444428     6903.868758585468      39
0.2166666666666665     5253.832091485753      34
0.202222222222222     5119.993216732102      34
0.23888888888888873     9164.704689414382      46
0.23222222222222208     11270.388269478146      51
0.21555555555555542     5213.009138090778      34
0.201111111111111     5344.168578603979      35
