0.20555555555555535     3590.0759053097263      28
0.23888888888888876     7314.575643819359      40
0.212222222222222     4674.234059673013      31
0.21666666666666648     4752.348095255206      32
0.24222222222222203     8252.749057633304      43
0.10999999999999988     2567.946330279248      24
0.18888888888888875     2945.3591926103013      25
0.2288888888888888     5185.4358302307055      34
0.23666666666666655     6296.413559271437      37
0.19111111111111098     3384.9755239723845      27
0.2355555555555554     6407.2690345020255      38
0.23444444444444434     5372.980896883626      34
0.1999999999999998     3538.6393043728094      28
0.17111111111111088     3081.9780692854647      26
0.2388888888888887     6761.513727414966      39
0.24333333333333315     8543.302388165439      44
0.20999999999999983     4456.103185952715      31
0.21888888888888872     5857.433884252921      35
0.16444444444444425     3139.7060303221715      26
0.24222222222222203     8286.216330472897      43
0.2388888888888887     6809.087969063027      39
0.24111111111111094     8627.627809378911      44
0.2011111111111109     4315.181661492469      31
0.2155555555555554     4521.8854490083995      32
0.23222222222222216     5850.837217176713      36
0.2288888888888888     6650.8480249143495      39
0.24222222222222203     8907.335588588152      45
0.2088888888888887     4322.136458597479      31
0.10222222222222216     2643.0495241011795      25
0.1899999999999998     3694.734752185712      29
0.21888888888888877     5752.741337313565      36
0.15222222222222204     2738.451722717881      25
0.1677777777777776     3128.6671112054996      27
0.17333333333333317     3141.517659541728      26
0.24222222222222203     9113.321327680209      45
0.21888888888888872     6896.479173651689      38
0.17666666666666647     3193.103646638491      27
0.19888888888888875     3842.2189531742733      29
0.2288888888888888     8070.14607987131      43
0.24333333333333318     10207.876089841651      48
0.2266666666666665     7576.838477357653      42
0.20999999999999983     4716.409469557196      32
0.18777777777777763     3343.9560358525127      27
0.09777777777777769     2471.03810677405      24
0.21666666666666648     4905.4772366622965      33
0.23333333333333317     8997.76563647449      45
0.19777777777777755     5693.788297229515      36
