0.2066666666666665     4755.461850671391      33
0.22222222222222202     5711.651420993258      36
0.20222222222222203     4396.731561865399      32
0.18999999999999992     3402.387527422437      28
0.22777777777777755     6027.831093288405      37
0.21222222222222206     4900.1344565672      33
0.20777777777777762     4891.783122337492      34
0.1988888888888887     4211.102110474687      31
0.20333333333333323     4743.289347855169      33
0.22111111111111098     5689.470601410083      36
0.2166666666666665     4993.362929588251      33
0.22555555555555537     5872.232715454486      36
0.21888888888888877     5414.8165697012355      35
0.20222222222222205     4486.977366188304      32
0.2122222222222221     4976.144432360103      34
0.20666666666666653     4942.593036906434      32
0.22333333333333313     5810.350944035656      36
0.2188888888888887     5354.058841321496      35
0.20666666666666647     4745.649892363024      33
0.1977777777777776     3490.3364737793813      28
0.21666666666666654     5113.322495306003      34
0.2011111111111109     4219.9963074051375      31
0.1922222222222221     3466.868213101302      28
0.23111111111111093     6509.057930567071      38
0.22999999999999982     6078.545994300999      37
0.18666666666666656     2953.8467813105126      26
0.22666666666666657     7240.46581457248      40
0.16999999999999987     2895.8404299646013      26
0.22666666666666652     7347.381076458816      41
0.2277777777777777     8201.425159612636      43
0.16777777777777755     3611.005863887775      29
0.22222222222222204     6568.680952892586      39
0.1955555555555554     3876.445678831541      30
0.22666666666666652     7751.757185746829      42
0.1655555555555554     3359.716671644064      28
0.1722222222222221     3617.027945267177      29
0.18888888888888866     3951.7452822239347      30
0.1777777777777777     4051.013876014778      31
0.19222222222222202     4150.732593644954      31
0.21333333333333318     5377.23627555544      35
0.2277777777777777     8990.523770752936      45
0.21111111111111097     6330.061279646458      38
0.17333333333333312     4034.8979085677724      30
0.19111111111111093     5574.157931519147      36
0.21888888888888877     7443.459562866555      41
0.1866666666666665     4199.4622166776435      31
