0.22888888888888873     6280.385593764815      37
0.21777777777777765     4774.1344374740775      33
0.21666666666666656     4734.968026286417      33
0.22333333333333316     5327.08719973187      34
0.2244444444444443     5685.67706613463      36
0.21777777777777765     5295.95610582171      35
0.19444444444444434     3641.938740147569      29
0.2266666666666665     6012.360287234373      37
0.23777777777777762     6419.015035209395      38
0.121111111111111     2821.161892403297      26
0.18888888888888872     3000.2280054941607      26
0.17999999999999985     3451.6153112616216      28
0.2088888888888888     4355.882016219543      31
0.18888888888888872     3930.4984824179032      30
0.18666666666666645     3696.5459514327135      29
0.21555555555555544     4742.1898810628745      33
0.22222222222222207     5730.389075863764      36
0.21555555555555544     4929.571607197434      33
0.20444444444444432     3958.6951570290535      30
0.21444444444444433     4500.442064389279      32
0.21888888888888877     5550.3918838983955      35
0.21555555555555544     5087.549510189886      34
0.1899999999999998     4117.509384483081      30
0.19444444444444434     4394.581957311175      32
0.24111111111111094     6744.1046493542635      39
0.2277777777777776     6963.596552383086      40
0.2222222222222221     6986.985197613233      40
0.22444444444444428     7065.813064464089      40
0.221111111111111     7034.5110720584125      40
0.17777777777777765     2992.612217549745      26
0.19555555555555534     4422.11601955262      31
0.17777777777777767     3922.2289890579264      30
0.19111111111111087     4433.022247669332      31
0.2344444444444443     7325.6234058019845      41
0.21888888888888866     6246.339644084375      38
0.2199999999999999     6668.60820637355      39
0.2099999999999999     4628.505557734293      32
0.1577777777777776     2971.3161683365015      26
0.24222222222222203     7800.434363296982      42
0.17777777777777756     4267.974038831623      31
0.21777777777777765     5306.0806069991995      35
0.222222222222222     7673.772690378994      42
0.21222222222222212     6910.201551575833      40
0.21111111111111092     6225.150130901763      38
