0.9400000000000005     19109.585867973412      52
0.9588888888888893     23630.875878827013      58
0.9444444444444449     19777.068200998216      53
0.9411111111111117     19240.904451179063      52
0.954444444444445     20717.610461021075      54
0.9488888888888894     20637.32957164967      54
0.9433333333333338     19264.903582814164      52
0.9566666666666671     21037.75609868821      54
0.9577777777777782     23349.845414172705      58
0.9566666666666671     23486.17318711717      58
0.9566666666666671     23498.420614517967      58
0.9600000000000005     34848.136278576094      72
0.9588888888888893     34712.33577350926      72
0.9611111111111116     36220.18905042264      74
0.9611111111111116     36281.89819527686      74
0.9611111111111116     36440.27908689632      74
0.9611111111111116     36452.67868458607      74
0.9633333333333339     36536.42406764037      74
0.9611111111111116     36521.80041415234      74
0.9622222222222228     36760.955152686016      74
0.9600000000000005     36796.95196897505      74
