0.9533333333333339     23800.44814177324      59
0.9488888888888896     23091.65093286219      58
0.9555555555555562     24633.13962063418      60
0.955555555555556     23932.107171129195      59
0.9577777777777783     25335.19944588301      61
0.9555555555555562     25245.9463362693      61
0.9588888888888893     26181.870124346162      61
0.9566666666666672     25276.61393348046      60
0.9588888888888893     26426.799548808907      62
0.9600000000000004     27067.033094320243      63
0.9611111111111116     27387.4639387855      63
0.9588888888888893     27205.999694114063      63
