0.945833333333332     20.456570543948278      20
0.945833333333332     20.456570543948278      21
0.945833333333332     22.65200642909577      21
0.9416666666666653     20.456570543948278      19
0.945833333333332     20.456570543948278      22
0.945833333333332     22.65200642909577      22
0.945833333333332     22.65200642909577      23
0.9416666666666653     20.456570543948278      21
0.945833333333332     24.381580019553056      21
0.9416666666666653     24.381580019553056      20
0.933333333333332     24.381580019553056      19
0.945833333333332     24.381580019553056      22
0.945833333333332     24.381580019553056      23
0.8499999999999991     24.381580019553056      17
0.9208333333333321     24.381580019553056      18
0.9124999999999989     24.381580019553056      18
0.9166666666666655     27.684530547809455      18
0.8958333333333323     24.381580019553056      18
0.8833333333333323     24.381580019553056      18
0.8041666666666658     24.381580019553056      16
0.8374999999999991     24.381580019553056      18
0.8041666666666658     24.381580019553056      18
0.8958333333333323     70.21161771538287      18
0.945833333333332     27.684530547809455      21
0.9208333333333322     27.684530547809455      19
0.8791666666666657     29.432429083879075      18
0.8666666666666657     70.21161771538287      18
0.945833333333332     70.21161771538287      36
0.945833333333332     70.21161771538287      37
0.945833333333332     64.42724624778212      38
0.945833333333332     70.21161771538287      38
0.945833333333332     64.42724624778212      39
0.945833333333332     70.21161771538287      39
