0.9041666666666655     17.974500700402352      19
0.945833333333332     17.974500700402352      20
0.945833333333332     17.974500700402352      21
0.945833333333332     17.974500700402352      22
0.9416666666666653     17.974500700402352      23
0.9374999999999987     17.974500700402352      20
0.933333333333332     17.974500700402352      21
0.945833333333332     27.684530547809455      20
0.945833333333332     19.836788053617262      21
0.9291666666666654     17.974500700402352      22
0.933333333333332     27.684530547809455      20
0.945833333333332     21.261040571614068      21
0.945833333333332     22.707277145984104      21
0.945833333333332     27.684530547809455      23
0.8249999999999992     38.42424498388966      18
0.945833333333332     27.684530547809455      24
0.945833333333332     64.42724624778212      21
0.9416666666666653     64.42724624778212      20
0.9249999999999987     70.21161771538287      20
0.945833333333332     64.42724624778212      28
0.945833333333332     64.42724624778212      30
0.945833333333332     64.42724624778212      31
0.945833333333332     70.21161771538287      35
0.945833333333332     70.21161771538287      40
