0.9374999999999987     1519.2942050730744      20
0.9416666666666653     1656.4957386357353      21
0.945833333333332     1807.4371145150803      22
0.945833333333332     1817.6161790846795      22
0.9416666666666653     1858.2992577423356      22
0.9416666666666653     1889.0775139270481      22
0.945833333333332     2012.7338261578798      23
0.9416666666666653     1976.7302662083903      22
0.945833333333332     2028.3571198680763      23
0.945833333333332     2229.089107962419      24
0.945833333333332     2230.2906875107656      24
0.945833333333332     2253.924502195447      24
0.945833333333332     2418.8409135598313      25
0.945833333333332     2455.0829534602867      25
0.945833333333332     2467.7749592026175      25
0.945833333333332     2667.277915044383      26
0.945833333333332     2681.17045519323      26
0.945833333333332     2682.5766697182476      26
0.945833333333332     2805.9154691974913      27
0.945833333333332     2830.8106621957386      27
0.945833333333332     3062.5680134252652      28
0.945833333333332     3250.225836115935      29
0.945833333333332     3288.5016843810545      29
0.945833333333332     3321.027315242448      29
0.945833333333332     4248.571146325336      33
0.945833333333332     4276.819159320226      33
0.945833333333332     4289.882003740573      33
0.945833333333332     4797.530816793276      35
0.945833333333332     5096.341304519006      36
0.945833333333332     5261.562968265635      36
0.945833333333332     5442.4026391689495      37
0.945833333333332     5455.381370811146      37
0.945833333333332     5801.912165177532      38
0.945833333333332     5862.039764100754      38
0.945833333333332     6365.432228345705      40
0.945833333333332     6386.329201934945      40
0.945833333333332     6521.299879283955      40
0.945833333333332     6641.930522482459      41
0.945833333333332     6735.239405836754      41
0.945833333333332     6789.409533790918      41
0.945833333333332     6792.939728738352      41
0.945833333333332     6981.319737697379      42
0.945833333333332     7186.071148891329      42
0.945833333333332     7915.968310687547      44
0.945833333333332     7936.844986863587      44
0.945833333333332     8274.059937146316      45
0.945833333333332     8358.942678556059      45
0.945833333333332     8359.371964868027      45
0.945833333333332     8375.796200460538      45
0.945833333333332     8388.640451175681      45
0.945833333333332     8408.940900471338      45
