0.8266666666666663     8127.5874760097      34
0.9011111111111115     9369.905244100422      35
0.9244444444444448     10583.84109341776      35
0.9100000000000003     10158.086529494429      36
0.9200000000000005     10399.147292036982      36
0.8955555555555555     8913.233652942221      34
0.8622222222222222     8232.433544107513      33
0.9311111111111114     11669.106240852474      39
0.9300000000000004     12202.085350294801      39
0.9222222222222226     11250.847374918569      37
0.9400000000000005     12670.624070881977      39
0.9433333333333337     15515.383620069122      45
0.9322222222222227     12386.125475895093      40
0.9422222222222226     15396.137990223648      43
0.9388888888888894     13457.387292879359      41
0.9266666666666671     11235.032774551757      38
0.8977777777777779     9401.582725751197      35
0.935555555555556     12392.552549568041      39
0.9288888888888892     11787.891645325095      38
0.9377777777777782     13651.157229614266      41
0.9211111111111114     10680.744969062509      37
0.9411111111111116     14698.176731827634      43
0.9255555555555557     11681.55582905897      39
0.9233333333333339     11176.107085696596      38
0.905555555555556     10228.503636155167      37
0.9388888888888892     13836.491084202544      42
0.9311111111111116     12264.147858664955      39
0.935555555555556     12402.433335333617      39
0.9011111111111113     9545.455083138857      34
0.9288888888888892     12182.397318484227      39
0.927777777777778     12316.358045874978      39
0.8955555555555555     8926.147226735886      34
0.9188888888888894     10266.539610137217      36
0.9200000000000005     10750.724687159392      37
0.9366666666666671     12908.751388104258      40
0.9044444444444448     9701.30950292406      35
