0.8155555555555553     5253.3083560013165      25
0.8955555555555559     7512.879282321926      30
0.9100000000000004     8903.757018242695      33
0.916666666666667     9008.927196919507      33
0.9100000000000004     9055.925981083212      32
0.8866666666666669     6964.828746565499      29
0.914444444444445     8919.59498510256      33
0.9022222222222225     7895.138377835687      31
0.934444444444445     10907.077097048114      35
0.9066666666666671     8744.043040703598      31
0.8955555555555559     7860.541365596527      30
0.8177777777777775     5440.953701791657      26
0.8355555555555557     5809.906939332539      26
0.906666666666667     7972.897247689481      30
0.8344444444444441     5693.135670056098      26
0.794444444444444     5276.194875409613      26
0.8055555555555556     6078.461702500556      27
0.9088888888888891     9158.527712530757      32
0.8922222222222224     7817.824461028768      30
0.906666666666667     8261.425144637062      31
0.7955555555555555     5973.0098120413295      27
0.8722222222222222     6796.345214019688      28
0.8577777777777779     6303.346069861449      27
0.9188888888888891     9197.490434860434      32
0.9255555555555559     9492.162767256821      34
0.906666666666667     8261.931641302754      31
0.9322222222222226     9874.87156872192      34
0.8333333333333334     6303.193197010386      27
0.9244444444444448     9992.576036125161      35
0.9055555555555558     8122.222773383966      31
0.8622222222222219     6593.164877783346      28
0.9122222222222225     8946.31885724847      33
0.9255555555555559     10084.823859716003      34
0.7933333333333332     5364.127317434567      26
0.9255555555555559     10601.706677911494      35
0.8955555555555559     7850.338002668226      31
0.9300000000000004     10694.614832906067      35
0.9277777777777781     10619.452931519212      35
0.9055555555555559     8652.095479227      33
0.934444444444445     12214.133046952727      38
0.8411111111111109     6383.805793981087      28
0.9266666666666669     10678.97690284071      36
0.8911111111111112     7126.40967167705      29
0.916666666666667     9042.319632520943      33
0.8866666666666666     7722.082244779235      31
0.9322222222222226     11369.31788108503      36
0.8966666666666668     8342.082654639273      32
0.9233333333333337     9270.286453853018      33
0.8555555555555553     7024.232528560325      30
0.8766666666666667     7834.852435831194      31
