0.8488888888888889     5798.432001721828      27
0.8244444444444443     5339.674625138237      26
0.9100000000000004     9567.366714532976      35
0.8066666666666663     5219.4495431248115      26
0.8922222222222226     9008.489647872115      34
0.8677777777777779     6410.81653524437      28
0.878888888888889     6912.642535626532      29
0.851111111111111     6078.492860405752      27
0.8922222222222224     7610.0830641756675      30
0.798888888888889     5207.2492661441065      26
0.7899999999999997     5192.22324647346      26
0.7299999999999999     4741.42068325888      25
0.861111111111111     6272.344256969929      28
0.8755555555555558     6790.977171900145      29
0.7855555555555555     5180.95292329094      26
0.8922222222222225     7871.442819082174      31
0.8544444444444445     6401.1898173603595      29
0.8688888888888887     7000.8303793892255      28
0.8711111111111114     6980.944835563127      29
0.8533333333333333     6220.109895056612      28
0.7766666666666661     4782.790992140621      25
0.8322222222222221     5671.500278863336      27
0.831111111111111     5354.948504923842      26
0.9022222222222224     9182.257976748038      34
0.8466666666666666     5772.806031219948      27
0.7933333333333329     5305.651839439888      26
0.7566666666666664     4810.773393549318      25
0.8933333333333338     9565.317379118818      35
0.8922222222222222     9390.1486830108      35
0.8944444444444449     9855.606125802233      36
0.7566666666666665     5757.686941583496      28
0.8666666666666668     6426.708460432553      28
0.8888888888888891     7067.886808507897      29
