0.9133333333333333     11222.490935969705      37
0.9255555555555558     11583.931433022075      38
0.9377777777777779     12143.67397655415      39
0.9311111111111113     12598.280935865785      39
0.927777777777778     12075.538497249512      38
0.8933333333333333     8600.47424358756      33
0.9100000000000005     10222.575942482474      35
0.906666666666667     9601.39219972121      35
0.863333333333333     7645.110926766106      30
0.8933333333333334     8913.278689268274      33
0.8455555555555556     7559.845431997295      31
0.8333333333333334     7010.885966233431      29
0.8644444444444442     7665.544291706558      31
0.8788888888888893     9115.233297633606      33
0.8455555555555553     7145.260371733248      30
0.8655555555555559     8031.833802000756      31
0.7999999999999998     6160.988579065406      27
0.8922222222222224     9247.588958198936      33
0.897777777777778     9708.361091538347      34
0.8777777777777775     8152.954113368758      31
0.8466666666666663     7819.563678235395      31
0.8644444444444443     8805.354893079557      33
0.8611111111111112     7950.382583073611      31
0.9422222222222224     12721.101907339704      39
0.8655555555555554     8869.504744461876      34
0.8755555555555556     9104.943505583218      34
0.871111111111111     9290.190982461261      35
0.9133333333333333     11204.114653446117      38
0.8855555555555554     9559.569785159243      34
0.9377777777777779     12913.215271308141      40
0.8688888888888886     9155.70796913196      34
0.8900000000000001     9438.58787082758      35
0.7711111111111109     5939.996722615108      27
0.9400000000000005     13385.650457084474      40
0.854444444444444     7788.755354808905      32
0.8611111111111112     8174.2183537963865      31
0.9222222222222225     11742.897234900822      38
0.9300000000000003     12140.543180688852      38
0.9011111111111111     9609.47101960007      36
0.8911111111111111     9696.418358205212      35
0.8799999999999998     9457.580233003455      35
0.8744444444444446     9383.002410579831      35
0.8922222222222224     9740.934413241699      35
0.9244444444444446     11771.801186073642      38
0.9022222222222223     9830.306910366615      35
0.8366666666666668     8851.354994631325      34
0.936666666666667     14538.596202443869      43
0.9033333333333334     10321.63474277927      35
0.9111111111111113     10650.145394560948      36
0.9022222222222223     10221.017846150633      36
