0.7655555555555553     4884.712733395852      24
0.7555555555555553     5159.237162111932      24
0.8188888888888888     6393.905431144305      27
0.7844444444444444     5570.176899886041      26
0.7677777777777777     5416.038981741392      25
0.867777777777778     7581.491353070015      28
0.81     6215.86480320184      25
0.8655555555555557     7285.276282181585      28
0.8399999999999999     6725.3992782951045      26
0.8611111111111113     7540.342186305011      28
0.7944444444444444     5803.295766711376      27
0.8822222222222224     8116.51020672927      29
0.8222222222222217     6574.688557565151      28
0.7811111111111108     5575.580796477779      25
0.8066666666666669     5984.187552959784      26
0.8144444444444443     6013.309847997994      26
0.8466666666666663     6969.409109290677      27
0.888888888888889     8679.843154122742      30
0.8344444444444442     6580.264428467119      26
0.7200000000000002     4308.598684658005      22
0.9000000000000001     8694.439429820159      30
0.7988888888888889     5911.43030196204      26
0.7299999999999999     5056.055283247212      25
0.771111111111111     5674.870127421953      26
0.7133333333333332     4432.1327139881405      23
0.8877777777777778     8211.341377065755      29
0.7277777777777776     4804.056758640625      24
0.8688888888888892     7564.04802404091      29
0.7677777777777777     5664.087923911346      26
0.8188888888888888     6708.455826831426      28
0.9011111111111112     9954.946968900495      33
0.7655555555555553     5108.994167820106      25
0.8811111111111113     8013.16312717002      30
0.8533333333333332     7225.322973619102      27
0.7155555555555554     5015.8217517474      25
0.848888888888889     7142.3176236386425      28
0.8155555555555553     6723.1739491486505      26
0.8566666666666666     7628.259940758708      30
0.8833333333333335     8931.165349392197      31
0.7455555555555554     5277.107405924135      25
0.8822222222222224     8464.654068076154      30
0.8266666666666664     6739.702638014809      28
0.88     7842.603373626279      28
0.8677777777777778     8272.60618840034      30
0.7555555555555553     5642.774545801042      26
0.88     8439.469848941335      30
0.8555555555555554     7621.44758988489      29
0.8944444444444447     9852.515846599168      33
0.8355555555555554     7268.459056468029      28
0.8933333333333335     9347.011257619279      32
