0.8277777777777776     6479.332750693503      29
0.9033333333333338     10342.863437606375      37
0.8755555555555558     7830.982942287384      32
0.8355555555555557     6804.193757525077      30
0.8611111111111109     7349.784813509022      31
0.9088888888888893     10830.991649137915      38
0.9111111111111114     11056.453218149114      38
0.8411111111111113     6858.237612655743      30
0.906666666666667     10552.768105994417      37
0.8944444444444444     9005.107887952903      34
0.8733333333333335     7545.229528870487      31
0.8988888888888892     9159.75146751388      34
0.8933333333333333     9146.113435757276      34
0.8811111111111113     8117.172292937362      32
0.8588888888888889     7632.816265905222      31
0.7377777777777775     4584.83173448243      25
0.8944444444444447     9276.980446555348      35
0.8655555555555555     7730.258031034459      32
0.8911111111111114     8617.21878330121      33
0.8844444444444444     8173.256299321039      32
0.8477777777777776     6969.85240097722      30
0.8700000000000003     7748.628103314027      31
0.8922222222222224     9395.239393669117      35
0.9000000000000002     9640.421813933273      35
0.8522222222222222     7431.299477024676      31
0.9277777777777784     13481.502475473611      41
0.8911111111111113     9032.414005258677      34
0.887777777777778     8929.756268485062      34
0.8855555555555559     8641.216071577926      33
0.868888888888889     7951.453156177484      32
0.8822222222222221     8778.367656398035      34
0.861111111111111     7714.282702022049      32
0.8399999999999999     6909.528735546298      30
0.8833333333333335     9212.487022724501      34
0.9033333333333337     9967.049718393255      35
0.8355555555555557     6835.474848681365      30
0.8788888888888888     7962.560736545339      32
0.8655555555555555     7821.2957307411125      32
0.8811111111111114     8806.365402956166      32
0.8844444444444444     9220.293634122656      35
0.8611111111111113     8000.8785646628285      32
0.811111111111111     6304.31141459827      29
0.9000000000000002     10047.244301860928      36
0.8344444444444442     6982.454373332002      31
0.8355555555555557     7137.982914323955      31
0.8466666666666668     7241.415788750905      31
0.9155555555555559     12074.077060933008      40
0.8955555555555558     9751.765281272164      36
0.787777777777778     5931.044667522037      28
0.8922222222222221     9241.720815369208      34
