0.8622222222222223     7039.284165514951      29
0.8711111111111112     7513.543741189452      30
0.8222222222222223     5657.781297082696      26
0.7788888888888885     5081.565448197009      25
0.8655555555555559     7064.931362055131      29
0.8555555555555557     7010.447025352687      29
0.8488888888888888     6473.629838767433      28
0.8888888888888893     9039.14021248838      32
0.9055555555555558     9883.99989821966      34
0.8888888888888892     9030.293091590425      34
0.8844444444444446     8637.594350210275      33
0.8777777777777781     7812.222191797235      31
0.8166666666666665     5496.676635269485      26
0.8311111111111111     6054.832909161758      27
0.7466666666666667     4820.747616467518      25
0.8811111111111113     8107.474012416041      32
0.8822222222222226     8254.439644933636      32
0.8711111111111116     7774.997246194249      31
0.8688888888888893     7731.587395277785      31
0.8222222222222223     5683.965539296327      26
0.8522222222222222     6502.363714742659      28
0.7222222222222223     4476.353909320091      24
0.8677777777777779     7815.62549373399      31
0.8755555555555558     7861.200005733333      31
0.8411111111111113     6424.840399464635      28
0.8111111111111111     5173.96798473939      25
0.8477777777777781     6552.088225727008      28
0.8877777777777782     9190.091119770055      34
0.8277777777777778     6047.362190377723      27
0.8222222222222223     5924.398009624048      27
0.8033333333333333     5410.370595122527      26
0.8766666666666668     8267.479354561972      32
0.8444444444444444     6449.553517418467      28
0.8655555555555559     7332.649106148201      30
0.8099999999999998     5831.958898395586      27
0.848888888888889     6562.231614130508      28
0.8222222222222223     5946.21160226854      27
0.848888888888889     6862.380814353698      29
0.8433333333333333     6606.180973303641      28
0.847777777777778     6976.579871502247      29
0.8411111111111111     6093.538692769636      27
0.7788888888888887     5220.699833054371      25
0.8644444444444447     7368.033487451896      30
0.8411111111111111     6346.596450908622      28
0.8788888888888892     8713.570664069312      32
0.837777777777778     6189.808238526648      27
0.8644444444444445     7049.10175262387      29
0.8011111111111111     5519.5622381562125      26
0.7788888888888885     5102.5880349897525      25
