0.8711111111111113     10653.875841090003      36
0.8522222222222223     9591.038984562141      34
0.888888888888889     13433.069364353      39
0.8488888888888889     9665.37080895979      34
0.8833333333333336     11549.50421145696      37
0.8755555555555556     10717.649061283622      36
0.8755555555555558     11159.61932442718      37
0.868888888888889     10075.18114896885      35
0.8255555555555559     10254.921578122245      36
0.8733333333333335     10665.488644676976      36
0.8666666666666668     10458.741119285614      36
0.8655555555555557     11145.850605561172      37
0.9011111111111114     14979.82454418738      40
0.8811111111111113     11639.242261573614      37
0.8644444444444447     10834.613679069633      36
0.8811111111111113     11918.416755135353      38
0.8877777777777779     12242.888748828282      38
0.8888888888888891     12942.74593538258      40
0.848888888888889     10762.777812615503      37
0.9011111111111112     14226.48102964667      39
0.878888888888889     11616.74911781099      38
0.878888888888889     11620.153733360932      38
0.8644444444444445     10849.5008578142      37
0.8900000000000002     13370.969412591849      40
0.898888888888889     14324.726516984774      40
0.898888888888889     14889.931445671162      41
0.8900000000000002     13594.955529415278      40
0.8622222222222221     10790.877300098835      37
0.8911111111111112     14537.41273767596      41
0.888888888888889     13268.997264830366      40
0.898888888888889     14923.67736352529      41
0.8777777777777778     12212.12078561877      37
0.8588888888888891     10885.52059683972      37
0.8877777777777779     12431.129295188995      39
0.898888888888889     15316.172065004237      42
0.8922222222222222     14593.668404958924      41
0.878888888888889     11883.911166402188      38
0.8444444444444444     10848.803127759693      37
0.8866666666666668     11951.441172680088      38
0.8922222222222224     14820.69255225845      42
0.8911111111111113     14342.417375972733      42
0.8766666666666668     11224.379153767275      37
0.877777777777778     11885.694868874089      38
0.8877777777777779     12626.780764266274      39
