0.7677777777777776     6567.574891225363      29
0.8111111111111107     7753.542167626542      32
0.7888888888888884     7073.65154483034      30
0.7166666666666663     5743.958868276214      27
0.8311111111111112     7990.79711512904      32
0.8011111111111107     7179.175071164511      30
0.8277777777777777     8417.911792081783      33
0.8177777777777774     7937.264507028641      32
0.7911111111111107     7233.559593437294      30
0.8388888888888889     9896.768344226006      35
0.8333333333333333     8713.623932617953      33
0.8255555555555553     9078.290073925731      34
0.7733333333333331     6937.242440852413      30
0.8300000000000001     10359.569311229861      35
0.8133333333333331     7828.401963667948      32
0.8077777777777772     7259.462941798305      30
0.7866666666666663     7292.686222121641      30
0.8500000000000002     11769.171064677843      38
0.7644444444444444     6249.252180293443      28
0.8233333333333329     9222.469003230846      33
0.8122222222222217     7841.798492477517      31
0.8077777777777772     7547.526053127532      31
0.8333333333333334     10190.036780701272      36
0.7588888888888885     6975.455890876407      30
0.7666666666666665     7069.475750752414      31
0.8222222222222224     8773.536123890117      34
0.8155555555555551     8272.654549625498      33
0.7277777777777773     6783.369618380299      30
0.8244444444444443     8997.849907744314      34
0.8222222222222219     8910.743212632971      34
0.8122222222222222     8775.476091333601      33
0.8055555555555555     7861.544168966713      32
0.8122222222222222     8812.955221540213      34
0.8077777777777778     8573.344763032715      33
0.8122222222222222     9129.342783782771      35
0.8177777777777776     9358.88627262336      35
0.8055555555555552     8426.842439365824      33
0.8022222222222218     7387.85590775874      30
0.7244444444444441     6397.617363277766      29
0.7888888888888885     8184.453696808799      33
0.7066666666666662     6343.083487855645      29
0.7855555555555552     7173.4062259035445      30
0.7277777777777774     6855.22530091672      30
0.7322222222222219     7140.950131417891      31
0.7433333333333331     7426.6683748572295      32
