0.8166666666666659     3708.4014335700617      32
0.8083333333333326     3424.7461246173225      31
0.7791666666666661     2946.7195133543123      29
0.7833333333333328     3015.6267190900203      29
0.7999999999999993     3251.9477604950994      30
0.8166666666666659     3891.065824963517      33
0.779166666666666     2986.2942070134454      29
0.7874999999999993     3021.3301483040723      29
0.7749999999999994     2795.01163296992      28
0.8124999999999992     3496.1077207046915      31
0.7958333333333327     3182.2831100791286      30
0.791666666666666     3021.70705590611      29
0.8041666666666659     3256.588819613489      30
0.8124999999999992     3636.4423356793577      32
0.8083333333333326     3461.775569870204      31
