0.8083333333333325     3165.5091143965483      30
0.8083333333333326     3196.0296592808063      30
0.7749999999999994     2413.926435439853      26
0.7749999999999994     2432.0971518983342      26
0.7833333333333327     2471.3696638886418      26
0.8124999999999992     3402.1425849176558      31
0.7958333333333326     2756.0661588721186      28
0.8083333333333326     3441.601876054848      31
0.7999999999999993     2759.209077039807      28
0.8041666666666659     2975.381339803228      29
0.7999999999999993     2785.0099477384356      28
0.791666666666666     2579.681507757242      27
0.7833333333333327     2576.4754248592008      27
0.8041666666666659     2979.93450378982      29
0.7958333333333326     2851.7591711488517      28
