0.7322222222222221     9383.663529380641      37
0.7155555555555555     7982.498128990001      33
0.7088888888888889     7538.83774745571      33
0.6933333333333335     6631.900423669929      31
0.7333333333333334     9410.449076240191      36
0.7155555555555557     7986.763302054848      33
0.7144444444444447     7863.137575652217      32
0.7088888888888889     7632.556760432708      32
0.6788888888888885     5903.208968761698      29
0.7255555555555557     8543.55257146185      35
0.7166666666666669     9489.260560580513      33
0.6933333333333337     7128.290848882732      32
0.7022222222222223     7440.5340027499105      31
0.7311111111111113     8944.55929206939      35
0.6877777777777778     6531.162538797321      30
0.7022222222222221     7860.137133969144      34
0.7233333333333334     8162.893070611976      34
0.68     6055.625584950917      29
0.7344444444444443     9660.26944003376      36
0.6988888888888888     7382.36184487134      33
0.6977777777777778     7168.239768320931      32
0.7277777777777779     8589.048472483313      34
0.74     10410.351394927528      38
0.7366666666666666     9696.45482343427      37
0.7122222222222221     9043.832660581695      37
0.6733333333333332     6300.598669187298      30
0.7277777777777779     10237.788630125486      39
0.7311111111111109     10448.165791885067      38
0.7344444444444446     10951.164199175339      40
0.7100000000000002     8291.073486033021      34
0.7188888888888888     9450.17904888052      37
0.741111111111111     12455.628493044138      43
0.7266666666666666     9888.627777251208      38
0.7066666666666668     9150.534488230343      36
0.7411111111111113     12878.326563568977      44
0.71     9611.225754107481      38
0.7366666666666666     11091.330265163553      40
0.6977777777777778     7525.223739075672      32
0.7055555555555558     9447.597071110196      38
0.7177777777777776     9951.400388276186      37
0.6844444444444445     8241.293585247442      35
0.6933333333333335     8917.192223798249      36
0.6977777777777776     9217.083988117787      37
0.6822222222222223     6648.351547796646      31
0.7155555555555555     10465.774086563937      38
0.6833333333333335     7980.779529311995      33
0.7066666666666669     10049.98126534734      38
0.6844444444444445     8793.72017751442      36
0.6499999999999996     5329.077646983556      28
0.6666666666666664     6786.019199016541      30
