0.6977777777777778     8032.194051812361      33
0.7077777777777777     8778.70396023382      35
0.7011111111111107     7639.577040391542      32
0.7288888888888887     9402.723808323231      36
0.7077777777777778     8765.033779274263      36
0.7000000000000002     8725.339330288863      35
0.7277777777777776     9271.562135600729      35
0.7055555555555557     7336.871841070182      32
0.7166666666666665     8176.653435723644      33
0.7288888888888889     10664.89913279497      39
0.7077777777777776     7603.648547202495      32
0.7133333333333336     9042.127829618143      36
0.7144444444444445     9495.365863525038      37
0.6144444444444441     6190.26972107729      31
0.7033333333333333     8036.605474957767      33
0.7211111111111109     8666.41775549265      35
0.7155555555555556     7716.85614122699      32
0.702222222222222     7336.184652399723      31
0.7277777777777776     10616.607523289944      39
0.7344444444444446     9241.23248111825      35
0.7011111111111111     7124.372652547697      31
0.721111111111111     9010.106920955266      34
0.7211111111111108     8356.82942189788      34
0.7011111111111109     9380.867456461492      37
0.7266666666666665     9004.736591520708      36
0.7211111111111111     10736.86349624189      39
0.6944444444444445     6313.828099494916      29
0.7377777777777779     10822.878395091593      39
0.7133333333333333     8992.017663534656      35
0.668888888888889     6835.693264137875      30
0.7077777777777775     7346.1989280827365      31
0.7166666666666665     7838.8819357333205      32
0.7366666666666665     11853.206784982416      42
0.7255555555555553     8706.749001777414      35
0.6977777777777776     8124.541293409041      33
0.6911111111111109     7987.416625677221      34
0.7177777777777775     8306.458821641478      33
0.6988888888888889     6703.607867970932      30
0.7311111111111108     9563.250821669828      37
0.7099999999999999     8933.030606908465      36
0.7222222222222222     9907.66910799365      37
0.7311111111111114     12185.337701285294      42
0.6122222222222221     5451.480867962771      27
0.6633333333333333     6864.095210130192      32
0.6911111111111108     6961.075184794846      31
0.738888888888889     12381.465123037886      42
0.7400000000000001     11492.437521644255      40
0.6511111111111106     6222.858852414647      30
0.6811111111111108     6847.593290550202      30
0.7399999999999999     10366.212696244256      38
