0.6866666666666666     6881.04803215954      30
0.7222222222222222     8407.606507808634      34
0.6844444444444444     6747.940491600538      30
0.692222222222222     6993.733917808532      31
0.7077777777777774     7588.316830083237      33
0.6788888888888885     6698.921916859514      31
0.6711111111111108     6358.774983103912      30
0.6899999999999997     6815.98171724118      31
0.7255555555555555     8961.517458906332      35
0.7022222222222222     7276.271342981783      31
0.676666666666667     6601.749086999146      30
0.6988888888888888     7144.195734412707      31
0.7188888888888884     8101.8930432707475      34
0.6988888888888888     7081.124866253869      32
0.6822222222222222     6719.291877970128      30
0.7255555555555552     8504.874170372488      35
0.7266666666666667     9306.192458716301      36
0.7355555555555553     9802.073007713278      37
0.7277777777777775     10358.285710960357      39
0.7355555555555552     10418.257723759702      40
0.73     10961.658378091763      40
0.6244444444444444     5556.965572826568      28
0.6899999999999997     7083.508801935222      32
0.653333333333333     6219.75994917291      29
0.7200000000000001     9386.666662885767      37
0.7199999999999998     9448.823549590397      36
0.7199999999999998     9528.525387166399      38
0.7177777777777774     7662.756159879223      33
0.6788888888888887     7074.931740536604      31
0.6466666666666665     5889.985082073569      28
0.6499999999999999     5779.141196992108      29
0.7522222222222223     14168.16593466258      45
0.7266666666666668     9979.704378169556      38
0.6966666666666665     8034.951862557601      33
0.6711111111111111     6874.121560763542      31
0.7411111111111109     11911.220901154426      42
0.6588888888888886     6312.464999477636      30
0.7244444444444443     9570.479691017152      37
0.7     8405.02068390985      35
0.7222222222222222     11248.45486446328      41
0.6699999999999999     6526.30053899537      29
0.7255555555555556     12706.567653539885      44
0.6477777777777777     6633.224748466787      31
0.6911111111111109     8382.525054410835      35
0.6711111111111109     6678.402067682295      31
0.6888888888888889     7141.357327602805      31
0.7044444444444441     8685.67195486458      36
0.7166666666666668     9412.989039471571      36
0.6833333333333331     8437.167257172485      34
0.6744444444444443     6967.203022566133      31
