0.7100000000000003     7935.850202868324      32
0.7033333333333334     7591.609203567389      32
0.6666666666666666     6194.834285049833      30
0.6922222222222223     7388.542890336882      32
0.7100000000000002     7595.932926723194      32
0.6866666666666668     7185.276089570274      31
0.6833333333333335     6732.702202613461      30
0.6977777777777778     7628.715044665944      32
0.7000000000000001     7476.924104074358      32
0.7233333333333334     8753.007222353897      35
0.6911111111111112     7410.923965778013      32
0.7022222222222223     7532.3348654819865      32
0.6900000000000002     6769.040973766497      30
0.698888888888889     7380.534648859712      32
0.7044444444444444     7661.340665503702      31
0.7055555555555557     7776.347318972651      33
0.7077777777777777     8463.926515614772      34
0.6844444444444445     7171.657034215317      31
0.687777777777778     7863.7069017897575      34
0.6955555555555556     7279.7561476607      31
0.7233333333333334     9220.083394112628      36
0.6822222222222222     6351.138521057896      29
0.6866666666666666     7001.514372385837      31
0.6677777777777776     6839.6996329407      31
0.6655555555555556     6161.427819565111      29
0.6422222222222222     6437.386429770614      30
0.6433333333333331     6669.3737688651745      31
0.6488888888888887     6193.924848994726      29
0.7122222222222224     8521.784715449441      34
0.6822222222222223     6715.67314331382      30
0.7033333333333336     7810.691762874839      32
0.7011111111111114     7487.3819358875135      32
0.7244444444444447     9389.797654510972      36
0.7233333333333336     8896.455580369451      35
0.7066666666666668     8827.63467182867      35
0.7100000000000003     9364.37673456445      37
0.6699999999999999     6278.4625217264265      30
0.6933333333333335     7094.99750486631      31
0.6977777777777779     9019.195432232642      36
0.7211111111111114     8746.82504893703      34
0.6955555555555556     8431.940079933018      33
0.7033333333333334     8150.178723727947      34
0.7233333333333334     10187.086636194344      38
0.7155555555555556     9370.69907691187      37
0.7199999999999999     7984.059014352942      33
0.7255555555555557     9470.93145431743      36
0.6533333333333332     6514.156165291531      31
0.6377777777777777     6609.734301898576      31
0.6644444444444443     6776.269291345505      31
0.6788888888888888     6596.3972781726325      30
