0.6822222222222222     6780.715259321649      30
0.7022222222222224     8579.399565470401      34
0.6677777777777781     6773.658357609545      31
0.6866666666666668     6897.283569702851      30
0.6733333333333332     7696.97755585061      34
0.7166666666666667     7886.566381610779      33
0.6533333333333332     6603.188505696124      31
0.7122222222222223     7742.695591598072      31
0.7188888888888888     8084.902152627211      33
0.7166666666666666     7830.552830727989      32
0.6877777777777778     7171.950696869151      31
0.688888888888889     6967.36233304747      30
0.6988888888888889     7113.4544097355065      30
0.7066666666666668     7601.362402836418      31
0.6977777777777777     7018.5633555335025      30
0.6455555555555557     6839.4917559437445      32
0.7200000000000003     8835.746964870388      34
0.6944444444444444     7946.274317105249      34
0.6744444444444445     6313.642357596505      29
0.6622222222222218     5957.889470311403      29
0.6677777777777777     7577.89720955692      32
0.671111111111111     6266.388772560208      30
0.7033333333333336     7296.59075246026      30
0.6555555555555553     5974.442423607758      29
0.7022222222222221     7787.660415645334      33
0.6866666666666665     6725.155190822416      31
0.7277777777777774     9492.58412790347      37
0.652222222222222     6842.472158445206      31
0.6844444444444444     6781.66003486278      30
0.6400000000000001     5871.625399807596      28
0.6477777777777775     6849.089037440115      32
0.7088888888888891     7678.108212452201      32
0.6766666666666666     6698.00372057725      29
0.6799999999999999     8082.07973634129      34
0.7266666666666666     8642.840583069414      34
0.7288888888888886     8868.886939906866      35
0.73     9411.966443624671      36
0.7199999999999998     9519.9556952411      37
0.7011111111111109     8539.114646834785      35
0.7222222222222221     8210.664392058825      33
0.6922222222222223     9108.386783504624      36
0.6299999999999998     5714.8154517275625      29
0.7122222222222219     9873.564480346964      38
0.7255555555555557     10315.261506002395      38
0.6244444444444447     6600.585165646435      30
0.5966666666666665     5608.786533415038      28
0.6022222222222222     5520.208767367202      28
0.7388888888888885     9437.444683023203      36
0.7311111111111109     10682.680943383626      39
0.5144444444444441     4482.43011700309      26
