0.8066666666666666     18297.359582321453      48
0.81     18322.872650323487      48
0.8133333333333335     19023.832905756364      49
0.8100000000000002     18507.57088670561      48
0.818888888888889     20564.911095980286      51
0.8200000000000002     21922.124026305515      53
0.8166666666666668     19327.408670551486      49
0.818888888888889     20754.375318739298      51
0.8200000000000001     22102.51387762142      53
0.8166666666666668     19996.82562530229      50
0.8222222222222224     25129.85732300587      58
0.8200000000000002     28210.554732953933      57
