0.7822222222222216     9757.893993276404      34
0.785555555555555     10130.30367352759      35
0.7644444444444439     8861.865912831425      33
0.7566666666666663     8422.130421552172      32
0.7822222222222216     10102.7248671254      35
0.7044444444444441     7290.815852487791      30
0.7566666666666659     8353.832487092783      32
0.7588888888888887     8483.919320847372      31
0.7866666666666661     10213.50276445916      35
0.7466666666666665     8425.056708086018      32
0.7611111111111107     8746.957345140896      32
0.7744444444444437     9572.17331910874      34
0.7188888888888885     8088.629446138329      32
0.7866666666666661     10306.154163881076      35
0.7988888888888884     10714.426370583971      36
0.7733333333333329     8924.411817768258      32
0.7777777777777772     9594.190777639413      34
0.7477777777777775     8657.427585497973      32
0.7477777777777773     8668.561086323134      33
0.7877777777777772     10640.052318141732      36
0.7555555555555553     8711.801889274453      32
0.7611111111111106     9134.933111876997      34
0.7433333333333327     8359.117947823928      32
0.7733333333333329     9618.458525573695      34
0.7833333333333328     10108.642301439362      35
0.7399999999999997     8216.70958041092      32
0.7866666666666661     10573.355467488806      36
0.7922222222222216     10908.002939415841      37
0.7811111111111105     9686.242574569558      34
0.755555555555555     9171.327936669253      34
0.7499999999999996     8824.491202882627      33
0.785555555555555     10158.073468873275      35
0.7433333333333331     8615.49329548161      32
0.7366666666666664     8442.738326791976      32
0.7699999999999995     9257.011697744572      34
0.7255555555555554     8285.91484090133      32
0.7299999999999996     8388.878000632334      33
0.7966666666666661     11570.389748927302      37
0.7311111111111105     8495.53289493811      33
0.7644444444444439     9188.993810667282      34
0.7644444444444439     9201.407668285665      34
0.765555555555555     9532.95875040742      34
0.7544444444444437     9531.51736452865      34
0.755555555555555     9518.479382758238      35
0.7811111111111105     10008.130974043506      35
0.7599999999999996     9533.547888485351      34
0.7344444444444438     9240.878039384039      34
0.7777777777777772     9992.473067598256      35
0.7733333333333329     9628.43994971429      34
