0.7711111111111102     9172.348670958927      33
0.7855555555555549     9967.289835974281      33
0.7799999999999994     10271.706456704856      34
0.7277777777777772     8385.78805593576      32
0.7744444444444437     10076.69809414103      34
0.7066666666666663     7740.6608797560675      31
0.7611111111111104     8972.096702353774      33
0.703333333333333     7236.793423247031      30
0.777777777777777     11249.373913788611      37
0.7622222222222215     9143.40964745921      33
0.7055555555555548     7761.156947851371      31
0.7644444444444437     9483.794300429301      34
0.7277777777777774     8644.324187951082      33
0.775555555555555     10465.772191702279      36
0.7599999999999993     8965.667228275117      33
0.7277777777777773     8416.948511283412      32
0.724444444444444     7830.669283597042      31
0.783333333333333     11697.70294963199      39
0.7644444444444438     9553.555355542034      34
0.7688888888888882     10149.51457009766      35
0.7799999999999992     11383.28236270622      37
0.7777777777777771     11363.843326931708      37
0.7711111111111102     10382.649435768535      36
0.7744444444444436     11876.810187351939      40
0.7699999999999994     10750.770135704868      37
0.7711111111111104     12330.645624578196      40
0.7655555555555549     10414.227545579895      36
0.7644444444444438     10131.802313522356      36
0.7277777777777773     8584.669428812456      32
0.7633333333333325     9945.615355796886      35
0.724444444444444     7846.237943053473      31
0.7266666666666662     8284.975398817602      32
0.7622222222222215     9501.625956816655      34
0.7599999999999992     8646.145046471544      32
0.7599999999999992     8930.256153069364      33
0.724444444444444     7892.505122891355      31
0.7644444444444436     10320.270891858892      36
0.7622222222222215     9880.589993499672      35
0.7611111111111104     10073.71672189657      35
0.7622222222222215     10635.013688790239      37
