0.7666666666666663     10958.507319094582      37
0.7177777777777777     6594.840710160654      28
0.7533333333333331     7933.257006452944      31
0.72     6645.121290934147      28
0.7433333333333332     8259.036474433757      32
0.7199999999999999     6667.458881778452      28
0.742222222222222     7597.222866819079      30
0.7444444444444442     8259.996430993157      32
0.7411111111111109     7561.821403008132      30
0.7433333333333332     8272.222951940972      32
0.712222222222222     6881.225701951626      29
0.7388888888888889     7171.854945877532      29
0.7499999999999999     8812.972922792313      32
0.7522222222222221     9038.456431305423      33
0.7333333333333334     7095.262718885394      29
0.7466666666666664     8696.631189201495      33
0.7044444444444444     6654.363768071072      29
0.7377777777777774     7637.636041942231      31
0.7088888888888888     6880.079820435023      29
0.7388888888888889     8148.379054801289      32
0.7177777777777776     6909.144073366612      29
0.7366666666666667     7634.378443408728      30
0.7366666666666667     7801.898111216692      31
0.7377777777777778     7904.220607731991      31
0.7333333333333334     7359.442221464681      30
0.7411111111111112     9199.793387210466      35
0.7377777777777778     8368.500096123402      32
0.7177777777777775     7288.389020107609      30
0.74     8448.44211204339      33
0.751111111111111     9410.914695076794      34
0.7233333333333336     7347.43404170394      30
0.7355555555555556     7381.703138590939      30
0.7366666666666667     7897.965785244258      31
0.721111111111111     7301.698300334636      30
0.7355555555555556     7403.585215893265      30
0.7388888888888889     8536.350087869836      33
0.7088888888888891     7024.923318133679      29
0.7355555555555556     7459.315538331048      30
0.7366666666666667     8093.37410487296      32
0.7366666666666667     8435.395295871782      33
0.7366666666666667     8769.816206707068      34
0.7366666666666667     8772.87932359872      34
0.7388888888888889     8929.975722695928      34
