0.7733333333333331     9042.667629670657      32
0.801111111111111     12990.604226305792      40
0.7877777777777774     10941.507667651913      37
0.7655555555555552     8673.743440873583      31
0.7288888888888884     7762.182218992594      30
0.7822222222222218     9896.394278778886      34
0.772222222222222     9238.990593801362      33
0.7766666666666665     10057.634635859878      34
0.7699999999999998     8918.643045871      32
0.7733333333333331     9264.914629879175      33
0.7444444444444441     8400.164660373242      31
0.7755555555555553     9421.26580278778      33
0.7444444444444441     8649.95422852315      32
0.7177777777777772     7672.975200245838      30
0.751111111111111     8676.074225160753      33
0.7877777777777775     11207.798411077669      38
0.7766666666666665     10059.509751557935      35
0.7844444444444441     10469.847653262656      36
0.7699999999999998     9273.767895099803      33
0.7755555555555549     10026.708689116234      35
0.7477777777777774     8663.595044421552      32
0.772222222222222     9326.798065148667      33
0.7599999999999998     8845.986812385152      33
0.7522222222222219     8975.181570898763      33
0.7966666666666661     11780.94812624263      39
0.7233333333333332     7956.138119192047      31
0.7922222222222218     11366.11280191361      38
0.7644444444444441     9131.295793545725      33
0.7944444444444441     11497.130153399325      38
0.7855555555555551     10899.459153443562      37
0.7233333333333332     8303.230415510767      32
0.7488888888888888     8811.674783550141      33
0.7844444444444441     10782.112424352707      37
0.7744444444444443     10052.404836205847      35
0.772222222222222     9367.025237981954      33
0.7233333333333329     8386.274655270292      32
0.7811111111111106     10081.690352443109      35
0.7733333333333331     9577.86066946688      34
0.7444444444444441     8650.990125665188      32
0.7811111111111106     10395.787820905212      36
0.7733333333333331     9630.857833780212      34
0.7733333333333331     9974.627511406454      35
0.7844444444444441     10832.52525109191      37
