0.7177777777777774     7592.065552311661      31
0.7788888888888882     11006.84915165953      37
0.7466666666666665     8053.341789148957      30
0.7711111111111103     9765.750535214715      34
0.764444444444444     8879.857009246754      32
0.7488888888888885     8266.997626552667      32
0.7577777777777774     8677.229198924833      33
0.7133333333333328     7201.986029012699      30
0.7366666666666662     8494.74058858663      32
0.7555555555555548     9449.829679821923      34
0.7566666666666658     9488.367445180167      34
0.766666666666666     9924.10336327985      35
0.7533333333333327     9097.026185899482      34
0.7133333333333328     7696.0000132108435      30
0.7366666666666666     8517.385820206493      33
0.7511111111111105     9363.532624758685      34
0.7099999999999996     7527.957369420648      31
0.7044444444444439     7444.544821368349      31
0.7711111111111104     10033.783383594744      35
0.746666666666666     8520.884007434553      32
0.7711111111111104     10365.200289344279      36
0.7211111111111105     7615.772660618694      31
0.7444444444444436     8524.476610302669      32
0.7544444444444439     9662.398095930055      35
0.7444444444444436     8855.98313304713      33
0.7622222222222216     10165.107068941648      36
0.734444444444444     7808.942712134215      30
0.734444444444444     8415.87521042425      32
