0.7855555555555551     10149.478252853787      34
0.7422222222222217     7983.539648368901      31
0.7877777777777774     10159.13676443312      34
0.7177777777777773     7465.9725711311685      30
0.7699999999999994     9327.064705793427      33
0.7022222222222219     7330.1084915762995      30
0.7499999999999994     8332.813003237909      32
0.7544444444444438     8767.351359648654      33
0.7699999999999997     9386.172067603977      34
0.7466666666666663     8717.302775686008      32
0.764444444444444     9133.47766384321      32
0.7666666666666663     9554.340800206977      33
0.7511111111111105     8945.799098665424      34
0.8133333333333329     11648.370922979837      36
0.7544444444444438     9076.020563964863      34
0.7355555555555552     7865.970475734391      31
0.7833333333333329     10021.547665529099      34
0.7855555555555551     10505.318984859754      35
0.7966666666666663     11044.717415830155      36
0.7666666666666663     9566.324169040889      33
0.764444444444444     9491.128328639745      33
0.7444444444444439     8078.93794267234      31
0.7288888888888883     8219.51777066525      32
0.753333333333333     9180.868263905688      33
0.7199999999999992     7492.40290704922      31
0.7055555555555552     7738.898334995882      31
0.7699999999999994     9705.93955362156      34
0.7477777777777772     8825.20418685941      32
0.7533333333333326     9203.122043782776      33
0.7522222222222217     9041.967885222577      32
0.7177777777777773     7765.41996496144      31
0.7499999999999994     8669.396906224876      33
0.7899999999999996     10615.538503791277      35
0.7255555555555552     8054.9757300240435      32
0.7488888888888883     8974.698103014822      34
0.7755555555555549     10142.061709442061      34
0.8055555555555551     11829.027457517788      37
0.7766666666666662     10215.638095626613      35
0.7244444444444439     8001.044465339872      31
0.7544444444444438     9098.76944343965      34
0.756666666666666     9218.810671920326      34
0.7544444444444439     9332.513285167672      34
0.7677777777777771     9966.578495489208      34
0.803333333333333     11835.229840408738      37
0.764444444444444     9596.66548876884      33
0.7422222222222219     8290.130042969973      31
0.7677777777777772     10048.594325436954      34
0.7466666666666659     8954.639374561244      34
0.7833333333333329     10417.558495872356      35
0.7722222222222218     10283.034388447575      35
