0.5833333333333331     3384.977437035052      27
0.6366666666666665     4221.910968015308      30
0.6311111111111107     3768.8458979777465      28
0.6299999999999998     3576.132655363469      27
0.6611111111111109     4603.878952467382      31
0.5333333333333334     2878.4901851079335      25
0.5422222222222219     2911.3744769869577      25
0.6299999999999998     4233.189124174657      30
0.6955555555555556     6014.387172559522      36
0.5766666666666664     3252.605951545204      26
0.6377777777777776     4471.301652305275      31
0.6299999999999998     4245.068989820455      30
0.6544444444444442     4533.329898483671      31
0.5511111111111107     3088.767862298357      26
0.6511111111111111     4746.196854476222      32
0.6611111111111112     4757.943648112872      32
0.6888888888888888     5745.077384400225      35
0.6366666666666664     4974.475312094551      33
0.5599999999999998     3307.034329075121      27
0.6566666666666664     5062.859754272707      33
0.5566666666666666     3153.2366995838765      26
0.6844444444444444     5701.008331488331      35
0.7022222222222223     6642.35202359345      38
0.6844444444444442     6302.905762574473      37
0.5955555555555554     3433.634540686018      26
0.5344444444444442     3310.558578110359      27
0.6633333333333332     5074.584807229798      33
0.6744444444444443     5344.692841656967      34
0.5344444444444442     3312.693815091264      27
0.5611111111111109     3542.002018839282      28
0.5333333333333331     2600.8325894894288      24
0.6299999999999998     4468.445386194812      31
0.6388888888888885     5105.5333835864385      33
0.6722222222222218     5226.469196000578      33
0.4777777777777775     3211.563030210244      27
0.6255555555555553     3670.178736619135      28
0.6266666666666667     5210.274282399245      34
0.6033333333333334     4506.137876651012      31
0.59     5164.617832097486      34
0.6922222222222222     6415.505819997059      37
0.5555555555555554     4033.7106633837125      30
0.5744444444444444     5497.459056439958      35
0.5577777777777777     4066.3463694459874      30
