0.6977777777777778     19442.737625993777      67
0.7233333333333333     19669.680839599238      67
0.7333333333333335     24426.02025716949      75
0.7322222222222224     21481.064870389542      70
0.7333333333333334     23564.014583153603      73
0.7333333333333335     25131.064484051385      76
0.658888888888889     17488.25876748303      63
0.6866666666666663     19445.111667548088      67
0.7244444444444444     20963.890783589257      69
0.7333333333333335     26349.288310785665      78
0.7166666666666667     19958.32896256241      68
0.7322222222222224     22007.02170679445      71
0.7144444444444442     22968.253534365114      73
0.7322222222222224     24035.08041382802      74
