0.5433333333333334     31702.70578106434      82
0.4733333333333334     30681.518864963855      79
0.5555555555555556     32037.76802043996      82
0.4855555555555556     31498.69064990666      81
0.49111111111111094     31098.556920331303      82
0.5622222222222222     32194.09243705323      82
0.5     31720.894435898637      81
0.5299999999999999     31630.851425567755      82
0.5344444444444444     31798.944435247446      82
0.5433333333333334     32101.506594248138      82
0.48666666666666664     31670.401189980264      81
0.5333333333333333     31799.80498684619      82
0.4733333333333334     31934.42576400486      81
0.4688888888888889     31802.648784833593      81
0.5522222222222223     32331.009565961784      82
0.5133333333333332     31315.43578929661      82
0.47999999999999987     32927.65925507413      82
