0.8111111111111114     16737.964125212256      51
0.8233333333333336     18158.43436344269      53
0.817777777777778     16928.25658136994      51
0.8222222222222225     18143.75824010739      53
0.81     16290.369670036553      50
0.791111111111111     16040.206927979205      50
0.827777777777778     18812.806326454596      54
0.8266666666666669     18909.366044106122      54
0.8244444444444446     18204.629824417138      53
0.8277777777777781     18932.73898796616      54
0.8233333333333336     18160.14235183314      53
0.8311111111111115     19701.110092013434      55
0.8255555555555559     18935.063503849808      54
0.8311111111111115     19701.561440472706      55
0.8311111111111115     20251.334987366572      56
0.8311111111111115     20334.72121138491      56
0.8366666666666669     29649.163348823444      68
