0.25888888888888884     3773.7098004719587      27
0.3155555555555554     3912.087881018666      27
0.3688888888888888     6731.197627967387      36
0.35222222222222216     6560.152882196939      36
0.32555555555555543     4053.4918709743247      27
0.3477777777777777     5638.312752624816      33
0.3766666666666666     7321.565995980906      38
0.31111111111111095     4289.013755568539      30
0.2677777777777777     3556.118258915701      28
0.2922222222222221     4317.141081435537      29
0.35111111111111104     5679.970382726774      33
0.25777777777777766     3688.2675167329994      27
0.25666666666666665     3285.6339291450854      27
0.38222222222222213     7441.219060596186      38
0.34222222222222215     5272.856578907683      32
0.26999999999999996     4033.4601218343028      28
0.3733333333333333     6744.983641680997      36
0.3755555555555555     7623.670929621472      39
0.36555555555555547     7525.720390567741      39
0.3033333333333331     4175.075480245389      30
0.32888888888888873     4679.698510370115      30
0.27555555555555544     3876.7339965178776      29
0.3377777777777777     4939.175044680842      31
0.3455555555555555     6542.509483055012      36
0.3766666666666666     7941.765216863693      40
0.24333333333333326     3557.856543470067      26
0.35888888888888876     6684.319632304432      37
0.31444444444444436     5106.59967790036      32
0.37111111111111106     8307.252266424934      41
0.34666666666666646     6928.8254145105875      38
0.2799999999999999     4052.7166340856375      30
0.25222222222222207     3933.2244022161913      28
0.341111111111111     5739.511284506044      33
0.2966666666666665     4271.518028113616      30
0.2566666666666666     3862.7612785123515      29
0.3377777777777776     6141.913260008127      36
0.3344444444444443     5788.579422880846      33
0.3744444444444444     8715.045088861592      42
0.3222222222222221     5934.860917463648      36
0.35999999999999993     8235.05916294997      40
0.23999999999999988     2822.1510080024964      25
0.3422222222222222     6269.922655731673      35
0.32888888888888884     6547.724001983446      36
0.3588888888888887     7177.91312682818      38
0.3233333333333332     6427.169504289684      37
0.322222222222222     5428.200359662917      33
0.3133333333333332     4344.023615389372      29
