0.3222222222222221     4566.979203835194      30
0.2677777777777777     3387.0444094666595      27
0.3144444444444442     4612.460332214039      30
0.2688888888888888     3529.4582991692673      28
0.31222222222222207     4132.867949193599      29
0.2677777777777776     3645.0833744071156      28
0.3588888888888887     6930.797700622464      37
0.3222222222222221     4421.616009565274      29
0.32222222222222213     4536.493178555411      30
0.3155555555555555     4626.994888304936      29
0.29888888888888865     3594.8367090519864      27
0.3177777777777776     4617.406808568439      30
0.3688888888888887     6862.7708532774095      36
0.3388888888888888     5748.024372220691      34
0.31111111111111095     4792.814116601365      31
0.2644444444444443     3362.823660172668      27
0.331111111111111     4834.716390848179      31
0.32111111111111096     4392.528810826138      29
0.3055555555555555     3975.817849148414      27
0.30666666666666664     4157.731042745175      28
0.33444444444444427     5695.108740158073      34
0.30111111111111094     4004.897198045749      28
0.3311111111111109     5910.022531737695      34
0.3299999999999999     4692.755114178259      30
0.3399999999999999     6154.623535242533      34
0.31444444444444425     4115.085091095527      28
0.3311111111111109     5336.663378256346      32
0.34999999999999987     5051.993119606331      31
0.331111111111111     4919.037307517731      30
0.2633333333333333     3606.02113444863      28
0.23777777777777764     3406.8956797124465      27
0.3655555555555554     7057.158632784006      37
0.30999999999999983     4620.586813067944      30
0.29555555555555557     3753.1172247861873      26
0.3299999999999999     4924.294739685171      31
0.33999999999999986     5024.074479629845      31
0.3388888888888888     5282.176305430055      32
0.3077777777777776     4068.362914939063      29
0.29222222222222216     3734.336747894973      26
0.3144444444444443     4320.842496720047      29
0.32555555555555543     5730.045443418858      34
0.3     3940.849137700373      27
0.29555555555555535     3754.99448959895      27
0.3644444444444444     6949.428897507294      37
0.3666666666666665     6791.582833349185      36
0.3233333333333332     5149.9691133720235      32
0.3377777777777776     6069.897027395121      35
0.26999999999999985     3649.6433680975724      27
0.35777777777777764     6264.39506705087      35
0.28888888888888875     3727.459258516761      28
