0.9577777777777783     20368.367140550465      52
0.946666666666667     17395.558997210763      48
0.9488888888888891     18063.408292634165      49
0.9533333333333338     18899.264710601125      50
0.9500000000000003     18106.328606474228      49
0.9555555555555559     19589.2393575404      51
0.9533333333333337     18840.486877987394      50
0.9511111111111116     18159.69383713504      49
0.955555555555556     19610.23148618811      51
0.9522222222222226     18698.283832344587      50
0.9544444444444449     19728.23858630794      51
0.9588888888888895     23150.146808650185      54
