0.9155555555555557     14988.302925324911      45
0.9400000000000003     17254.3217516133      48
0.8844444444444448     13995.377299632168      45
0.9344444444444445     16908.31411788602      48
0.9322222222222223     15814.855716537108      46
0.9266666666666667     16284.722787336728      47
0.9288888888888891     16885.642538992655      48
0.9055555555555559     14990.095099481376      45
0.9411111111111113     17680.910381949503      49
0.9444444444444448     17703.97492094184      49
0.9366666666666668     16943.005195027912      48
0.9355555555555557     16946.706359850272      48
0.9333333333333337     17944.257084662357      48
0.9322222222222223     16924.425276946073      48
0.9477777777777782     18376.776424320327      50
0.9477777777777782     21390.96032201954      54
0.9533333333333338     34774.83520469019      68
0.9477777777777783     33969.23412985203      67
0.9533333333333338     37788.9918341501      71
