0.9522222222222225     22427.015545999937      55
0.946666666666667     21635.231229063505      54
0.9544444444444449     22511.88733585744      55
0.9577777777777783     23345.54033852867      56
0.947777777777778     22480.452094917167      55
0.9500000000000004     22991.220971861436      53
0.9111111111111114     21790.664512805673      52
0.9544444444444449     24745.69351170081      56
0.9566666666666671     24830.4100042064      56
0.9500000000000004     23402.937823826043      54
0.9388888888888893     23843.821713540878      52
0.9500000000000004     24141.81301934573      55
0.9588888888888895     24213.835002990767      57
0.9611111111111117     26576.250927160327      58
0.9511111111111115     24549.74137912651      55
0.9600000000000006     25675.094167254203      57
0.9500000000000004     24143.46571944414      55
0.9433333333333336     430801.50353137974      53
0.9611111111111117     28120.757945903824      60
0.9500000000000004     431060.8424007806      54
0.9377777777777778     427191.51665157883      52
