0.9411111111111115     16917.332991740834      47
0.944444444444445     17542.05344172295      48
0.9366666666666671     16754.092147603187      47
0.944444444444445     17576.973625187245      48
0.945555555555556     18169.030843096123      48
0.9411111111111117     17647.256766189552      48
0.9011111111111114     16964.24992966171      47
0.9477777777777784     18447.630281165188      49
0.9500000000000006     19191.402582661718      51
0.9511111111111118     21037.847441177255      53
0.9555555555555562     21771.561931546494      54
