0.9366666666666669     19103.76025393001      51
0.9211111111111113     20130.262873609106      51
0.9433333333333339     19884.217981431688      52
0.955555555555556     21703.943096115512      54
0.9533333333333338     20802.468007365347      53
0.9400000000000003     19831.562045608433      52
0.9311111111111116     427626.23472908925      51
0.946666666666667     20007.738089729533      52
0.927777777777778     426939.78441246366      50
0.9100000000000001     426921.60776896315      51
0.9011111111111112     424972.67849063216      49
0.8900000000000003     424293.4912349377      47
0.9600000000000006     443160.32760805765      67
0.9600000000000006     449931.9985146973      73
