0.9522222222222227     21830.051927263998      50
0.9233333333333335     19803.942083174228      48
0.945555555555556     19696.358018805204      51
0.944444444444445     18518.129969301535      50
0.9411111111111116     20294.08742788155      48
0.9355555555555559     17695.02131204083      49
0.9566666666666672     24208.521319168773      53
0.9500000000000004     21398.954823306056      50
0.9500000000000004     22165.969686421675      51
0.9311111111111117     17823.393655964905      49
0.9244444444444446     17476.284233946797      49
0.9333333333333337     20039.818710615124      48
0.9400000000000006     17904.12059995417      49
0.9411111111111113     20813.311222262146      49
0.9288888888888893     18244.891265954244      50
0.946666666666667     21642.631850342805      50
0.9366666666666672     18410.60660781969      50
0.945555555555556     20343.584250170006      52
0.9500000000000004     22257.57478387467      51
0.9200000000000004     16393.53705954938      47
0.9433333333333337     22049.63718371832      51
0.9555555555555562     22454.532545435042      51
0.9511111111111115     24100.466573443184      53
0.9466666666666672     22341.153635028073      51
