0.9466666666666672     19408.755827924502      51
0.9444444444444451     17014.14522178495      48
0.9477777777777783     20733.18391747013      53
0.9455555555555561     18262.979025638342      50
0.9422222222222227     17142.15128139283      49
0.9411111111111117     15809.056047958593      47
0.9444444444444451     17452.72059654038      49
0.944444444444445     18535.458571122843      50
0.9433333333333339     17461.10218105745      49
0.9455555555555561     18648.501246366744      50
0.9411111111111117     16427.281596225283      48
0.9466666666666672     19981.24762765239      52
0.9300000000000004     16930.20400910404      48
0.9455555555555561     19827.4762311194      52
