0.9488888888888893     19060.564434588006      47
0.917777777777778     13233.536170010748      43
0.9477777777777782     18876.19056060126      47
0.955555555555556     19745.9377662145      48
0.9444444444444451     15852.2101967804      47
0.9222222222222225     14345.094120766993      45
0.9511111111111116     19514.090385999756      48
0.936666666666667     19321.817689742657      47
0.9522222222222226     20354.115823148775      49
0.9511111111111116     20075.270147229283      49
0.9500000000000004     19628.601387899653      48
0.9388888888888893     16829.541737150153      49
0.9477777777777782     19473.74021233801      48
0.9400000000000004     17045.537761345964      49
0.955555555555556     20396.055903218014      49
0.9344444444444449     15160.855506068014      46
0.9511111111111115     19730.64348994382      48
0.9511111111111116     20174.427547343133      49
0.9533333333333338     20884.33999630789      50
0.955555555555556     20910.962749648817      50
0.9377777777777782     16791.830134363972      49
0.946666666666667     20228.70774329282      49
