0.20555555555555552     27059.561268749265      75
0.2144444444444444     29268.455339676908      77
0.2055555555555555     27581.407729053746      76
0.20333333333333323     25225.800755492186      72
0.2022222222222221     29582.270335046822      78
0.18444444444444433     22803.91700700166      69
0.2155555555555555     29901.344364803714      79
0.19999999999999996     27727.465322784472      75
0.19444444444444434     27975.232775716428      76
0.19333333333333322     32222.687201491037      82
0.19222222222222216     24800.820639821108      72
