0.9488888888888894     19500.378856005635      49
0.9488888888888893     19494.804933187654      50
0.9477777777777783     18814.634431079372      48
0.9444444444444449     17346.39331798682      47
0.945555555555556     18018.915218182057      48
0.9466666666666672     18701.35533570592      49
0.9422222222222227     17194.37927805802      47
0.9511111111111117     20868.507310186957      51
0.9500000000000005     19598.290498599228      49
0.9511111111111116     20298.44400175029      50
0.9477777777777782     18774.020816247215      49
0.9466666666666672     18728.348621997502      49
0.9466666666666671     18087.089837827178      48
0.9500000000000005     20126.393214052274      50
0.9511111111111117     21966.61945285447      53
0.9488888888888893     20041.57719235108      51
0.9466666666666671     18605.900794637284      49
0.9477777777777783     19336.083169953312      50
