0.8111111111111111     17830.844961544073      50
0.8111111111111111     17848.36918384813      50
0.8088888888888888     16950.91219894287      49
0.8111111111111111     17851.00979038996      50
0.8077777777777777     15767.567874986895      47
0.8088888888888888     16953.663551706646      49
0.8111111111111111     17884.88523446323      50
0.8088888888888888     17545.235483039723      50
0.8111111111111111     18481.491643411042      51
0.8111111111111111     19807.409952553284      53
0.8088888888888888     18231.69061053877      51
0.8077777777777777     16262.195202379344      48
0.8088888888888888     19513.79804802198      53
