0.8111111111111111     20363.37778887521      54
0.7866666666666666     18789.305732958055      52
0.8066666666666665     20370.13970060216      54
0.8111111111111111     21063.573185135156      55
0.7822222222222222     17541.28998653822      50
0.8044444444444444     20891.289163906906      55
0.7722222222222221     18331.797621686637      51
0.7999999999999998     18987.736227787344      52
0.7944444444444444     20458.032821501987      54
0.7899999999999999     19649.516063947347      53
0.7933333333333333     21724.764327769266      56
