0.8400000000000002     19930.830855282067      56
0.836666666666667     18713.895989635752      54
0.8411111111111114     20719.43762798022      57
0.8400000000000002     19998.941865976867      56
0.8411111111111114     22016.493505130868      59
0.8377777777777781     19241.370034075666      55
0.8400000000000002     20174.399727143074      56
0.8388888888888891     19394.73508334787      55
0.8400000000000002     21173.586391474662      58
0.836666666666667     19309.119216715826      55
0.8377777777777781     20461.38163018366      57
