0.24222222222222212     32229.84727030262      72
0.26888888888888884     38090.262764811625      76
0.16222222222222205     26020.80071979596      64
0.17555555555555538     29520.891405146995      68
0.24666666666666656     35335.49350731347      73
0.2722222222222222     38844.685450162804      79
0.22888888888888878     31777.648183983565      70
0.26333333333333325     40471.47640116808      80
0.24333333333333318     34301.5354430201      72
0.21777777777777763     31359.686367680657      71
0.25222222222222207     35641.83599203564      75
0.22444444444444425     32328.93981511228      71
0.19999999999999984     32031.093086156212      70
0.24222222222222203     32849.62878115508      71
0.25666666666666654     38925.387349486526      78
0.16111111111111107     30760.485722573925      68
0.22555555555555548     38159.35186794258      75
0.11444444444444436     31663.401856202017      69
0.18111111111111095     34567.46919809664      71
0.26111111111111107     41921.82648760625      81
0.1788888888888888     33533.02088985415      73
0.2188888888888887     35470.7832444057      74
0.2488888888888888     37361.458910027446      76
0.1377777777777776     38738.85869861866      76
0.1888888888888887     39411.32636261524      77
