0.181111111111111     31626.34123310105      68
0.2666666666666666     38082.118066840994      76
0.26111111111111096     31270.729893172378      70
0.24444444444444421     29507.216905194247      69
0.25777777777777766     32559.05804784294      73
0.2477777777777776     30413.824098432713      69
0.27777777777777773     38520.90928482668      77
0.23333333333333311     38031.62792408931      77
0.22666666666666657     32697.11903218367      70
0.24888888888888877     39239.626145986105      77
0.15222222222222212     32017.317646459393      71
0.16444444444444437     34436.146216686735      72
0.2444444444444443     39016.18766481294      77
