0.6708333333333331     7138.3598928427255      42
0.6666666666666664     6911.695346372835      42
0.6624999999999998     7565.694548622871      44
0.6708333333333331     8773.611413865781      47
0.6499999999999999     6337.247668155899      40
0.6333333333333332     7175.812047979637      43
0.5958333333333332     6516.764308025753      40
0.6708333333333331     9586.188737972425      49
0.6666666666666664     8873.655045010386      47
0.6666666666666664     10129.833984849778      51
0.6208333333333331     7182.686556058599      42
0.575     7656.86470301319      44
0.6458333333333331     7661.436520637074      45
