0.6749999999999997     9816.542395730305      50
0.6041666666666665     5949.894499851001      39
0.6708333333333331     6798.427014882553      41
0.6541666666666665     6080.424979828521      39
0.6624999999999998     6985.084724939961      42
0.6708333333333331     7350.820111614141      43
0.5833333333333334     6219.664364508942      40
0.6374999999999998     7157.308229864612      42
0.6749999999999996     9749.367983808646      49
0.6666666666666664     8521.998291694264      46
0.5666666666666668     5649.404863799934      38
0.6624999999999998     8357.276453477207      46
0.6499999999999999     7487.3861769545765      44
0.6499999999999998     8207.443916571367      46
