0.6791666666666664     8707.838814488448      47
0.6708333333333331     7300.271453905494      44
0.6541666666666665     6732.283752866129      42
0.6583333333333331     7291.164743980256      43
0.6749999999999997     7524.695812305744      43
0.6541666666666665     6801.385509817672      42
0.6666666666666664     8012.274401782528      45
0.6749999999999997     8949.486750647313      47
0.6499999999999998     7623.647875962951      44
0.6374999999999998     6598.450851581908      41
0.5750000000000001     6698.497589212356      42
0.6624999999999998     8394.961894574564      45
0.6666666666666664     9476.055283150776      49
