0.2955555555555554     10902.240632287734      49
0.3322222222222221     14360.440556066957      56
0.2733333333333331     9978.194829023992      47
0.31888888888888883     11020.971441279658      49
0.23999999999999994     9639.264231194991      46
0.2688888888888887     9657.927596850537      46
0.2955555555555554     11762.876884619183      51
0.31222222222222207     12054.100335509867      51
0.2688888888888887     11039.69088180901      49
0.2955555555555554     11858.041275883388      51
0.3088888888888888     12722.70979644726      53
