0.411111111111111     19910.967517728106      67
0.5322222222222223     25642.33831153616      75
0.4811111111111111     24878.3737890024      75
0.4788888888888889     25036.495639443132      75
0.53     25217.632757512147      75
0.5111111111111112     26060.64489182621      75
0.48999999999999994     25177.501030039544      75
0.43000000000000005     25037.818081807738      75
0.4733333333333333     25448.85496177447      75
0.4566666666666667     25289.384968062433      75
0.4255555555555555     25220.223010440302      75
0.41666666666666663     25518.32659447214      75
