0.47666666666666674     24556.05374190381      74
0.48333333333333334     25242.892054105432      75
0.4822222222222223     25297.55247984927      75
0.4744444444444446     24913.150540782764      75
0.4555555555555556     24959.457492097612      75
0.528888888888889     25313.779637679025      75
0.40111111111111125     25375.467094764907      75
0.5000000000000002     25442.19381835969      75
0.4755555555555555     25486.978346004427      75
0.5022222222222223     26165.831519467105      75
0.45999999999999996     25611.557249048587      75
0.4888888888888891     26075.032858193208      75
