0.7749999999999994     1086.630479614016      17
0.7833333333333327     1211.4652032394613      18
0.733333333333333     853.2898094360405      15
0.7541666666666661     964.7470400566716      16
0.7458333333333329     1037.8801902267392      17
0.7749999999999994     1206.2836796236973      18
0.7999999999999993     1500.9946911111692      20
0.766666666666666     1209.6617793167457      18
0.7583333333333327     1092.2441780217423      17
0.7624999999999995     1179.4561112910626      18
0.7624999999999995     1190.2099157937712      18
0.7624999999999993     1211.4039876813094      18
0.7458333333333328     1050.7546576874638      17
0.7749999999999994     1213.9750135204085      18
0.754166666666666     1086.4446670514785      17
0.7749999999999994     1220.8617582816191      18
0.7999999999999993     1668.435448587432      21
0.7541666666666661     1209.6983399640033      18
0.7333333333333327     1202.3412232179257      18
0.7999999999999993     1921.3845055782745      22
0.7291666666666662     1208.19390123608      18
0.7874999999999993     1221.696094189563      18
0.7958333333333326     1354.4182412133307      19
0.7958333333333326     1509.430011206264      20
