0.733333333333333     885.6989359249483      16
0.7416666666666661     887.6952524421118      16
0.766666666666666     1744.1954593914797      22
0.7458333333333328     1001.7683307569017      17
0.7583333333333327     1194.9611275023067      18
0.7041666666666663     774.1515798517378      15
0.733333333333333     984.9389541068705      17
0.7291666666666662     864.4063240472539      16
0.7624999999999994     1256.435958752936      19
0.7541666666666661     1225.9395690131946      18
0.7583333333333327     1263.5147960284326      19
0.7624999999999994     1373.7463923096766      20
0.7458333333333328     1004.9593253055733      17
0.7333333333333328     878.4486752017932      16
0.7333333333333328     983.5392635795071      17
0.7374999999999995     991.070784501566      17
0.7083333333333328     958.3935861809144      17
0.7333333333333328     992.1906565894233      17
0.7583333333333327     1386.0851428142664      20
0.7374999999999996     1114.768923488631      18
0.7499999999999994     1124.4018886465399      18
0.7374999999999995     997.6984567431342      17
0.7541666666666661     1258.9659551315312      19
0.7583333333333327     1399.5349432648304      20
0.7458333333333328     1121.201460447726      18
0.7499999999999996     1264.0918733749854      19
0.7333333333333328     1090.1036896500068      18
0.7333333333333328     1104.837912931009      18
0.7499999999999994     1132.3961232740241      18
