0.7291666666666663     826.5215912885237      15
0.7541666666666661     978.7676621573023      16
0.791666666666666     2249.649217418463      25
0.7624999999999994     1069.037160903099      17
0.766666666666666     1175.7382175938333      18
0.7416666666666663     918.5875348237478      16
0.7833333333333327     1446.9407221109109      20
0.7499999999999994     1034.6921845522247      17
0.7749999999999994     1329.384050105893      19
0.7708333333333328     1299.2580729916838      19
0.7374999999999996     939.1433870561425      16
0.7249999999999995     922.7963432244242      16
0.7416666666666661     1028.7853233579574      17
0.7708333333333327     1431.107714013005      20
0.7458333333333328     1039.2723399187669      17
0.7333333333333328     1031.1292006757806      17
0.7833333333333327     1576.5190963722982      21
0.7499999999999994     1041.401124230163      17
0.779166666666666     1473.7273253777905      20
0.7749999999999994     1440.8074770310652      20
0.7041666666666662     830.5407944365552      15
0.7666666666666662     1178.0558477515053      18
0.7249999999999995     924.6721757667397      16
0.7666666666666662     1293.60526756298      19
0.7291666666666663     1033.0355661594454      17
0.7749999999999994     1578.207401557966      21
0.7749999999999994     1587.444194984748      21
0.7541666666666661     1045.5977839784916      17
0.7541666666666661     1155.4006372325273      18
0.7749999999999994     1608.3917474359646      21
0.7541666666666661     1164.131887295127      18
0.7416666666666663     1176.6043349713266      18
0.7708333333333327     1597.6471220960543      21
0.7249999999999995     1135.3500507098277      17
0.7541666666666661     1272.140629710039      19
0.7458333333333328     1187.2529177538124      18
0.7458333333333328     1268.4445127914955      19
