0.7708333333333327     976.5499230921412      16
0.7833333333333327     1206.2190289764255      18
0.7583333333333327     1059.102699211551      17
0.7958333333333326     1478.6814221629056      20
0.779166666666666     1197.3396781804956      18
0.7999999999999993     1616.734729650477      21
0.7749999999999994     1189.8769488288867      18
0.7749999999999994     1195.2354251514746      18
0.7958333333333326     1489.559797947429      20
0.7958333333333326     1490.0164861188873      20
0.7708333333333327     1068.4296304624327      17
0.7958333333333326     1531.4585458801182      20
0.7499999999999994     1068.0088021943163      17
0.7874999999999993     1218.3504150100187      18
0.7999999999999993     1622.8044014524269      21
0.791666666666666     1356.4907241525138      19
0.7624999999999994     1104.5432946310875      17
0.7458333333333328     845.1050448731119      15
0.7374999999999995     1054.0181448940432      17
0.791666666666666     1471.6440481868333      20
0.766666666666666     1105.4762343898276      17
0.8041666666666659     1782.7015832189352      22
0.7416666666666661     1173.052441279964      18
0.766666666666666     1284.550933730043      19
0.7874999999999993     1351.7779722630912      19
0.8041666666666659     1793.2875236310504      22
0.7874999999999993     1463.7347511169407      20
0.779166666666666     1313.4380775184784      19
0.7958333333333326     1753.6363831649248      22
0.8041666666666659     1798.068960392323      22
0.7874999999999993     1465.7515818362733      20
