0.7999999999999997     10419.968495313648      36
0.7955555555555552     9829.59925115371      35
0.7899999999999997     9863.238121638291      35
0.7888888888888886     8948.54145204431      32
0.7877777777777774     8501.783193475507      32
0.7888888888888886     9691.113210615422      35
0.7422222222222217     7439.4613707346725      31
0.7388888888888886     7115.2795766770505      30
0.7677777777777773     7476.882716941815      30
0.735555555555555     7519.734763044259      31
0.7677777777777773     7828.999500964006      31
0.7877777777777774     9286.422571544672      34
0.7966666666666663     11195.952350307343      38
0.7888888888888886     9871.713879533496      35
0.7666666666666662     7701.570645135821      31
0.7355555555555553     7592.708669021795      31
0.7955555555555552     10191.282483135341      36
0.7799999999999996     8748.768556606736      33
0.7877777777777774     9317.222427944442      34
0.7955555555555552     10986.06162361705      38
0.7866666666666664     9168.697131105868      34
0.7766666666666662     7922.739542431208      31
0.7766666666666662     8313.341950437876      32
0.7955555555555552     11445.330770773375      39
0.7955555555555552     12404.441014811724      41
0.7877777777777774     9663.75444606634      35
0.7899999999999997     10591.41972639966      37
0.7877777777777774     9702.004673979842      35
0.7866666666666664     9541.126847986097      35
0.7877777777777774     10089.23249443466      36
0.7888888888888886     10156.939253848903      36
0.7888888888888886     11306.44270924834      39
