0.8166666666666668     10124.36724074925      37
0.8177777777777776     9687.890386648487      36
0.8166666666666665     10191.16127762508      36
0.8188888888888887     9658.225115584897      37
0.8188888888888889     9693.924394406351      37
0.8177777777777779     10008.524754353375      36
0.8244444444444446     10417.715674144714      37
0.802222222222222     9750.250021620535      36
0.8200000000000003     10143.427116421759      36
0.8255555555555556     10328.445510412772      37
0.8199999999999998     9939.873433163428      37
0.8144444444444443     9632.411760295961      36
0.7977777777777775     9247.763056459336      36
0.8055555555555555     9971.826950411878      36
0.8155555555555556     10069.814755976655      37
0.7988888888888889     7772.282995623347      32
0.7855555555555552     8895.75752638638      35
0.8044444444444445     8967.173205785568      35
0.7922222222222222     9845.662217505162      35
0.8144444444444443     9258.859442078065      34
0.8122222222222223     8926.976770333466      35
0.7944444444444444     10210.661085322183      36
0.783333333333333     7737.467236126293      33
0.8255555555555556     10498.599052815927      37
0.77     7532.99404123286      32
0.8144444444444444     9481.665839109826      35
0.8266666666666667     11078.417291630154      38
0.8244444444444445     10156.77859595115      37
0.7922222222222219     7865.891998941919      33
0.7766666666666666     7634.388003649836      32
0.8266666666666667     10705.19172368419      37
0.7999999999999998     8334.604024090891      33
0.8133333333333335     9238.824514151247      36
0.8166666666666668     10393.959048203677      37
0.7833333333333331     9031.917530263812      36
0.8233333333333333     10123.130557901586      38
0.8022222222222221     8838.918925327567      33
0.7833333333333332     8170.261065968688      33
0.7511111111111105     8165.351797138526      35
0.7711111111111112     7572.891070066669      32
0.8077777777777777     8735.27485556749      34
0.7866666666666664     9169.825250487489      35
0.7633333333333332     7474.287259513402      32
0.802222222222222     8669.065306926701      35
0.6811111111111107     6405.003550854804      31
0.7644444444444445     10272.418817633212      38
0.7111111111111109     6875.618526127728      31
0.7000000000000002     6422.412837192534      30
0.7488888888888888     7068.760125616415      31
0.7288888888888884     7710.454952461959      34
