0.7833333333333332     7786.920526656191      32
0.7588888888888885     7397.576820812523      32
0.775555555555555     7567.120794426058      32
0.7699999999999996     8588.355997302038      34
0.7833333333333332     8502.885635113495      34
0.7588888888888885     7531.202852055382      32
0.7688888888888885     7402.0471164261135      31
0.7744444444444444     8340.726737744775      34
0.7944444444444441     8283.786977085254      34
0.7611111111111106     7150.665202165885      30
0.7744444444444444     8614.68399064745      34
0.7799999999999996     7775.480801423978      32
0.8000000000000002     8727.779838162067      34
0.7755555555555552     8727.783730740368      34
0.7699999999999999     7535.130818926365      32
0.7844444444444442     8858.265146503678      34
0.7866666666666664     8885.22536240234      35
0.7533333333333329     6817.812845463864      30
0.7866666666666664     7916.662987638029      32
0.7988888888888888     8723.30319244833      34
0.7577777777777774     6911.502603880817      30
0.7555555555555553     6866.621953781429      30
0.7411111111111109     6982.840261664746      31
0.7866666666666666     8243.66863383036      33
0.8133333333333334     9169.793012209297      35
0.7433333333333331     8293.147349818175      34
0.7777777777777776     7690.603922892386      32
0.7955555555555556     8471.282359930532      34
0.7355555555555552     7386.269236038405      31
0.7377777777777775     7588.019623188245      33
0.7933333333333334     8363.596536742984      33
0.7799999999999999     8035.7842678557245      33
0.724444444444444     6838.067345810198      30
0.7611111111111108     7143.073458124996      31
0.7466666666666664     6625.988383819079      30
0.7277777777777774     6463.527533148531      30
0.8077777777777778     8818.066572529571      34
0.7688888888888884     7187.18722180348      31
0.7199999999999994     6299.395108510219      28
0.7988888888888889     8726.669585628648      34
0.7611111111111107     8586.552666658159      34
0.7688888888888885     8304.297888916506      33
0.6833333333333329     6150.770438610535      29
0.7833333333333329     7711.458966585944      32
0.7733333333333331     7564.874833891636      31
0.7411111111111107     6580.4335008081525      29
0.8044444444444447     9216.751996679828      35
0.7888888888888888     8268.113739865194      33
0.7511111111111105     6814.336392748219      30
0.6911111111111107     7849.434792518121      35
