0.7855555555555556     9037.213040363788      31
0.8088888888888889     8974.34582603937      34
0.8144444444444445     9323.850330906265      36
0.8099999999999998     9044.141582110973      34
0.7855555555555552     8087.504951473796      32
0.8133333333333335     9387.174703532106      35
0.7766666666666666     7343.684511614837      31
0.7822222222222223     7981.921247452203      33
0.7799999999999997     7900.0219476019165      33
0.8211111111111111     10075.83297195412      37
0.7588888888888886     7160.656339705031      31
0.7788888888888885     7763.24427474008      32
0.7688888888888888     7598.209301177134      31
0.8055555555555554     8743.433974365158      34
0.8200000000000001     9841.081907011194      36
0.7866666666666666     9498.597582897488      32
0.764444444444444     7258.154241781334      31
0.8155555555555556     9489.888724180122      35
0.8155555555555557     9590.552672184594      36
0.8077777777777778     8926.270263567594      34
0.7577777777777777     6932.279434185037      30
0.8011111111111111     8019.371772704656      33
0.7433333333333332     7150.645178822805      31
0.6955555555555553     6844.7210553269115      32
0.8133333333333331     9136.591598757994      35
0.712222222222222     7172.941375702444      32
0.7555555555555555     8486.488785655569      30
0.8111111111111111     9125.225359079168      35
0.682222222222222     7902.051994953298      30
0.8022222222222221     9194.299965290202      35
0.7977777777777777     8465.124995720997      33
0.7666666666666665     7739.648310938218      32
0.8177777777777778     11724.633045955898      37
0.7522222222222221     7448.8575369313785      31
0.8011111111111109     9452.314707993755      36
0.8155555555555555     9858.38231877154      37
0.7377777777777775     7367.609324972992      32
0.8244444444444445     10857.23715576446      39
0.7722222222222218     8221.822673769953      34
0.8144444444444444     10019.41480236927      37
0.6722222222222219     7769.260927458152      33
0.7822222222222223     8350.54401037525      34
0.7877777777777777     8686.755012852305      34
0.8022222222222224     10202.218308074545      38
0.764444444444444     8149.227168805305      34
0.7822222222222219     11148.904505507684      40
