0.874999999999999     2752.687823801242      28
0.8291666666666658     2016.464184404855      24
0.8708333333333323     2575.4069392949364      27
0.8708333333333323     2597.4899785951516      27
0.8374999999999991     2177.041992894444      25
0.8624999999999989     2374.404334487125      26
0.8458333333333324     2197.7108660066415      25
0.8333333333333325     2175.6595582261843      25
0.8583333333333324     2208.759865676956      25
0.8666666666666656     2375.638230056307      26
0.8708333333333322     2546.989304375738      27
