0.8208333333333325     1378.5790940658858      19
0.8499999999999991     1530.4364146679982      20
0.8791666666666657     2413.266320467052      25
0.8333333333333324     1543.1899909595236      20
0.8458333333333324     1698.4577006453926      21
0.8541666666666657     1815.7080980484848      22
0.8416666666666658     1837.0976906988503      22
0.8791666666666655     2230.5764384215727      24
0.874999999999999     2336.4625532526534      25
0.8666666666666657     1881.7563232112457      22
0.8291666666666658     1517.477237401535      20
0.862499999999999     1851.3046169139943      22
0.8708333333333323     1888.8535786440664      22
0.8708333333333322     2056.4823416838303      23
0.8333333333333325     1679.9791427827408      21
0.8583333333333324     1985.691156258429      23
0.8499999999999991     1968.1622822042689      23
0.8166666666666659     1540.2886088841703      20
