0.8458333333333323     1846.9290997137443      22
0.8458333333333323     1996.0982304696245      23
0.8458333333333323     2011.7886157771989      23
0.8916666666666655     2453.3780954612735      25
0.8624999999999989     2037.1626328333143      23
0.8416666666666658     1869.30371593458      22
0.8583333333333323     2026.7802803073685      23
0.8499999999999991     2016.0315476504297      23
0.8874999999999988     2225.888318019023      24
0.8874999999999988     2388.166163629718      25
0.8333333333333325     2005.1714754294242      23
0.8749999999999989     2038.4802589859346      23
