0.8955555555555559     8931.913619961644      33
0.8733333333333335     7691.865674924424      31
0.8566666666666666     7016.316379256803      29
0.7988888888888883     5885.28336453123      27
0.8144444444444444     5907.224705859253      27
0.8644444444444447     7234.049582927516      30
0.8455555555555556     6200.693198558438      27
0.7666666666666665     5227.875033450052      25
0.8322222222222225     6188.280107172897      27
0.8177777777777776     5931.536330187958      26
0.8277777777777775     5986.332966672886      27
0.8033333333333328     5923.109042385766      27
0.8611111111111109     7154.876961623334      30
0.7777777777777773     5488.486985127387      26
0.793333333333333     5600.81200117132      27
0.8577777777777776     7115.538434473778      30
0.7444444444444441     4999.475789160273      25
0.7933333333333328     5638.247322441375      26
0.8333333333333336     6538.156516548655      28
0.7633333333333328     5220.63777701534      25
0.8555555555555555     7163.635180980005      30
0.7955555555555552     5861.898889155555      27
0.8944444444444447     8491.351838211689      32
0.8922222222222225     8555.592080374601      32
0.8477777777777776     6835.4369617298125      29
0.8111111111111109     5986.111825882806      28
0.8266666666666667     6015.006226641269      27
0.7633333333333335     5273.8059813924365      25
0.7344444444444442     4995.458585221555      25
0.8955555555555559     9279.552629941185      34
0.8944444444444447     9134.642319788683      34
0.8733333333333334     7416.458332300539      30
0.8288888888888889     6458.846122143976      28
0.8844444444444446     7965.832393902952      31
0.8844444444444446     8263.66345765894      32
0.7877777777777775     5627.640638348018      26
0.8244444444444442     6346.304957398332      28
0.8255555555555553     6511.468192315905      28
0.8533333333333334     6871.799666863155      29
0.8855555555555558     8380.041939485765      32
0.846666666666667     6654.702540235988      28
0.858888888888889     7398.488867380262      30
0.8400000000000001     6943.09158589127      30
0.8333333333333334     6596.9155308439695      29
0.8244444444444444     6512.6629737889525      29
0.8144444444444444     6181.936407057635      28
0.8211111111111111     6330.428855437175      28
0.751111111111111     5546.753459434029      27
0.7355555555555553     5140.212597519028      26
0.8877777777777779     9419.230872202805      35
