0.9333333333333338     19660.462375786854      52
0.9377777777777783     21455.99562178885      54
0.9077777777777778     17590.50079800039      50
0.934444444444445     19776.2552974333      52
0.9366666666666671     20705.60772257234      53
0.934444444444445     20366.34731672454      53
0.9266666666666672     18813.082063864047      51
0.9277777777777783     18928.87449378143      51
0.9288888888888894     19653.39325434901      52
0.9266666666666672     18905.010337025906      51
0.934444444444445     20422.51529919819      53
0.9322222222222228     19841.79288615752      52
0.9255555555555561     19035.317093438338      51
0.9200000000000004     17997.807715689767      50
0.9366666666666671     21217.309352418186      54
0.9277777777777783     19589.718293416452      52
0.9400000000000005     24244.37320055531      58
0.9388888888888893     21865.725354278304      55
0.934444444444445     20614.835855733134      53
0.9400000000000007     27227.577104520908      59
0.9411111111111116     26329.760484735973      60
0.9400000000000005     26294.98441077734      60
0.9411111111111117     27372.408086923042      60
0.9411111111111117     28730.451606988823      62
0.9433333333333339     29618.397134190473      63
0.9466666666666671     30407.533042963674      64
0.9466666666666671     32243.347943031113      66
