0.8166666666666659     2072.4627555257366      24
0.8458333333333324     2095.318839927082      24
0.8583333333333324     2480.8395899952657      26
0.8083333333333326     2063.2317869101266      24
0.8208333333333325     2074.565560648965      24
0.7874999999999993     1890.552906736423      23
0.862499999999999     2693.828199170996      27
0.862499999999999     2897.874405994206      28
0.8499999999999991     2279.296734694494      25
0.8208333333333325     2255.612752902744      25
0.8541666666666657     2290.5299991636366      25
0.8583333333333324     2677.643747258367      27
0.8499999999999991     2466.951808350906      26
0.8083333333333326     2076.1856309701016      24
