0.8177777777777775     20047.20282814658      56
0.8333333333333333     21514.583760004567      56
0.8177777777777775     20995.095725717216      57
0.8333333333333333     22789.811049151307      58
0.8333333333333333     23489.126032969634      59
0.8344444444444443     26758.19948744587      63
0.8333333333333333     23594.339442340948      59
0.8333333333333333     24761.7121664529      60
0.8333333333333333     25002.412326254875      61
0.8333333333333333     25052.22628136756      61
0.8333333333333333     25259.88781752554      61
0.8333333333333333     25336.8333266598      61
0.8333333333333333     26261.77059001826      62
0.8344444444444443     27218.912221654213      63
