0.8333333333333333     22083.639872280233      57
0.831111111111111     22118.502765696856      57
0.8333333333333333     22255.197824611256      57
0.8333333333333333     22748.966446770624      58
0.8333333333333333     23481.393928932055      59
0.8333333333333333     24142.29634082441      60
0.8333333333333333     24276.7501382554      60
0.8344444444444443     26260.697469758536      63
0.8333333333333333     25918.45237751861      62
0.8333333333333333     26664.361938834438      63
0.8333333333333333     26727.322540647838      63
0.8333333333333333     27029.611805294586      63
0.8344444444444443     28257.28974548073      65
