0.8566666666666666     6870.550180603594      28
0.8166666666666667     6009.9702092142215      27
0.7822222222222219     5052.429965853306      24
0.8233333333333329     6012.3610858628845      27
0.7877777777777777     5091.784101454182      24
0.8288888888888888     6239.4578262091945      26
0.8222222222222223     6049.371870177445      27
0.7633333333333332     4604.064177487908      24
0.8244444444444445     6114.635933926857      27
0.8666666666666667     6938.768610620829      28
0.8122222222222222     5628.445585878932      25
0.7744444444444442     5149.414253290402      24
0.87     7847.272909909841      31
0.7233333333333332     4691.795854043553      24
0.86     7552.464819489863      29
0.7822222222222219     5284.556937656977      25
0.8555555555555555     6961.995271349154      29
0.7722222222222221     4798.2963457955      23
0.771111111111111     5048.515366643752      24
0.8088888888888888     5849.103545165223      26
0.861111111111111     8191.12841855266      32
0.7644444444444441     5223.9786042135265      25
0.7366666666666661     4989.5379297328345      25
0.8411111111111111     6207.834568652798      27
0.8166666666666665     6060.695383932021      27
0.8533333333333334     6956.59752735406      29
0.8188888888888887     6094.07894190731      27
0.7877777777777777     5345.773798230852      25
0.8077777777777778     5653.785712513963      25
0.792222222222222     5842.164266153953      27
0.8411111111111111     6494.255752667158      28
0.84     6518.517769893728      28
