0.5611111111111108     9271.709455635033      36
0.44666666666666643     5053.8184745743865      26
0.4699999999999998     5563.0513463207435      26
0.5477777777777775     8171.477270079719      33
0.512222222222222     6088.410364745504      27
0.5588888888888887     8853.440098719806      35
0.5455555555555553     7700.395932762304      32
0.5766666666666664     9594.352280046383      36
0.5544444444444442     8430.13384720911      34
0.5544444444444442     9540.713272024666      36
0.47999999999999965     6165.280953331674      29
0.49222222222222195     6196.269896914622      29
0.5444444444444443     6616.317012129404      29
0.5388888888888885     8058.074461855036      33
0.5144444444444443     6723.248277705859      29
0.47666666666666646     5756.5663504793865      27
0.5366666666666664     9395.05354155892      36
0.563333333333333     9916.091666805314      37
0.4999999999999998     6965.537745923816      31
0.45777777777777756     5077.829330487654      27
0.44666666666666643     6270.815068416116      30
0.43444444444444424     4583.881188451232      25
0.3688888888888885     5022.116554702691      27
0.43999999999999984     5572.519794201559      29
0.5355555555555555     9975.59339507011      34
0.5644444444444442     11747.383193578988      41
0.4588888888888886     6792.432131628274      27
0.5311111111111109     8964.213594081662      33
0.4366666666666664     6261.228718018594      28
0.44333333333333313     6048.394128789025      29
0.4333333333333331     5554.667904871968      29
0.5599999999999997     10485.847735655849      39
0.5544444444444442     9905.676418486597      37
0.4888888888888886     6325.429456153248      28
0.5799999999999998     11808.461751452654      40
0.5266666666666664     7192.478543725937      30
0.4866666666666664     7174.608099480952      32
