0.5288888888888885     7572.068952386776      32
0.5388888888888885     7561.725576220886      32
0.46333333333333315     6170.240971005297      28
0.5455555555555551     9207.127212657173      34
0.5455555555555551     8902.851905171465      35
0.5677777777777774     8791.524995891363      34
0.5299999999999997     7550.141104442391      32
0.5688888888888886     9164.519062409077      35
0.5188888888888885     5596.634790974796      26
0.49444444444444413     5402.991530504362      26
0.493333333333333     5743.883179460841      27
0.46555555555555533     5373.719701218123      27
0.5155555555555552     7820.630319996635      33
0.533333333333333     8212.488489780226      33
0.5411111111111108     7326.993504689743      31
0.522222222222222     6963.214386629111      30
0.5266666666666664     6897.919541403738      30
0.5722222222222221     11475.702407876037      35
0.5466666666666664     8463.914850515865      34
0.5277777777777775     6916.715218276668      30
0.5188888888888886     6195.925172186111      28
0.5288888888888886     7757.342321021242      31
0.5711111111111108     9649.974513417379      36
0.533333333333333     7260.747510550192      31
0.5655555555555551     9375.13228359256      36
0.4699999999999997     7583.319650870066      32
0.5455555555555551     8055.744142468081      33
0.5355555555555552     8799.863490534008      35
0.5188888888888886     7887.635336086095      33
0.5077777777777774     6554.393234945578      29
0.5455555555555551     7676.965392740445      32
0.5788888888888887     10368.787231895574      36
0.5077777777777773     5898.15735903594      27
0.5577777777777774     8869.447189945278      35
0.504444444444444     7978.955784845248      34
0.46999999999999975     7204.250606340319      28
0.5533333333333328     8598.329170420404      34
0.49111111111111083     6075.591207576271      29
0.5699999999999996     9987.914230152883      37
0.37111111111111095     4481.007153002601      26
0.433333333333333     5444.857719963536      28
0.4799999999999996     6340.789664653378      30
0.5877777777777776     10461.462849229618      36
0.5722222222222221     11117.821264234117      36
0.4077777777777777     4667.097474610502      26
0.4555555555555553     4865.112390369734      26
0.36444444444444424     4722.967835884314      27
0.31444444444444414     5455.704299167977      29
0.46333333333333315     5186.8688085531185      25
0.5911111111111109     11664.915821766463      41
