0.6255555555555552     6141.90927503404      27
0.7799999999999997     11138.86226072926      38
0.6788888888888885     7081.673477744605      30
0.6655555555555553     6040.76103405999      29
0.7155555555555552     6504.548823402418      28
0.6833333333333333     5735.5785862511075      27
0.732222222222222     7078.055016857857      30
0.6255555555555553     5965.467940617299      29
0.7366666666666664     9380.253211434261      34
0.7622222222222217     7610.035408142596      30
0.6655555555555555     6257.824110377883      29
0.7788888888888886     9863.523978913061      35
0.6611111111111109     5882.599228511082      28
0.7299999999999996     7908.289102360542      32
0.7655555555555552     7618.3860262085145      30
0.6799999999999996     9561.837460046858      36
0.7044444444444441     6189.641993672604      28
0.723333333333333     7034.619780748703      30
0.6211111111111107     5790.60519691649      28
0.6255555555555552     5909.633900128156      29
0.7011111111111111     6844.778314752951      30
0.6766666666666663     6574.588876208748      30
0.7133333333333327     7813.929549935145      32
0.7755555555555552     10285.892737956185      37
0.6233333333333331     5649.2403792020295      28
0.7755555555555552     9443.429618629742      35
0.7199999999999994     7619.853334105511      32
0.7655555555555553     10181.907190618498      36
0.7777777777777775     11197.761161791139      38
0.6777777777777771     9368.208336102583      35
0.7666666666666663     7916.059619334903      31
0.7188888888888889     9905.441369480839      37
0.6311111111111108     5810.38535226881      28
0.7722222222222218     9048.119010011449      33
0.7699999999999997     9041.023172777133      34
0.7655555555555552     8667.113552082952      33
0.6477777777777777     6153.273261776516      29
0.7499999999999994     7389.549104498594      30
0.7755555555555553     10698.811822475383      38
0.5855555555555552     5391.8418998173875      27
0.6566666666666666     6483.000880054358      30
0.6211111111111107     5397.577754287772      27
0.7599999999999998     10464.333530232714      36
0.6688888888888883     8195.369433693186      32
0.7399999999999998     11100.10905355916      39
0.698888888888889     7273.924358922372      31
0.6844444444444442     8407.515298518809      34
0.7888888888888886     11421.92331006859      39
0.7911111111111107     12169.494897868486      41
0.781111111111111     11916.807289089153      40
