0.7533333333333332     10220.453555792696      37
0.6611111111111109     8417.839165117734      34
0.6911111111111109     6928.252242732296      30
0.7766666666666666     11817.582327449374      40
0.7511111111111108     9858.622932702197      37
0.7066666666666663     9861.565673122941      37
0.7333333333333334     10135.090847866755      37
0.6955555555555553     7587.175587329379      31
0.7377777777777774     11038.31964197987      39
0.7288888888888888     8256.89356470812      33
0.7     8975.497512500786      36
0.6622222222222222     9686.867738187919      37
0.7022222222222221     7935.4943860519315      33
0.7355555555555553     10154.052799411098      38
0.6877777777777777     9227.942024121456      34
0.6933333333333331     7514.838725223768      33
0.7266666666666663     8445.648912772      34
0.752222222222222     10364.597953918306      36
0.7355555555555553     8726.415827121547      33
0.7611111111111108     12699.541246381654      42
0.6711111111111108     6319.387142058738      30
0.7522222222222219     12492.275492143483      42
0.7466666666666664     8988.63448228094      34
0.7777777777777775     11696.640919631393      40
0.671111111111111     6433.41604385408      30
0.7744444444444442     11669.620409882105      40
0.6844444444444441     7705.248474063784      32
0.6255555555555552     9005.910189363376      36
0.6933333333333334     11000.71123853984      40
0.7066666666666666     8061.668349943163      33
0.7544444444444445     11943.814641764557      41
0.7799999999999998     12883.49316271155      42
0.6888888888888886     6762.43230239418      31
0.7677777777777774     10035.946606464926      37
0.7077777777777774     8361.489483141459      33
0.7588888888888888     12490.137753427123      42
0.6566666666666664     9593.268990742246      37
0.7199999999999998     10180.506096535308      38
0.7355555555555553     10767.01267577968      39
0.7277777777777771     9204.884822591783      36
0.7444444444444438     12082.2828447702      41
0.7688888888888886     11172.624587582575      39
0.683333333333333     9046.186547270874      34
0.6555555555555551     7757.206705943      31
0.6199999999999999     7120.051145897575      32
0.5877777777777777     6993.179470263588      32
0.7511111111111108     13475.441763783194      43
0.7833333333333331     14952.82384332764      46
0.7766666666666666     15211.45251867202      47
0.7944444444444443     12020.805138823473      40
