0.6922222222222221     22971.245134461882      73
0.7200000000000003     23038.180073754043      73
0.721111111111111     26484.83097475855      78
0.6699999999999998     22064.56284126614      71
0.6944444444444441     23175.276869947687      73
0.71     25323.7321800418      76
0.6388888888888888     20739.655033615145      69
0.5711111111111109     20315.410093201303      68
0.6577777777777776     22091.92083451419      71
0.583333333333333     20404.39304802883      69
0.668888888888889     23049.006486969436      73
0.6722222222222219     26189.86221870326      77
0.7133333333333333     26591.020436852676      78
0.6677777777777776     23620.377161619028      73
0.6266666666666665     22585.069550359658      72
0.7322222222222224     27213.658233003043      79
0.6199999999999999     21615.638128838906      70
