0.9077777777777779     19622.4112006296      52
0.9333333333333338     21426.068282439697      54
0.9144444444444446     20503.77830977096      53
0.935555555555556     23473.780658963653      55
0.9277777777777783     21374.124705747992      54
0.9144444444444446     21123.30266638892      54
0.9055555555555557     21081.878326230908      54
0.8377777777777778     20073.939068298383      52
0.9200000000000004     21489.04614618192      54
0.9333333333333338     22859.463088579283      56
0.9177777777777781     21456.82372818118      53
0.935555555555556     22901.564384834302      56
0.9422222222222226     23682.379361471907      55
0.9388888888888893     23579.23856050485      55
0.9422222222222227     25859.37884008189      58
0.9422222222222226     24585.378332435215      56
