0.947777777777778     8960.706344377486      32
0.9522222222222226     9366.213175546192      32
0.9344444444444445     9215.909610932744      32
0.9400000000000002     8129.04985391928      31
0.9355555555555556     8627.651648237585      30
0.9333333333333337     8081.010116568705      31
0.9555555555555558     9710.562056418194      32
0.927777777777778     7701.683859379059      31
0.9411111111111116     8991.680628261453      33
0.9500000000000004     8879.73645949215      33
0.9522222222222225     9877.032818711406      33
0.9522222222222226     9382.223517496992      32
0.9333333333333336     8852.434190542446      31
0.9388888888888891     8120.057712772172      31
0.9522222222222225     9186.26016712205      31
0.9566666666666671     10006.999435459313      32
0.9600000000000004     10041.975832629658      33
0.9500000000000001     9744.417048196565      35
0.936666666666667     8771.701817246258      30
0.926666666666667     7666.977245236955      29
0.9300000000000003     7784.457641554266      31
0.9311111111111113     8334.218654221499      29
0.908888888888889     7704.177228573566      31
0.9211111111111113     7377.004158575567      30
0.9588888888888893     9525.935164626406      33
0.9155555555555556     7271.6222276787      30
0.9077777777777778     7012.498889095447      29
0.9533333333333337     10664.045696233894      33
0.897777777777778     7231.954323470927      30
0.9255555555555558     7453.541322360935      30
0.9344444444444449     8954.04542542254      34
0.9466666666666672     8931.450076856534      32
0.9311111111111112     9017.72559929821      32
0.9466666666666671     8720.725868124904      33
0.8644444444444445     7768.707367379106      33
0.946666666666667     9955.720547114039      33
0.9355555555555558     9260.770838303775      35
0.9600000000000004     10236.120540074266      32
0.9455555555555559     9708.01217480948      34
0.9288888888888893     8142.557595608951      31
0.9422222222222224     9066.002843565608      30
0.8933333333333335     7150.6817595642715      30
0.9444444444444448     8317.420491441373      31
0.9211111111111115     8627.204049423728      30
0.9144444444444446     8020.433044467224      29
0.9633333333333337     11553.648294441848      35
0.9022222222222223     6993.273552918584      29
0.9544444444444445     11169.787089861273      37
0.8755555555555552     6800.737504673533      29
0.9644444444444448     10686.095181106151      36
