0.7711111111111111     8141.498531989846      34
0.7477777777777778     6486.934177139588      31
0.7422222222222221     6506.582407392945      30
0.7677777777777777     7804.351689900208      33
0.7711111111111111     8144.121151732262      34
0.7433333333333331     6536.6769012954655      31
0.7800000000000001     9366.214789276723      37
0.757777777777778     6977.5393829948725      32
0.761111111111111     7006.915468050537      32
0.7566666666666666     7204.513601871946      33
0.7155555555555558     5644.134848512775      29
0.7522222222222225     6860.240167285014      32
0.7711111111111109     8053.267288295847      34
0.7388888888888892     6161.715807182077      30
0.7577777777777778     7245.988242636637      33
0.7677777777777778     7841.051302694821      33
0.7888888888888888     10868.11326146119      40
0.7733333333333332     8627.24412975962      35
0.7366666666666667     6365.942849662149      31
0.7655555555555554     7791.658188516721      33
0.78     9360.595219030249      37
0.7344444444444442     6809.697135733359      31
0.7577777777777776     7633.122394906398      33
0.7788888888888889     8900.999732914224      36
0.7322222222222223     6018.084508645601      30
0.7699999999999999     8470.313788398811      35
0.7677777777777779     7616.050596978007      34
0.7322222222222223     7585.398095301383      31
0.7866666666666668     9839.647115091102      38
0.7555555555555553     7620.486912923909      33
0.7777777777777779     8640.379147881025      35
0.7688888888888888     8128.428255030593      34
0.7755555555555556     9413.581220047585      37
0.7522222222222223     7673.984060570166      33
0.7711111111111111     8475.972692199135      35
0.7511111111111111     6837.553693694481      32
0.7555555555555553     7894.4428656852915      34
0.767777777777778     8112.43450113002      34
0.7666666666666666     8028.662135651057      34
0.7511111111111111     7483.4147147885915      34
0.7677777777777777     8147.753405925971      34
0.7488888888888888     6780.450665058716      32
0.712222222222222     6091.762768443753      30
0.7488888888888888     6824.613645437151      32
0.75     7240.936662359689      33
0.7733333333333332     9370.996450397583      37
0.7711111111111111     8845.607814945764      36
0.7488888888888888     7149.303741814612      33
0.7666666666666666     8124.356239285824      34
0.7333333333333331     6991.099690018116      33
