0.7555555555555555     4258.258361179173      23
0.7399999999999998     4331.786656055276      24
0.8644444444444446     7234.3988944227995      31
0.8177777777777777     5253.612567616543      25
0.8566666666666667     6674.302648247513      29
0.8566666666666665     6392.851244452714      28
0.8700000000000001     7428.193959075121      31
0.8033333333333333     4857.953003535675      24
0.7666666666666664     4373.393052907724      24
0.8255555555555554     5465.864602609554      26
0.7888888888888888     4712.386766126236      24
0.7766666666666668     4475.07356694051      23
0.7177777777777776     4099.412255936793      23
0.8255555555555555     5487.925761312745      26
0.7944444444444445     4869.323532831163      25
0.8533333333333335     6675.180566261413      29
0.8566666666666667     6978.18270168568      30
0.868888888888889     7487.650375821477      31
0.7766666666666665     4707.603839947274      24
0.8233333333333334     5423.678976796569      26
0.8044444444444446     5031.253507294395      25
0.8466666666666666     5927.2277356903805      27
0.7855555555555557     4712.451352342455      24
0.7733333333333334     4631.100124688635      24
0.7855555555555557     4974.128338239356      25
0.8077777777777778     5066.797062735627      25
0.8433333333333333     7587.7148046852835      32
0.837777777777778     6309.799721408716      28
0.8077777777777778     5327.781351859514      26
0.8288888888888888     5514.750820750042      26
0.8088888888888889     5699.113469826249      27
