0.7874999999999993     67.02829759498833      41
0.7583333333333327     30.16620021353149      40
0.7583333333333327     34.52477394677945      41
0.7291666666666663     34.52477394677945      39
0.7958333333333326     34.52477394677945      42
0.7083333333333329     34.52477394677945      40
0.7166666666666661     67.02829759498833      41
0.766666666666666     34.52477394677945      42
0.7583333333333327     31.04791203387665      42
0.7624999999999995     34.52477394677945      42
0.8124999999999992     67.02829759498833      43
0.7124999999999996     67.02829759498833      41
0.7833333333333328     30.16620021353149      44
0.7416666666666661     23.657062888359242      44
0.791666666666666     34.52477394677945      44
0.779166666666666     31.04791203387665      44
0.7708333333333327     30.16620021353149      44
0.7708333333333327     31.04791203387665      46
0.7958333333333326     67.02829759498833      45
0.8041666666666659     67.02829759498833      47
0.7583333333333327     34.52477394677945      44
0.766666666666666     30.16620021353149      47
0.7208333333333329     26.215630645021417      44
0.7916666666666661     67.02829759498833      47
0.7874999999999993     67.02829759498833      44
0.7624999999999995     67.02829759498833      43
0.7541666666666661     67.02829759498833      43
0.7874999999999993     67.02829759498833      45
0.7458333333333328     67.02829759498833      43
0.7333333333333328     67.02829759498833      43
0.7749999999999995     67.02829759498833      44
0.7541666666666662     34.52477394677945      44
0.7458333333333328     31.04791203387665      45
0.7833333333333327     67.02829759498833      47
0.7749999999999994     67.02829759498833      47
0.7708333333333328     67.02829759498833      44
0.7499999999999994     34.52477394677945      45
0.7583333333333327     67.02829759498833      44
0.8124999999999993     67.02829759498833      48
