0.8011111111111109     12951.875662434237      42
0.8111111111111111     15049.537936853727      45
0.8077777777777777     13692.120270095862      43
0.8011111111111109     12998.153012998018      42
0.8111111111111111     15049.852126996819      45
0.8077777777777777     14144.857273427713      44
0.8111111111111111     15581.107721112907      46
0.8088888888888888     14245.794523706427      44
0.8033333333333331     14054.092151678844      43
0.8011111111111109     13045.443718585017      42
0.8077777777777777     14162.504189046595      44
