0.8233333333333334     6479.225967299676      32
0.8411111111111113     7201.18721283903      34
0.7888888888888889     5959.427545249633      31
0.762222222222222     4899.822208565622      28
0.7499999999999994     4432.981860378173      26
0.7977777777777777     6360.337631724717      32
0.7711111111111107     5033.22758039871      28
0.8377777777777781     7262.680619162215      34
0.8555555555555556     7978.748887786655      36
0.7322222222222219     4877.9303513321      28
0.7877777777777776     5122.348138550209      28
0.827777777777778     6848.171462232688      33
0.8711111111111114     9843.279519319693      40
0.7966666666666666     5960.264305360615      31
0.8300000000000001     7245.779743328686      34
0.8266666666666668     7209.61900614329      34
0.7666666666666662     5068.642631632847      28
0.8611111111111114     8819.400400756862      38
0.8133333333333334     6714.434094240865      33
0.8466666666666669     7695.874054862928      35
0.7722222222222218     5355.106067199971      29
0.7011111111111108     4545.335885689066      27
0.8066666666666666     6724.698669976517      33
0.7888888888888891     6049.67210450383      31
0.8233333333333333     6953.352926418145      33
0.8566666666666668     9635.81512788096      40
0.7877777777777776     5368.91951378008      29
0.7755555555555552     5689.0425191098      30
0.781111111111111     5697.712388670094      30
0.7277777777777773     4954.327355073881      28
0.7977777777777778     6724.034790859538      33
0.8555555555555556     7984.723061939987      36
0.8211111111111112     7360.812160611884      34
0.7622222222222219     5098.896888959562      28
0.8011111111111113     6741.3324067260755      33
0.8466666666666668     7956.760248579771      36
0.8633333333333335     9720.318002782868      40
0.8411111111111113     7586.253428170643      35
0.7899999999999998     6349.799634123601      32
0.7888888888888888     5995.944832674464      31
