0.841111111111111     6267.967929102348      31
0.7455555555555555     4469.897536976682      26
0.8522222222222222     6689.393883966081      32
0.7599999999999998     4557.512980322947      26
0.7788888888888887     4828.450180200708      27
0.8322222222222221     5900.06736693913      30
0.7888888888888886     4886.62274042487      27
0.8455555555555554     6692.19834552885      32
0.8399999999999997     6315.861179394073      31
0.8566666666666666     7065.107614781816      33
0.7777777777777775     4858.259604966505      27
0.7866666666666664     4976.234712468203      27
0.8377777777777776     6248.916306532671      31
0.8288888888888887     5640.613458124425      29
0.851111111111111     6717.0161981590445      32
0.8411111111111109     6579.080577587488      32
0.8233333333333336     5975.560606305621      30
0.83     6087.173082771085      30
0.8366666666666664     6236.519894077023      31
0.822222222222222     6096.5123071040425      31
0.7822222222222222     5076.116310940653      28
0.7444444444444442     4214.8778675719195      25
0.8533333333333334     7438.409228111882      34
0.8166666666666665     5293.205767506208      28
0.7688888888888885     4740.131510049067      27
0.8344444444444443     6207.01253912382      31
0.8522222222222222     7759.4569036285875      35
0.8533333333333334     7960.79876798524      35
0.8455555555555554     6697.732463195402      32
0.8477777777777779     7027.740202915494      33
0.8055555555555551     5366.137170640674      28
0.8488888888888888     7186.477754978776      33
0.8344444444444445     6619.819977434418      32
0.8311111111111111     6642.652882250854      32
0.7955555555555555     5156.343629008801      28
0.7688888888888888     4980.961608292112      28
0.8299999999999997     6195.0812525552465      31
0.8466666666666666     6723.299370404869      32
0.8199999999999998     5558.555700718261      29
