0.841111111111111     4956.427407279033      26
0.8622222222222221     5955.161337148943      29
0.8655555555555556     6211.453860682644      30
0.8422222222222223     5232.657592181711      27
0.851111111111111     5554.498294722571      28
0.8344444444444442     5240.803703126871      27
0.8555555555555555     5591.574495653449      28
0.8533333333333333     5798.978696030124      29
0.7599999999999997     3715.2861500072695      23
0.8322222222222222     5099.22780846954      27
0.8199999999999998     4653.6184717191045      25
0.8144444444444442     4716.241041154071      26
0.8266666666666668     4823.090110644553      26
0.8677777777777779     6495.8681704402525      31
0.8744444444444446     6899.498206193027      32
0.7977777777777776     4492.3967585228975      25
0.8588888888888889     6173.645007642929      30
0.7677777777777772     4533.489325698094      26
0.8188888888888886     4801.714478398296      26
0.8644444444444446     6186.605613791222      30
0.85     5537.78898799171      28
0.8544444444444443     5880.18371234911      29
0.8677777777777778     6388.880020879597      30
0.8499999999999999     5552.153219552439      28
0.8455555555555555     5264.328117376751      27
0.8677777777777781     6788.036410010288      32
0.8477777777777776     5497.588797667421      28
0.8566666666666667     6102.328087417064      30
0.8411111111111111     5415.351571356125      27
0.8533333333333333     5952.426975179133      29
0.8155555555555554     4797.392616821513      26
0.8544444444444443     6074.663060785535      30
0.8299999999999998     5252.957781503123      28
0.8399999999999999     5278.656306516728      27
0.7955555555555556     4652.672881991508      26
0.8644444444444443     6377.9644684842715      30
0.8277777777777777     4851.2623468869715      26
0.8666666666666668     6474.525680880302      31
0.8244444444444441     5080.82110447819      27
0.786666666666667     4744.072401434838      26
0.8466666666666666     5582.952844604957      28
0.8044444444444442     4850.661865365193      26
0.8166666666666665     5058.432283258951      27
0.8655555555555554     6837.485876425469      32
0.8077777777777774     5039.860472696794      27
0.8522222222222222     5606.921648343395      28
0.8377777777777776     5297.149816893425      27
