0.7499999999999997     4526.101478980741      26
0.7444444444444444     4546.694001801433      26
0.7944444444444447     5600.760605604803      29
0.7855555555555553     5426.702981821393      29
0.8244444444444443     6395.683260538721      31
0.85     7374.597902379002      33
0.8388888888888888     6843.028387318588      32
0.7311111111111108     4556.57626624379      26
0.8199999999999998     6651.09574631647      32
0.8177777777777776     6381.749496768283      31
0.762222222222222     5028.783200389005      28
0.793333333333333     5509.243191081658      29
0.7011111111111109     3892.0803519754663      24
0.8588888888888889     7648.9908594932085      34
0.8322222222222222     7131.206571929683      33
0.8299999999999998     7030.051767516373      33
0.7255555555555553     4211.11696844279      25
0.832222222222222     7141.161493499699      33
0.7077777777777777     4411.929519150002      26
0.772222222222222     5293.672072660398      28
0.7944444444444443     5578.097916501591      29
0.7799999999999999     5660.999713649089      29
0.7577777777777778     5413.018854768587      29
0.8177777777777777     6527.7567736132705      32
0.7811111111111109     5772.7878786909405      30
0.8155555555555555     6422.520807531792      31
0.7066666666666664     4323.005149229883      26
0.7299999999999996     4750.76992921193      27
0.813333333333333     6274.640773263477      31
0.7711111111111112     5503.032035763082      29
0.7577777777777774     4765.182376310813      27
0.7277777777777775     4430.814922234204      26
0.7944444444444447     5880.852150476498      30
0.8388888888888889     7239.673197835131      33
0.8111111111111111     6089.823819649464      31
0.8088888888888887     6220.88283811041      31
0.7288888888888887     4728.4129947084875      27
0.7022222222222219     4103.951864185333      25
0.8244444444444443     6699.6811567246605      32
0.8155555555555557     6931.2271918073775      33
0.8577777777777778     8139.029292362055      35
0.8099999999999997     6469.006166524237      32
0.8411111111111113     7797.905697387022      35
0.7899999999999999     5815.881907615214      30
0.7199999999999999     4652.526044168084      27
0.7788888888888887     5671.618545608284      29
0.8077777777777775     6578.539265564669      32
0.827777777777778     7207.47603813984      33
0.7577777777777773     4840.779673049099      27
0.7266666666666665     4701.524881397054      27
