0.8166666666666667     5166.77625509068      28
0.7311111111111109     3770.474676388326      24
0.8322222222222224     5369.240448765623      28
0.8022222222222221     4826.107895778523      27
0.7833333333333331     4389.839762508767      26
0.7599999999999998     3823.9439445297985      24
0.7644444444444443     4073.469550401353      25
0.7311111111111107     3983.497997212778      25
0.8222222222222223     5686.063893580223      29
0.7777777777777776     4097.539232191477      25
0.7599999999999998     4033.7142320851067      25
0.7477777777777773     4135.051865043442      25
0.7788888888888887     4213.180753687085      25
0.7944444444444442     4563.79080194283      26
0.8244444444444443     5695.609742321137      29
0.7322222222222217     3985.8748770433886      25
0.8222222222222221     5613.785505504373      29
0.8255555555555555     5766.7848071018      29
0.7322222222222214     3998.344024726198      25
0.7144444444444437     3668.1202714443393      24
0.8222222222222223     5696.19551056378      29
0.8088888888888884     4868.202130140109      27
0.8277777777777776     5800.7002093527935      29
0.7177777777777773     4001.3064923912807      25
0.8311111111111109     6047.145991881054      30
0.8333333333333333     6327.639718677875      31
0.8066666666666666     4970.368215918131      27
0.8344444444444444     6694.36168143562      32
0.8222222222222221     5634.807782784841      29
0.7444444444444441     4020.4710896771217      25
0.7111111111111106     3503.649350005144      23
0.7722222222222219     4140.873634323908      25
0.791111111111111     4405.673559606253      26
0.8255555555555554     5923.184142927296      30
0.7844444444444443     4417.74091167792      26
0.8066666666666663     4868.588983239401      27
0.8     4606.768454522741      26
0.8155555555555555     5070.28342991847      27
0.7966666666666665     4686.463337014962      27
0.793333333333333     4599.534995350774      26
0.7777777777777776     4145.913001267347      25
0.821111111111111     5369.487794223063      28
