0.8155555555555558     6504.629233418185      32
0.8300000000000002     7038.264866609008      33
0.822222222222222     6782.373039873544      32
0.8011111111111108     5805.264573032315      30
0.8544444444444445     8342.165865906243      36
0.8133333333333334     6299.9447808179475      31
0.7044444444444441     4787.602787530917      27
0.8522222222222222     8620.091390540048      37
0.8133333333333332     6598.355256399834      32
0.7499999999999998     5403.352296354033      29
0.8155555555555556     6758.0279831202315      33
0.8144444444444441     6622.368398893471      32
0.7966666666666665     6107.482516641796      31
0.7999999999999998     6232.11415639941      31
0.8022222222222223     6494.085246865624      32
0.8155555555555558     6799.929735281241      33
0.7355555555555553     5069.172074573544      28
0.8022222222222221     6423.23281941153      32
0.8288888888888888     7224.18217718476      34
0.8411111111111114     7729.180727060944      35
0.7055555555555555     4902.101001139514      28
0.7855555555555557     5696.676230980108      30
0.8088888888888888     6675.593370843651      32
0.7966666666666665     6271.0495752960605      31
0.8355555555555555     7339.950718722066      34
0.7811111111111105     5770.934379832366      30
0.7877777777777775     5829.5410823022185      30
0.8022222222222221     6503.2218361162795      32
0.8188888888888891     6876.828731322869      33
0.8211111111111112     7159.018401753619      34
0.8300000000000001     7357.274796893075      34
0.7833333333333328     6109.88525388405      31
0.7833333333333328     6163.514883514777      31
0.8022222222222221     6571.218844953311      32
0.8044444444444443     6922.177847236329      33
0.8033333333333331     6833.451960552434      33
