0.7244444444444442     7210.2773480153965      28
0.7044444444444443     6948.395360898387      27
0.7122222222222222     6953.697249824429      27
0.6955555555555555     6186.228972205571      27
0.6966666666666663     6399.434418529578      26
0.701111111111111     6949.744666662035      26
0.69     6034.066516889021      27
0.6977777777777773     6367.705207477211      27
0.6577777777777777     6209.085170636727      28
0.6977777777777777     7113.535885039913      27
0.7044444444444442     6463.112141444182      27
0.6988888888888883     6756.05440135178      28
0.7133333333333332     7065.486120339264      28
0.7355555555555552     7558.953949720356      27
0.7111111111111109     6766.439242803752      28
0.6922222222222222     6981.576726760063      28
0.7     6898.280047257916      26
0.7266666666666662     7461.795670947485      27
0.7055555555555553     7501.14942046408      29
0.7366666666666659     7277.645296657126      28
0.7166666666666667     7055.775190406206      29
0.6888888888888888     6645.538088057157      27
0.7211111111111108     7636.514375500522      28
0.6555555555555556     5112.283122591624      25
0.6611111111111108     6247.0504705813855      28
0.6833333333333332     6013.188658925322      26
0.7199999999999995     8974.37747933158      33
0.7377777777777774     8118.514265190055      29
0.6977777777777775     6440.838661057094      27
0.6944444444444443     6373.3506516091165      26
0.6599999999999999     5408.182725112721      25
0.722222222222222     7202.437958587379      28
0.648888888888889     6030.36937938912      27
0.7099999999999995     8697.081581023236      33
0.7299999999999998     7471.26255462048      29
0.7366666666666662     9020.447147019031      33
0.7455555555555552     9618.61540029753      33
0.6944444444444441     6074.009470874132      25
0.6844444444444444     6027.839005061582      26
0.7244444444444444     8531.800253457632      32
0.6588888888888886     6520.273962342333      29
0.7222222222222215     7809.9443088382695      30
0.6699999999999999     5750.291828093767      26
0.7266666666666665     8523.568471045875      32
0.733333333333333     7886.235991204361      30
0.7388888888888887     9130.033971686393      34
0.6799999999999996     6646.655865317925      27
0.7311111111111108     9507.47510670149      33
0.6366666666666666     5126.713743738176      24
0.7355555555555552     9747.148767102079      34
