0.6833333333333333     6363.850036308344      28
0.6899999999999998     6896.8499585337895      28
0.6944444444444439     6746.2994349216015      29
0.6899999999999998     6386.568934864934      26
0.7288888888888883     7795.484896494807      31
0.6911111111111109     7002.9060068805      28
0.7022222222222219     6765.223329422651      28
0.6833333333333329     6161.363900392646      27
0.6955555555555554     7464.099730303752      31
0.6755555555555552     7021.136877993086      30
0.7211111111111106     7504.288448482036      29
0.7277777777777773     7630.057021467264      29
0.6666666666666666     5690.121471783159      26
0.6844444444444443     6576.212579490464      27
0.6088888888888886     5407.0094436382815      27
0.5566666666666664     6330.083879271486      31
0.6877777777777773     7440.1335794077995      30
0.6988888888888886     6989.966409029071      29
0.6233333333333329     5148.147567398467      25
0.7344444444444441     7906.326059920327      30
0.7377777777777774     7939.533352795371      30
0.7233333333333333     8043.748208090112      31
0.6799999999999997     7217.882750205881      31
0.5788888888888885     5128.83049128841      26
0.7111111111111107     7082.85027038133      29
0.6422222222222222     5864.031091732595      27
0.6088888888888886     6412.0372428881365      30
0.7277777777777774     7835.562090942981      30
0.6366666666666664     5388.54125263122      26
0.6933333333333331     7494.694882002693      30
0.6211111111111111     4927.144724281959      24
0.6755555555555552     6047.353983036185      27
0.6933333333333331     6743.270499315025      28
0.6599999999999996     6148.209362832481      26
0.5722222222222219     4985.343095986812      25
0.6655555555555552     6830.522090933476      29
0.6466666666666664     5984.873206948688      28
0.6744444444444442     6376.218340029912      28
0.5566666666666664     4763.513110883052      25
0.5811111111111108     4747.397903585009      24
0.6699999999999999     6116.343419934223      26
0.7099999999999997     7001.751683956326      29
0.6033333333333332     4829.679389008765      25
0.5511111111111108     6448.086416536093      31
0.7188888888888886     7723.600516349264      31
0.6288888888888885     5572.617703812165      26
0.7422222222222217     8602.707063837886      32
0.5999999999999998     4646.279816574377      24
0.5477777777777775     5008.120007764079      27
0.7299999999999995     10111.645709533794      36
