0.7166666666666663     7025.072590964275      28
0.7133333333333326     6966.71388436371      28
0.7322222222222214     7128.243457966023      29
0.7177777777777774     7033.334760243535      28
0.7077777777777773     6576.863742807389      27
0.7166666666666662     6948.236631484073      29
0.7122222222222216     7318.53429009221      29
0.6944444444444443     7926.09980667841      31
0.7099999999999997     6886.580839521305      29
0.7077777777777771     7140.510520277971      29
0.6988888888888887     6322.458510257219      26
0.7344444444444438     7588.42625727962      28
0.7044444444444442     7757.026796004402      29
0.6977777777777775     6271.338579190243      26
0.6655555555555549     5768.723790190635      26
0.7133333333333333     7611.70034446086      30
0.6988888888888884     6559.772537454283      27
0.7199999999999995     7388.277551480921      29
0.7044444444444444     7540.7097200267135      31
0.7233333333333329     7063.294833681976      28
0.7388888888888883     7950.222413713933      29
0.7266666666666659     7209.326251407712      27
0.6799999999999996     6000.311876623401      27
0.5566666666666663     4492.989773253326      24
0.668888888888889     5954.6614928178415      26
0.6233333333333334     5915.2661416669325      27
0.7122222222222216     6924.949936650401      28
0.7388888888888883     9216.280968012527      33
0.7366666666666662     7758.289583493451      30
0.7322222222222218     7722.267805359557      31
0.7122222222222218     8283.481906747944      32
0.7366666666666659     7423.2405916490925      29
0.5555555555555555     5241.276653722004      27
0.6888888888888886     6350.612819924992      27
0.7422222222222215     7872.3301858545465      30
0.6966666666666665     6845.059446439269      28
0.7133333333333327     8266.61668446147      33
0.7088888888888883     6653.2503926218615      27
0.633333333333333     5398.932959209858      25
0.6955555555555554     8456.312073758236      31
0.7188888888888885     8631.50662780255      32
0.6777777777777777     6322.216114267794      27
0.692222222222222     6158.116997074633      26
0.6566666666666665     5778.694720267192      25
0.6411111111111112     5495.277626405246      26
0.6644444444444442     5585.417853433194      24
0.7433333333333328     8822.891933043167      33
0.6555555555555553     5697.252191590272      25
0.5655555555555551     5309.74424259853      26
0.5733333333333334     4954.829995378808      26
