0.5811111111111109     4990.37668580779      26
0.6922222222222222     5684.847929820747      25
0.7288888888888883     6823.1547510264945      28
0.6733333333333329     5647.2750186087      26
0.7633333333333328     8931.212532929183      32
0.7144444444444441     6673.996859483221      27
0.6944444444444442     5972.130071541618      26
0.747777777777777     7211.311155908006      28
0.6433333333333331     5370.465167871934      25
0.7588888888888881     7726.158903918638      29
0.6655555555555555     6161.95074800143      28
0.6355555555555555     5295.058527804682      25
0.6177777777777775     5150.746076047375      26
0.702222222222222     6170.413559934304      25
0.6155555555555553     6045.207313818188      29
0.7244444444444436     6704.737375899026      28
0.7411111111111108     7741.247668365644      29
0.7166666666666663     6719.266189736637      27
0.7599999999999992     8930.475469550289      32
0.733333333333333     6828.760414852355      26
0.5444444444444442     4917.353866414155      26
0.6100000000000002     4997.584440382091      24
0.5955555555555556     5536.247407688554      26
0.6599999999999995     6453.254633957512      28
0.6033333333333334     5756.361881710089      27
0.5999999999999999     5783.608390913553      27
0.7299999999999995     7392.254639700413      29
0.5444444444444442     4962.953465685945      26
0.5433333333333332     4673.648136025982      25
0.591111111111111     5242.0470946200985      26
0.7622222222222214     11035.86965424473      38
0.7077777777777773     6918.936765156614      28
0.6566666666666664     6393.518026397072      29
0.671111111111111     6541.669019946055      28
0.5877777777777776     6200.250996207879      30
0.662222222222222     6465.074634743734      29
0.5677777777777777     5359.295403827664      27
0.7566666666666658     7927.96854937249      30
0.5344444444444438     4797.055445448622      26
0.5788888888888888     5548.653535341433      28
0.5055555555555551     4349.923047118228      25
0.7088888888888881     7641.014162962052      31
0.6455555555555554     6643.959681280269      29
0.6933333333333331     6867.139651701272      29
0.5788888888888887     6208.178316616027      28
0.6666666666666666     7884.254414731146      33
0.5955555555555554     6930.73431908038      32
0.7033333333333328     8670.004193973897      33
