0.7444444444444437     8377.63681537735      31
0.7144444444444441     6893.937763304007      29
0.6388888888888886     5205.225572004448      25
0.6577777777777777     5513.797862257091      25
0.7155555555555552     6895.049316816425      29
0.67     5536.390701115448      25
0.664444444444444     5326.440203172427      25
0.7399999999999994     8456.929838993752      31
0.658888888888889     5847.425574848271      26
0.7222222222222219     7612.670415187455      29
0.6355555555555557     5186.086197889167      24
0.6388888888888887     5537.273786639165      26
0.6199999999999998     4648.524816464798      24
0.7433333333333326     8366.14216384572      31
0.7211111111111107     6979.564338878548      28
0.7377777777777772     7423.718641448305      28
0.6555555555555556     5257.535415274644      24
0.7066666666666661     6046.649717364843      26
0.6811111111111111     5846.575246022971      25
0.6544444444444437     5612.741730165903      26
0.6644444444444443     5463.924445332499      25
0.6255555555555553     5172.929155323114      25
0.7355555555555549     8297.712912505194      32
0.6677777777777776     6589.381792999015      29
0.714444444444444     6778.669719851333      28
0.7466666666666663     8606.954611719259      32
0.6177777777777776     5346.890035343842      26
0.6744444444444443     5570.421190725475      26
0.7377777777777773     11875.800372056017      40
0.7111111111111107     6576.509493349104      28
0.7444444444444438     8940.794636258324      32
0.7388888888888883     7749.233766494253      29
0.6544444444444444     5785.260492349282      27
0.7177777777777774     11094.812420108296      39
0.7322222222222219     7656.939491619381      30
0.5755555555555554     4924.487250262921      25
0.5788888888888888     4797.829635107487      24
0.694444444444444     7672.702710001878      32
0.7633333333333328     10516.684543081297      35
0.7455555555555551     9906.773280816118      35
0.7555555555555551     9918.473537437912      35
0.7577777777777774     10279.416625118149      36
0.7411111111111108     11130.740157755452      37
0.7277777777777773     8765.751591919901      33
0.7055555555555555     11588.450730441251      40
0.7488888888888885     12004.244014652842      39
0.5466666666666664     4432.365299516596      24
0.7777777777777775     13011.353782069837      42
0.7899999999999997     14798.70650698015      45
0.47666666666666613     6375.07176668509      31
