0.6755555555555552     5952.894281853459      27
0.6788888888888887     6409.486351412643      28
0.705555555555555     6564.521336494878      27
0.6799999999999996     6510.44907752862      28
0.7166666666666661     6948.041158906528      28
0.6566666666666664     5570.521461323458      26
0.7255555555555552     7021.6635452975515      28
0.6622222222222224     6306.547798078477      27
0.6466666666666661     5521.227341316126      26
0.7533333333333329     8853.007940975971      31
0.6844444444444446     6768.467811562502      28
0.7055555555555547     7468.410367148222      29
0.7611111111111104     9004.442547687368      32
0.6177777777777775     5246.094193976376      25
0.5999999999999999     5202.117063809852      26
0.6766666666666662     6394.821492390922      28
0.7388888888888879     7860.28506157508      30
0.6466666666666661     6347.48789181231      29
0.4988888888888883     5296.239481739214      26
0.623333333333333     5741.924505240855      26
0.5011111111111107     5042.0827379352395      27
0.7522222222222218     11221.661852217907      38
0.7244444444444443     8011.747434507781      31
0.5911111111111109     5582.573273590367      28
0.5999999999999994     6335.096762001834      29
0.664444444444444     6427.23098872897      28
0.6999999999999997     7698.4531006130255      30
0.6699999999999997     7637.4787375144315      31
0.5788888888888886     5925.302571642394      28
0.6611111111111109     6905.690419963561      30
0.5388888888888885     5934.49993172472      28
0.7455555555555552     8071.756199097933      31
0.7155555555555551     9111.895648888642      34
0.6988888888888883     9010.600474756913      35
0.6922222222222221     8714.843877224357      34
0.6822222222222222     8862.001906406435      33
0.6722222222222222     8912.774251466233      34
0.6288888888888888     6687.29357547134      29
0.5911111111111107     7052.311599742879      32
0.7411111111111108     9356.044876581263      33
