0.7999999999999993     913.605990438309      16
0.8041666666666659     915.1145480121253      16
0.779166666666666     703.9370901036457      14
0.7958333333333326     719.4671482341545      14
0.8208333333333325     1050.7699612944066      17
0.8166666666666658     1037.9682305164233      17
0.7374999999999995     517.833489384148      12
0.8208333333333325     1070.9521234731803      17
0.7166666666666662     481.80491403411685      11
0.8124999999999992     947.2951038500207      16
0.8166666666666659     1072.8840446603438      17
0.7958333333333325     847.9978789692263      15
0.7874999999999993     730.4108728501001      14
0.7708333333333327     750.4037420911563      14
0.7624999999999993     537.2875944947228      12
0.8416666666666657     1590.1544550006956      21
0.7624999999999994     715.6477927246594      14
0.8041666666666658     1016.4558636086845      16
0.7958333333333326     914.7128123444658      16
0.791666666666666     791.7436000465134      15
0.7874999999999993     791.2332803305744      15
0.7708333333333326     732.1641941287065      14
0.7541666666666661     609.1644188992682      13
0.7124999999999996     432.2818260872494      11
0.8291666666666658     1183.2414539001525      18
0.8208333333333325     1082.162585017009      17
0.733333333333333     558.7047448536526      12
0.7249999999999995     532.3081535160378      12
0.8166666666666658     1097.828127934051      17
0.8124999999999992     1051.1460268101703      17
0.7458333333333328     719.6572544389236      14
0.8124999999999992     1193.1172717635332      18
0.7958333333333326     933.4789967599041      16
0.7708333333333327     811.7546035260631      15
0.791666666666666     818.027305861431      15
0.837499999999999     1297.0553726636938      19
0.7624999999999994     809.8400976752708      15
