0.779166666666666     621.9966618375245      13
0.7499999999999994     442.8840253893673      11
0.8291666666666657     1063.6199402352045      17
0.8208333333333325     1195.2087685825952      18
0.8166666666666659     851.8993046798918      15
0.8041666666666659     714.9525121565582      14
0.7458333333333328     455.35825579823467      11
0.7374999999999995     501.81462630948863      12
0.7166666666666662     507.9536444491799      12
0.7958333333333326     704.7777714552599      14
0.7499999999999994     510.82838054478054      12
0.7958333333333326     712.7728921376329      14
0.7874999999999993     622.4007069585715      13
0.8083333333333326     733.6095769641786      14
0.8083333333333326     831.3487412950183      15
0.7749999999999994     597.996429399609      13
0.8166666666666658     837.7448326035569      15
0.7624999999999995     533.3038859527735      12
0.8083333333333325     937.7216449358538      16
0.8083333333333326     941.5424150380876      16
0.7999999999999993     717.8060526711292      14
0.8041666666666659     801.0394294790166      15
0.766666666666666     603.4507623985731      13
0.791666666666666     698.5410986235249      14
0.791666666666666     718.84362859814      14
0.8124999999999992     1073.0341152151384      17
