0.8208333333333324     943.95281157291      16
0.7708333333333327     607.8474299364527      13
0.7541666666666661     527.8893398813441      12
0.791666666666666     724.0783729094708      14
0.8208333333333325     1284.8265949750244      19
0.8166666666666658     813.9903267454868      15
0.791666666666666     805.1868519612527      15
0.7999999999999993     820.3126776660719      15
0.7916666666666659     797.8190781799233      15
0.8166666666666658     967.9558863928081      16
0.8083333333333326     933.5403090030994      16
0.7958333333333325     838.338703237766      15
0.791666666666666     827.4820441118593      15
0.8124999999999991     1035.000048041171      17
0.7166666666666662     512.1461878337194      12
0.7624999999999994     527.9606765538731      12
0.7916666666666659     900.7206368189886      16
0.7874999999999993     696.6271581461708      14
0.7958333333333325     911.9471686392585      16
0.8083333333333326     1162.8400777817847      18
0.7791666666666659     613.6697049304412      13
0.7624999999999994     616.4084576150875      13
0.7958333333333325     1152.1718009404683      18
0.7208333333333329     606.2658583724433      13
0.7833333333333327     713.4725811826174      14
0.7791666666666659     705.7824476333832      14
0.7874999999999993     797.9912846509297      15
0.7958333333333325     1156.3834312667698      18
0.7874999999999993     998.5355826525954      17
0.7833333333333327     1055.9090276020993      17
