0.821111111111111     6292.413066408991      27
0.8788888888888888     10000.86275539015      34
0.8133333333333334     6187.269513165667      27
0.7144444444444442     4384.996807548561      23
0.77     5281.2926020981695      25
0.8177777777777776     6278.246323291624      27
0.8055555555555554     5918.808501849877      26
0.8077777777777777     6096.818171927221      27
0.8711111111111108     9709.773399417356      34
0.8444444444444447     6697.411909271413      27
0.8755555555555555     9777.500372850705      34
0.8566666666666666     8017.880130120722      30
0.7966666666666665     5494.314794479792      25
0.8388888888888889     7024.551145171378      29
0.88     10546.165975384802      35
0.8022222222222224     5839.142769505727      26
0.8511111111111109     7787.313183156559      30
0.8699999999999998     9679.941686523749      34
0.7688888888888887     5509.102769515441      26
0.8655555555555556     9408.010498471185      34
0.8144444444444444     6253.4573362413885      27
0.7977777777777778     5709.150066617478      26
0.8200000000000001     6773.755572830876      26
0.8655555555555555     8617.444823150423      32
0.751111111111111     5200.892272532963      25
0.8422222222222222     7372.290715935859      29
0.7866666666666668     5701.718286911143      26
0.7899999999999999     5859.815801051517      26
0.8333333333333334     7255.916328152593      29
0.8677777777777775     9456.834670882634      34
0.8311111111111109     6834.7888168695645      29
0.8299999999999997     6887.861372776897      28
0.8755555555555554     9842.43507561882      34
0.792222222222222     5859.880747783531      26
0.8866666666666668     11133.20734277159      37
0.8133333333333334     6207.464192921544      27
0.8266666666666664     7001.669944307178      29
0.8288888888888887     7049.051958150706      29
0.8522222222222221     8165.0778998053665      32
0.8944444444444447     11303.81576155588      37
0.8122222222222221     6162.955676626641      27
0.8644444444444445     8711.060531725607      33
0.8255555555555554     6392.861035999766      27
0.8488888888888889     7499.175683453731      28
0.8055555555555554     6053.381220799468      27
0.8844444444444445     10726.22837660651      36
0.8222222222222222     6647.893302783444      28
0.8311111111111109     7053.570290625367      29
0.801111111111111     6676.6592369813725      29
0.8622222222222222     8318.64480072977      32
