0.8733333333333335     9962.820525530202      33
0.8755555555555556     10092.831183183285      33
0.8544444444444442     8282.512125534553      32
0.8533333333333332     7853.348261665307      31
0.8522222222222221     8134.051950885011      30
0.8677777777777779     9814.450726915036      33
0.8277777777777775     6876.066278370173      29
0.8722222222222223     10041.116371782418      34
0.8633333333333334     9159.647902172264      32
0.9122222222222225     15312.5849650664      42
0.8111111111111111     6936.849284348244      28
0.8644444444444445     8852.279296651908      33
0.7899999999999999     5886.752814920232      25
0.8622222222222222     9078.940525820008      32
0.8833333333333334     11867.646738609461      37
0.7611111111111106     6139.833593835371      28
0.8533333333333332     7903.884453302673      31
0.8755555555555555     10366.885116001647      34
0.8700000000000001     9309.322266304802      34
0.8666666666666669     9434.937347055997      34
0.868888888888889     10311.032511047066      34
0.9055555555555558     13883.440161433102      40
0.8966666666666667     12189.397896667737      36
0.8344444444444442     6953.422724990728      29
0.9055555555555558     14269.244618929975      41
0.8800000000000001     11254.59180616124      36
0.8377777777777778     8044.038972447295      30
0.8777777777777779     11315.950397932034      36
0.877777777777778     11375.347104136159      36
0.8566666666666666     8342.655670284135      32
0.8344444444444443     7539.634451422821      29
0.8777777777777778     10023.973311091795      36
0.8611111111111114     8358.818916724898      30
0.8377777777777775     7738.570443526879      31
0.8677777777777778     9604.526750693994      33
0.8344444444444443     7848.6428231304335      30
0.8588888888888887     9349.333810009923      33
0.8644444444444445     10496.37971955117      35
0.8533333333333334     9692.468982784541      33
0.8711111111111112     10940.354585428688      36
0.8355555555555552     7659.378669684827      31
0.8533333333333332     8664.723907293961      32
0.9011111111111114     14681.326589171122      43
0.867777777777778     10665.287924927032      37
0.85     8287.349135332419      31
0.8422222222222222     7948.49732590974      31
0.8299999999999998     7127.042431423444      29
0.8466666666666667     8406.390703958206      31
0.8988888888888893     11987.815030590742      37
0.8900000000000003     12080.919614620036      38
