0.7966666666666665     7044.174265643034      30
0.8344444444444443     8911.138537815696      33
0.8600000000000002     10966.184816066256      36
0.8555555555555556     10516.831743169147      37
0.7411111111111112     5004.395377186026      25
0.84     9228.157526207531      33
0.8211111111111111     8376.860186429349      32
0.8522222222222222     9852.443162904086      35
0.8444444444444446     9261.365168121964      33
0.7311111111111107     5350.1495986195505      27
0.8322222222222222     8547.409431938162      32
0.8055555555555556     7311.814249420027      30
0.8088888888888889     7535.722969189248      31
0.7455555555555556     5745.893398075749      27
0.7355555555555553     5744.87075728347      28
0.8233333333333333     8406.042697732093      33
0.7699999999999998     5762.941698088975      26
0.8144444444444442     7636.915221980549      31
0.7266666666666661     4716.166415406775      24
0.8099999999999999     7567.915199330849      31
0.7277777777777774     5552.79462553662      26
0.7911111111111109     6865.692312168541      29
0.8055555555555554     7478.180584777428      30
0.7099999999999997     5103.53767040447      25
0.8344444444444443     8917.658189427759      33
0.8222222222222222     8482.203734587012      33
0.8077777777777776     7414.069855884788      31
0.8111111111111111     7905.555535082447      32
0.7999999999999997     7092.039795975132      30
0.8122222222222223     8624.038481605246      31
0.7766666666666665     6214.540633168046      27
0.7544444444444446     6112.720439269359      28
0.7955555555555555     7245.34133477216      30
0.8155555555555555     8541.889680578806      33
0.7211111111111109     5568.134834316265      27
0.7588888888888887     6405.547214549101      28
0.7155555555555552     5864.838286242623      27
0.8088888888888887     8721.69472382273      33
0.7888888888888888     6578.143502745329      28
0.7844444444444444     7529.370683934365      29
0.8199999999999998     8886.39296063671      33
0.851111111111111     9402.763605143573      34
0.7944444444444444     7387.87945612394      31
0.7288888888888886     5947.275194261914      27
0.8377777777777776     9572.74418801038      35
0.7511111111111111     5881.235471569267      28
0.8022222222222221     7459.317142955524      30
0.7955555555555555     7528.050978493527      30
0.7911111111111109     7003.50914652282      30
0.7477777777777777     6230.105396648939      29
