0.8244444444444442     7359.141981453499      31
0.7722222222222219     5730.992507765658      27
0.7777777777777775     5785.518630303171      27
0.7977777777777775     6269.336724588714      28
0.7944444444444443     6397.840927294008      29
0.7633333333333329     5426.403066484939      26
0.801111111111111     6484.243690662724      29
0.8144444444444445     6672.160940179647      29
0.8233333333333333     6981.990043294974      30
0.8244444444444442     7692.3167583843615      32
0.811111111111111     7267.682376892128      31
0.7944444444444441     6230.453391331565      28
0.8455555555555555     8208.267756621386      33
0.7644444444444439     5665.665232188178      27
0.8055555555555552     6654.200376255844      29
0.7877777777777775     5946.746559749813      27
0.8444444444444444     7947.5663727449455      32
0.7777777777777775     5904.074647050584      27
0.744444444444444     5334.839080108728      26
0.8455555555555554     9101.60161156104      35
0.7433333333333328     5050.528449161102      25
0.7522222222222216     5557.006608528199      27
0.783333333333333     6253.209877941546      28
0.7455555555555552     5938.004294134735      28
0.7655555555555549     6075.27792619092      28
0.7422222222222219     5584.7316003920505      27
0.7966666666666666     6745.7277283312405      30
0.7499999999999997     5993.955160911669      28
0.7488888888888887     5946.554240833649      28
0.8188888888888888     7536.921951998716      31
0.8399999999999997     9744.296246544025      35
0.7988888888888886     6859.145474604483      30
0.8077777777777776     7264.160032189689      31
0.7977777777777777     6984.683798988252      30
0.7955555555555551     6963.847021800038      30
0.8177777777777775     7281.534688638096      31
0.7911111111111107     6491.06533708469      29
0.7966666666666662     7206.118901356299      31
0.8099999999999998     7564.476074407602      32
0.83     7726.66113522785      32
0.8099999999999997     7610.271686402472      32
0.7855555555555553     7035.756744323296      30
0.8022222222222218     7210.048658941306      31
0.8055555555555551     7241.934693093254      31
0.7399999999999995     5299.964344162571      26
0.7277777777777773     4888.410539848231      25
