0.8522222222222224     8126.529222356986      29
0.847777777777778     7707.495063650157      30
0.8466666666666668     7388.345616722496      29
0.8822222222222225     9090.980835480546      30
0.8822222222222225     9775.136959395666      32
0.8755555555555558     9164.652439771357      33
0.8355555555555555     7089.771199068756      28
0.7877777777777775     6071.6911301865675      27
0.8633333333333333     8144.730140067254      30
0.8766666666666669     9245.10040360413      31
0.8788888888888893     9788.914420921794      33
0.8577777777777778     8057.743969426506      31
0.8777777777777781     9479.0784036148      33
0.857777777777778     8559.503192401186      30
0.8099999999999998     6462.870801278263      27
0.838888888888889     7337.00568116862      29
0.9055555555555558     12962.913896321676      37
0.8366666666666666     7453.373097566715      30
0.8766666666666669     9316.134746424628      33
0.8022222222222218     6554.5454302099115      28
0.8322222222222219     6920.084964855475      29
0.8455555555555556     7835.040363608975      28
0.8722222222222222     8577.764352295504      30
0.8355555555555556     7288.372330053053      29
0.8511111111111113     7853.574131793601      30
0.8355555555555554     7588.590165808934      28
0.7977777777777778     6770.707224230786      29
0.8255555555555555     7043.367956623765      29
0.8844444444444446     9817.051504078305      32
0.8500000000000002     7917.444814301597      30
0.8555555555555558     8118.766173341807      30
0.8933333333333332     12143.606486689958      36
0.8377777777777776     7669.999360740864      30
0.8366666666666666     7740.448651597584      30
0.8788888888888889     9716.191052472286      32
0.8644444444444446     8559.879419241921      31
0.8411111111111108     7617.996910987095      31
0.8522222222222223     8539.603153123531      30
0.8588888888888891     8355.98825212184      31
0.838888888888889     8663.9592891971      28
0.8755555555555556     8643.504873279657      29
0.8700000000000003     9172.571483572054      31
0.887777777777778     9843.03727861727      32
0.8233333333333335     7560.691013366771      28
0.8255555555555558     7667.242432233004      28
0.8533333333333336     8242.804956307637      31
0.8922222222222226     10962.416208324994      32
0.8577777777777781     8583.847944613817      32
0.8811111111111113     9823.461673285801      33
0.8611111111111114     8737.960848851053      30
