0.8388888888888889     7304.867097978197      30
0.876666666666667     9711.382376786816      34
0.8655555555555556     8775.350355133696      32
0.8399999999999999     8010.531047697997      32
0.7733333333333331     5601.646077608337      27
0.8522222222222223     8099.339469537651      31
0.9000000000000004     10565.984185605466      35
0.8511111111111108     8638.100008482706      32
0.8744444444444445     9221.494134457464      33
0.8522222222222223     8662.82786387723      32
0.8644444444444445     8754.910078556491      33
0.8744444444444445     9707.360469928244      34
0.8711111111111115     9350.73296857008      33
0.9000000000000004     10906.213638873813      36
0.8866666666666667     9964.226753681281      34
0.8922222222222226     11834.575938751093      38
0.848888888888889     8512.58868076786      33
0.9000000000000001     12493.736625512325      37
0.8866666666666669     11914.521886606251      37
0.8822222222222224     10010.294817228789      34
0.8655555555555556     9069.740548866035      33
0.8611111111111112     8783.79502533756      32
0.86     8878.584847831375      32
0.8822222222222226     10999.9491901406      36
0.8833333333333334     11551.930607818062      38
0.8600000000000001     9015.492161124448      33
0.8366666666666668     7740.240031115793      31
0.878888888888889     10800.154218896734      36
0.8688888888888887     9145.910284644518      33
0.8444444444444442     8100.942370687886      31
0.848888888888889     8679.89478704223      30
0.9033333333333338     14070.752096967804      40
0.8266666666666667     6918.987146362573      29
0.8355555555555557     8041.941112927375      31
0.8266666666666664     7818.08973036929      31
0.867777777777778     9562.104114863965      34
0.8255555555555553     7885.457819548383      32
0.8644444444444447     9283.496204764237      32
0.876666666666667     10036.944633529196      35
0.8788888888888889     10929.55039081881      35
0.8366666666666664     8344.60570735695      33
0.8411111111111111     8486.369077377192      32
0.8355555555555554     7948.278770487229      31
0.8722222222222225     9696.711661384714      33
0.8588888888888889     9763.364189040036      36
0.8222222222222222     6725.548900955267      29
0.8066666666666664     6359.610115408815      28
0.8399999999999999     8405.04315513958      33
0.8055555555555556     6581.698951861022      28
0.8577777777777781     8848.395514484722      32
