0.878888888888889     9921.391688635304      34
0.8911111111111113     10673.946560794735      35
0.8644444444444445     9044.950873670718      33
0.8144444444444445     6760.896422082966      29
0.7599999999999998     5878.566097228961      27
0.8066666666666664     6840.89174762496      29
0.7855555555555556     5907.969122747964      27
0.8833333333333335     10371.501513583618      35
0.7877777777777774     6231.681270245665      28
0.8644444444444446     9569.39420286561      35
0.8522222222222223     8122.070391124364      32
0.7744444444444444     5905.25372202589      27
0.8622222222222223     9272.725550374409      33
0.7666666666666666     6349.666733667215      26
0.8555555555555555     8571.928099298366      32
0.8444444444444443     8067.035883225653      31
0.8488888888888889     8571.58787098109      32
0.9077777777777781     11596.851463467261      37
0.8711111111111112     10035.340178219412      35
0.7888888888888886     6233.196413096866      28
0.8488888888888887     8433.732650424434      33
0.8800000000000001     10757.583126767415      36
0.8244444444444442     6956.405844836456      28
0.7388888888888882     5336.275855982811      26
0.8311111111111109     7412.343245154067      29
0.858888888888889     9064.336398241498      33
0.8577777777777776     8636.547909300012      32
0.87     9982.138022387306      35
0.8377777777777774     8064.555170679805      31
0.89     10999.128552493963      36
0.9055555555555554     14291.631157809108      40
0.8844444444444446     12208.675966948318      39
0.8500000000000001     9045.253328807059      33
0.8244444444444443     7898.988340680687      31
0.8688888888888889     9573.164052035077      34
0.8500000000000001     9390.508474554437      34
0.8644444444444446     10330.317650981335      37
0.8099999999999999     7218.58717990899      29
0.8555555555555553     9477.426022265558      34
0.8277777777777776     7842.902091779317      32
0.8044444444444442     6454.481024943199      28
0.8755555555555556     10401.494985537665      36
0.8444444444444444     8163.053507715353      31
0.8822222222222225     11113.708099945998      37
0.7899999999999999     6842.184962807572      30
0.7833333333333331     5962.494735681856      27
0.8722222222222222     10805.925231077343      35
0.7699999999999996     6564.063985423899      29
0.7944444444444443     7083.779522567199      29
0.812222222222222     7207.823257250675      30
