0.8677777777777779     10192.53478932087      35
0.8977777777777779     11610.661905832838      36
0.9166666666666672     14443.192559575344      41
0.8955555555555559     11982.75688789182      38
0.9111111111111115     13623.47369337654      40
0.86     9639.623604411352      33
0.9100000000000004     13724.002155902652      40
0.8766666666666666     10334.34945480991      34
0.8933333333333336     11583.404866169612      36
0.8466666666666668     8699.549690379232      32
0.9044444444444447     12496.756797111912      38
0.8622222222222221     9251.142649891188      34
0.8788888888888888     10438.037777669533      36
0.9055555555555558     13394.511470422489      39
0.8711111111111112     10202.630180002574      35
0.8233333333333331     7754.013722376619      31
0.8955555555555558     11585.08277296023      36
0.8866666666666666     11275.766626230065      36
0.8166666666666664     8296.10533435296      32
0.8522222222222223     9216.596821643132      32
0.8688888888888888     10332.175912157089      36
0.8611111111111112     9668.533512940152      33
0.9022222222222224     13661.307775173083      39
0.8433333333333332     9177.174819329437      33
0.8122222222222221     7694.840063511143      31
0.8877777777777778     11282.140625294438      36
0.8411111111111111     8507.927940921687      32
0.8977777777777779     12087.561710593103      37
0.8955555555555557     12468.615513721192      38
0.841111111111111     8694.172566282436      32
0.8633333333333335     10258.699378278763      36
0.8111111111111111     8339.009825927704      32
0.8344444444444445     8612.15792028603      32
0.8677777777777778     10333.56773013944      36
0.9011111111111113     15022.074682014214      42
0.86     9644.54488686308      34
0.8988888888888891     12539.531316221577      38
0.8188888888888887     8443.212847257666      33
0.89     12701.628108553135      39
0.8855555555555558     10506.327332269992      35
0.8722222222222222     10567.954713237943      36
0.8411111111111111     8819.114566227303      33
0.8533333333333333     10169.01965712599      35
0.8800000000000001     11185.947552383406      36
0.888888888888889     11732.5746980331      37
