0.35111111111111093     24883.467227579655      74
0.4155555555555555     27206.47932393466      78
0.39444444444444443     24967.83219063735      73
0.35111111111111104     25726.762979437874      75
0.3899999999999999     30040.018747452166      78
0.34777777777777763     20013.052003232555      67
0.302222222222222     25007.203672774194      71
0.3822222222222221     26929.97253914666      77
0.29999999999999977     20201.891632280836      66
0.36222222222222206     27204.364779978376      74
0.3499999999999998     24776.30061368437      74
0.37555555555555536     26068.20315509502      75
0.27888888888888885     19892.332224456004      66
0.3677777777777776     26824.33011937495      76
0.3244444444444443     23287.974002381936      72
0.36555555555555536     29223.036862578898      77
0.3122222222222221     31510.856879455336      79
