0.9166666666666671     17703.242138661724      54
0.9144444444444447     18185.981275209295      55
0.9200000000000006     19756.77590455378      57
0.9022222222222223     16195.359749592693      52
0.9166666666666671     18190.44529894091      55
0.9133333333333337     18091.378121631613      55
0.9166666666666671     18742.392211874765      56
0.924444444444445     20406.034964521197      58
0.9177777777777784     18769.507381615436      56
0.9111111111111115     17439.908836210543      54
0.9166666666666671     18793.5478243209      56
0.9100000000000004     16833.85509002533      53
0.916666666666667     18230.905481037953      55
0.9188888888888894     19103.54306394649      56
