0.9111111111111115     20609.558903798465      59
0.9133333333333338     20680.76928358713      59
0.9222222222222227     22914.097926757724      62
0.9177777777777784     21613.203279689293      60
0.9211111111111117     22183.54918873466      61
0.9133333333333338     20779.397781529475      59
0.9066666666666671     19960.470317527714      58
0.9188888888888893     22245.310873242746      61
0.9188888888888894     22372.312633528847      61
0.9111111111111115     21249.253572529662      60
0.9222222222222227     23684.070791424674      63
0.9122222222222226     21321.391478496615      60
0.9222222222222227     23733.41577057742      63
0.9233333333333338     23982.088855464193      63
0.9111111111111115     21264.20592222784      60
0.9177777777777782     21437.568060941765      60
0.9177777777777784     22898.535779855312      62
0.9188888888888895     22993.35478213331      62
