0.9522222222222225     17671.352287215548      48
0.9577777777777783     18191.12635546635      49
0.9522222222222225     18096.237268412347      49
0.9466666666666671     17407.49198631565      48
0.9588888888888895     20224.372434696652      52
0.9588888888888895     20982.691202847796      53
0.9522222222222225     18164.571869238487      49
0.9577777777777783     18895.91030884499      50
0.9522222222222225     18683.809619288204      50
0.9566666666666671     19632.66822835203      51
0.9577777777777783     20945.812328354164      53
