0.9500000000000005     20000.95974547968      51
0.9300000000000002     17672.240386258603      48
0.9533333333333338     21392.399277492295      53
0.927777777777778     17587.813591975064      48
0.9411111111111113     18464.748761559727      49
0.9211111111111114     17956.125840023204      49
0.9444444444444448     19185.992356875497      50
0.9300000000000002     18223.174034102576      49
0.9488888888888892     19964.039820894566      51
0.9400000000000003     18939.68107565805      50
0.9411111111111112     19130.512071367488      50
0.9411111111111115     19164.568709216474      50
0.936666666666667     18396.214347653746      49
0.9300000000000004     18271.86609026193      49
0.936666666666667     18480.47559975718      49
0.9455555555555559     19200.741806652903      50
0.9411111111111115     19733.58825072323      51
0.9455555555555559     19770.23740794041      51
0.9488888888888892     20571.019840560108      52
0.9500000000000005     20581.923742416264      52
