0.9555555555555562     19411.89218848177      50
0.9511111111111116     18100.55047265421      49
0.9555555555555562     19425.193820638542      51
0.9488888888888893     17476.473775234503      48
0.9533333333333338     18644.92037901087      50
0.9566666666666672     20831.216841971276      52
0.9400000000000003     17933.03638733326      49
0.9555555555555562     20075.940237561626      51
0.9544444444444449     19933.05474484712      51
0.9533333333333338     18722.252741655222      50
0.9511111111111117     18236.358635562126      49
0.9511111111111115     18512.254341586322      49
0.9511111111111116     19245.16944767316      51
0.9555555555555562     20227.481931423008      52
0.9533333333333338     19865.274776746137      51
0.9555555555555562     20630.557652466283      52
0.9522222222222226     19754.86718250354      51
0.9566666666666672     21388.69622993189      53
