0.7877777777777779     8129.031699539184      35
0.8122222222222223     10934.049278748083      41
0.8011111111111112     10117.999348851545      40
0.7344444444444442     7116.694506720593      33
0.7533333333333333     7524.565309321031      34
0.7599999999999999     7555.73991953241      34
0.7911111111111114     8472.904085520055      36
0.7944444444444445     9365.145193870874      38
0.7577777777777777     7616.677083824989      34
0.718888888888889     7124.614060497451      33
0.8033333333333335     11115.191814591719      42
0.8033333333333335     11138.315517247273      42
0.7444444444444444     7402.267752561434      34
0.7822222222222224     8249.758932602968      35
0.7988888888888893     9422.298576739513      38
0.8     10482.244843993121      40
0.7644444444444444     7682.653685422225      34
0.8     11131.177867550996      42
0.7922222222222223     8549.742558631757      36
0.8077777777777778     11752.71764185411      43
0.77     7697.096708101275      34
0.8     12553.703838412044      45
0.712222222222222     7309.185743276463      34
0.7299999999999999     7443.61129534695      34
0.7466666666666666     7818.843049703157      35
0.7988888888888893     9432.630801353987      38
0.7022222222222222     7550.4110522805895      35
0.7766666666666668     7820.053768788838      34
0.7877777777777779     8472.645832370108      36
0.7944444444444445     9381.80365264299      38
0.7877777777777779     8869.605781431255      37
0.7944444444444445     9798.21632600785      39
0.7911111111111112     9792.155143483094      39
0.7988888888888893     9816.13436279683      39
