0.8966666666666668     17702.96013313043      53
0.9122222222222223     17957.353937511347      53
0.9200000000000003     19356.654378719326      55
0.8788888888888889     16964.565771412257      52
0.9188888888888892     18773.331477304037      54
0.9055555555555558     17893.2633403347      53
0.9122222222222225     18586.103230111134      54
0.9055555555555558     17894.910686533443      53
0.9266666666666669     20207.754838754045      56
0.9044444444444445     17799.24959921202      53
0.9055555555555558     17917.785016347443      53
0.8899999999999999     17918.727724380864      53
0.9211111111111112     19515.625471406576      55
0.9122222222222223     18575.37738340067      54
0.9177777777777781     18956.911546567873      54
0.9188888888888892     19426.52023604433      55
0.9311111111111113     20745.07986193346      56
