0.9344444444444447     19609.18937517097      54
0.9333333333333337     19012.405331230133      53
0.9388888888888892     20566.47139466866      55
0.9311111111111113     18498.67436343205      52
0.9344444444444447     19688.942771043196      54
0.9333333333333337     19137.87455566008      53
0.9377777777777782     20043.64721827681      54
0.9288888888888892     17563.99564818728      51
0.9277777777777779     18308.814351905752      52
0.9211111111111112     18101.047223874077      52
0.9333333333333337     19749.528178971825      54
0.9388888888888892     23215.444002761764      58
