0.9333333333333336     22279.508186946143      57
0.9322222222222224     20316.05949932834      54
0.9244444444444446     19474.38223215189      53
0.9311111111111113     19590.815314451473      53
0.9311111111111113     20258.469464105063      54
0.9322222222222225     20838.2260742115      55
0.9322222222222225     20854.07363231751      55
0.9322222222222225     21449.266574136484      56
0.9344444444444447     22537.774991168568      57
0.9344444444444449     25175.222187673175      61
0.9344444444444447     25194.306845711773      61
0.9366666666666669     26839.328971440988      63
