0.9322222222222227     23820.803369460733      55
0.9200000000000006     21322.080027728505      54
0.9222222222222228     21383.352450497165      54
0.934444444444445     24443.319782240695      56
0.914444444444445     20507.558367712096      53
0.9266666666666672     22686.57040399582      55
0.9177777777777784     20724.894134066442      53
0.9300000000000006     23106.97624313842      55
0.9233333333333339     22004.763621877202      55
0.9311111111111117     23741.59966259345      56
0.9255555555555561     22434.299357345295      54
0.916666666666667     21554.530774629806      53
0.924444444444445     22077.26623929085      54
0.9366666666666672     24506.357862337147      56
0.9222222222222226     22216.084843243545      54
0.9088888888888893     19860.222868460754      52
0.9377777777777784     25153.099552835076      57
