0.9544444444444449     19875.539018289863      52
0.9622222222222226     22231.18987854642      55
0.9544444444444449     20476.3560504767      53
0.928888888888889     18412.366884309886      51
0.9622222222222226     24143.58626433767      58
0.9577777777777781     20590.31082962912      53
0.9522222222222223     19779.102202939444      52
0.9500000000000003     19675.057698868855      52
0.9555555555555557     20552.805884259393      53
0.9433333333333337     19700.390047571687      53
0.9411111111111111     18605.933539446345      51
0.9455555555555557     19794.8284306082      52
0.9611111111111115     21349.44281945432      54
0.9577777777777781     20605.24632088928      53
0.9522222222222223     20329.084198354827      53
0.9500000000000003     21385.682104622305      55
0.9166666666666665     16721.268679722525      48
