0.9466666666666671     22984.927478947804      57
0.9355555555555559     21303.84474901489      55
0.9366666666666668     21374.87822129354      55
0.9388888888888893     21722.026428900834      56
0.9477777777777782     23127.476984245448      57
0.9366666666666672     21171.202295866966      56
0.9200000000000002     19653.926182399886      53
0.9133333333333333     19529.00188265554      54
0.9366666666666669     21585.356035936613      55
0.9322222222222224     20930.633981044197      55
0.9322222222222222     20733.54984934893      55
0.9400000000000003     21750.821303587873      56
0.9477777777777782     23731.956263159303      58
0.9377777777777782     21928.504951164294      56
0.9444444444444448     22114.790263882736      56
0.9422222222222227     22044.02264360596      56
0.9311111111111114     19725.248115783088      54
