0.9577777777777781     21594.31929395565      55
0.9577777777777782     22185.371110549186      56
0.9555555555555559     20800.370326349006      54
0.9555555555555559     21433.371367333235      55
0.9600000000000004     22893.50524884319      57
0.9422222222222226     20482.49185215182      54
0.9577777777777781     22134.901268944788      56
0.9622222222222226     23124.21715442165      57
0.9600000000000004     22957.787914224635      57
0.9622222222222226     23785.703948595954      58
0.9555555555555559     21466.41618297166      55
0.9600000000000003     22298.803077146145      56
0.9622222222222226     24393.42989997677      59
