0.938888888888889     16719.975597285713      48
0.9455555555555556     17015.88880065871      48
0.9511111111111112     17372.95874520353      48
0.9533333333333335     18799.039328257204      50
0.9399999999999998     17101.391434034034      48
0.9511111111111112     17858.890095054565      49
0.938888888888889     16726.49958765213      48
0.9577777777777781     19738.24735610098      51
0.9277777777777778     15396.40725437226      46
0.9344444444444444     16182.643598220082      47
0.9466666666666668     17287.171981057658      48
0.9555555555555557     19158.373151771913      50
0.9566666666666669     19576.89304956167      51
0.9455555555555556     17824.250105168772      49
0.9277777777777777     15734.001005013766      47
0.9500000000000001     18415.638254220157      50
0.9388888888888888     17364.96854089126      48
