0.8877777777777777     15640.293788290686      47
0.902222222222222     16974.09059153501      49
0.921111111111111     17725.002243787643      50
0.8888888888888887     16164.179934855967      48
0.89     16201.350536058006      48
0.9355555555555556     18814.559549626116      51
0.8833333333333333     16273.136408608676      48
0.9333333333333335     18468.705888246965      51
0.9388888888888889     20256.06162409244      53
0.8866666666666666     16759.124170085583      49
0.8744444444444445     15336.39484159056      46
0.9133333333333337     17383.731023935245      49
0.9366666666666668     20204.52487093957      53
0.9277777777777779     18436.70764453328      51
0.9155555555555559     17819.154000209957      50
0.9244444444444446     19009.211850545533      52
0.9266666666666669     19279.71732824002      52
0.9100000000000005     18544.410115850555      52
0.9011111111111111     18122.15414326316      51
0.8711111111111112     16240.663030881398      49
0.9322222222222223     20621.505862033257      54
