0.7611111111111107     6845.737982138179      28
0.7266666666666661     5664.2892023368495      26
0.7788888888888884     9480.182232687152      35
0.742222222222222     6081.137377546449      27
0.7333333333333331     5747.6563378416395      26
0.7822222222222219     10585.219207218513      37
0.7577777777777776     6944.67944723651      28
0.7344444444444443     6011.768181595951      27
0.7599999999999996     7139.230241551563      29
0.7555555555555553     6675.260171096694      28
0.7566666666666665     6838.148735643959      28
0.7211111111111107     5515.465790277134      26
0.7722222222222219     7295.0930735246975      28
0.7466666666666665     6266.921538833361      27
0.7344444444444443     6040.294828476381      27
0.7277777777777775     6077.126063239196      27
0.771111111111111     9902.693576067493      35
0.7122222222222223     6096.2076858388755      28
0.7466666666666665     6568.040507846078      28
0.752222222222222     6935.803663878415      29
0.7666666666666663     8552.885052130156      33
0.7666666666666663     8799.76626775217      33
0.761111111111111     12058.021579222645      40
0.7555555555555553     7034.367857233485      29
0.7488888888888886     6861.5967738232885      29
0.7433333333333331     6119.581840761382      27
0.752222222222222     6964.9763598265135      29
0.7555555555555553     7331.373990155896      30
0.7433333333333331     6398.1030709662      28
0.7555555555555553     7643.67591741042      31
0.7466666666666665     6574.143874611057      28
0.7433333333333331     7076.372935722141      30
0.752222222222222     7286.667441615627      30
0.7222222222222218     6654.983805075682      29
0.723333333333333     6890.713373614507      30
0.7377777777777774     7985.821690557025      32
