0.7477777777777777     7661.985986536146      33
0.7900000000000001     9988.158749535436      37
0.7466666666666668     7774.895226697187      35
0.7933333333333333     9859.049437787162      38
0.6911111111111111     6421.257090843153      32
0.7422222222222224     7391.1639929765515      32
0.7544444444444444     8152.921891976094      34
0.8022222222222223     10155.344086493997      38
0.6788888888888887     6280.585427055213      31
0.6455555555555555     5737.843497003534      30
0.5966666666666662     5297.186330517813      29
0.7755555555555556     8212.282517327569      35
0.7422222222222222     7878.974610018378      34
0.7344444444444448     7612.054271216584      34
0.767777777777778     8405.447578829831      35
0.6344444444444443     5824.629472054263      31
0.8011111111111111     12081.96490460194      42
0.7299999999999999     6504.556546509876      31
0.761111111111111     7973.847570073293      35
0.7211111111111109     7769.1342701806025      35
0.5911111111111105     5784.439518731168      31
0.7877777777777778     8442.85917373021      33
0.7311111111111114     8302.317878563546      35
0.7733333333333335     8978.039142548858      37
0.7600000000000001     9900.576938361177      39
0.7055555555555554     7649.683919224121      34
0.7311111111111112     8061.231951401782      34
0.63     5989.273042975303      31
0.7544444444444444     8155.2406819312655      36
0.6922222222222222     6961.487936476816      33
0.7566666666666669     10319.872372855916      40
0.7855555555555556     12286.00324179782      43
0.7566666666666668     12180.358526255484      44
0.7299999999999999     8535.720886644776      37
0.6888888888888889     7362.078246527941      33
0.6155555555555553     8483.731282991219      35
