0.7511111111111111     7579.873662138254      34
0.7188888888888886     6835.75747098247      30
0.728888888888889     7751.309879400605      33
0.7511111111111111     7435.179245721276      33
0.6988888888888886     6469.59783827248      31
0.7     6510.959033195243      30
0.68     5853.076215872492      30
0.7211111111111113     6867.342345292237      32
0.7222222222222223     7448.477697894925      34
0.6866666666666668     6335.375328847301      31
0.7166666666666665     6564.034736611125      31
0.6777777777777778     5837.5155978421135      30
0.6977777777777777     6019.057994837196      30
0.742222222222222     6953.9964585590715      32
0.7511111111111112     7636.760498033027      34
0.711111111111111     6417.943632225885      31
0.7033333333333333     6936.671416160597      31
0.7277777777777779     7517.287751928842      33
0.7244444444444443     6544.05690659368      31
0.68     6438.628203601917      32
0.6900000000000001     5919.992714580766      30
0.6977777777777776     6352.715343870506      31
0.7633333333333333     7776.489993644449      34
0.7011111111111109     6297.6035165589965      31
0.7288888888888888     7188.7446639431355      31
0.758888888888889     7580.626839954954      33
0.6911111111111109     7336.518093532933      34
0.7544444444444445     7706.830625297634      33
0.7144444444444442     6975.402131196473      33
0.7455555555555556     6810.032649239564      31
0.6755555555555555     6437.358067559837      29
0.738888888888889     7483.198031038636      34
0.7433333333333331     7612.414873187478      34
0.7677777777777778     7825.953471806421      34
0.6733333333333331     6604.541978896919      31
0.7088888888888886     6828.874715777341      30
0.6755555555555552     6630.143512181743      32
0.7055555555555553     6408.246756972382      31
0.75     7335.785638392049      33
0.6711111111111111     5832.863594030873      30
0.7299999999999996     6876.41854427624      32
0.7711111111111114     8140.834858913107      35
0.6666666666666663     7776.433277144624      33
0.7188888888888886     8204.872219012876      36
0.6422222222222218     5707.201915554521      30
0.6866666666666664     8506.351516049093      35
0.7177777777777778     9570.328165541794      39
0.7777777777777781     9628.566909752568      38
0.7666666666666667     12327.664768081699      44
0.778888888888889     7836.38343383296      34
