0.5511111111111111     21629.50321321093      70
0.5177777777777779     20552.702947817892      67
0.6355555555555557     27982.627310398708      79
0.5888888888888889     27266.465683482766      79
0.5444444444444445     22245.433542490846      71
0.4833333333333333     19305.707787169424      66
0.5811111111111109     23361.740558883124      73
0.5033333333333334     19790.563099862033      66
0.6044444444444445     28005.411150813932      79
0.5644444444444446     24719.800269926065      74
0.5444444444444443     20832.431758623738      69
0.5833333333333333     25062.45173221799      75
0.52     25425.36654553276      76
