0.21888888888888886     5421.338490292852      34
0.1455555555555555     2705.085762148876      24
0.2166666666666666     5408.775030951174      34
0.18888888888888872     3863.880952010482      28
0.16333333333333322     3142.761307801648      26
0.14333333333333326     2648.5006667352477      24
0.21888888888888883     6274.589108713805      36
0.21444444444444438     5318.615085622551      34
0.20222222222222214     4649.267808278973      31
0.14333333333333326     2739.500837011655      24
0.18777777777777763     3622.763718823251      28
0.161111111111111     3072.1493949795263      26
0.18333333333333324     3294.532960181391      27
0.21222222222222215     5202.446588961445      33
0.2077777777777777     4765.429950641596      32
0.11888888888888881     2167.75551512625      22
0.22111111111111106     7399.585947192383      39
0.15777777777777768     2818.3517797965674      25
0.21111111111111103     5201.4549862906515      33
0.14444444444444438     2807.133505973682      25
0.19555555555555545     4183.874165637265      30
0.21444444444444435     5825.195544265257      35
0.20666666666666655     5449.797882024697      34
0.14333333333333323     2192.5733720305375      22
0.18777777777777765     4382.856982916397      31
0.2166666666666666     5991.730583570052      36
0.14444444444444432     2983.738426929134      26
0.21222222222222215     5514.219360413604      34
0.19999999999999993     4515.583754852152      31
0.21222222222222215     6106.447706217074      36
0.1344444444444444     2522.899643879683      23
0.20666666666666655     5801.1763016960085      35
0.19888888888888875     4779.284318718805      32
0.2055555555555555     5723.416077945557      35
0.1866666666666665     3341.4845860746605      26
0.20444444444444432     5726.813371234296      35
0.151111111111111     3100.2787220936975      26
0.21888888888888883     6297.103846494159      36
0.21555555555555547     6647.794733577221      38
0.20666666666666655     6455.427974451731      37
0.15777777777777768     3623.099968240172      28
0.20333333333333325     6256.929625933091      37
0.1999999999999999     4810.032397606763      32
0.19555555555555545     5065.476752115215      33
0.18333333333333324     3826.341528229407      29
0.13999999999999996     3774.9368553456175      29
0.20888888888888882     8304.410616517125      41
0.1755555555555555     4377.421632535736      30
0.161111111111111     5366.205253976381      34
0.1566666666666666     4545.876290094053      31
