0.22222222222222218     7646.252754066422      40
0.2177777777777777     6279.88196626277      37
0.15111111111111103     2379.142987611624      23
0.1677777777777777     2654.8387957767227      24
0.16555555555555543     2520.9869751418087      23
0.21666666666666662     6036.5099782484285      36
0.2166666666666666     6659.870120050517      38
0.22111111111111106     6704.856486915474      38
0.22222222222222218     7894.297737242598      40
0.1755555555555555     2884.0105733975197      25
0.2055555555555555     3947.9122066733157      29
0.2155555555555555     6313.28494678797      37
0.17222222222222214     3033.772959723227      25
0.11999999999999988     1968.6788884881937      21
0.22222222222222218     8712.846052934725      43
0.09555555555555546     1897.1248008203775      21
0.19888888888888884     3897.791696446055      29
0.09555555555555546     2076.495493777096      22
0.10888888888888879     2178.5922082934844      22
0.16555555555555546     2916.9071377743253      25
0.19666666666666652     3205.4801846923015      26
0.18444444444444438     3582.0240442040536      28
0.2166666666666666     7064.904543597529      39
0.16666666666666655     3285.9290079060456      26
0.1199999999999999     2350.8763219572184      23
0.22111111111111106     7409.285760428115      40
0.18666666666666654     3599.495105197617      28
0.18222222222222215     3555.2790737748946      28
0.21444444444444435     4014.3431005362736      29
0.16555555555555546     3033.5053747732677      25
0.2155555555555555     6415.635908351886      37
0.20666666666666655     6649.901478136707      38
0.2077777777777777     7350.311823789171      40
0.16333333333333322     2420.8448877755072      23
0.2233333333333333     8735.09325277699      43
0.20666666666666658     6724.637038659461      38
0.1722222222222221     3599.812434699448      28
0.14777777777777767     3133.010085074811      26
0.19777777777777766     3708.2170923050967      28
0.14999999999999994     3460.556482662306      28
0.14888888888888882     3309.177503949543      27
0.08111111111111105     2098.6217449229935      22
0.2055555555555555     4176.814311256624      30
0.14666666666666656     2764.311056793474      24
0.20555555555555552     7657.1176110963115      40
0.22111111111111106     7779.500196009588      41
0.18444444444444433     6266.968214051029      37
0.17666666666666653     3971.564327867473      29
