0.7533333333333329     14467.970131299458      46
0.8088888888888885     16977.16188397343      48
0.7788888888888884     16541.459890733793      48
0.7688888888888883     15580.294962803458      47
0.7288888888888883     14096.992088573656      44
0.8188888888888886     17660.181145461724      49
0.8211111111111108     18272.86392480688      50
0.8277777777777775     20111.97658942017      53
0.823333333333333     18275.955992304986      50
0.8255555555555553     18897.85268148684      51
0.8277777777777775     20133.69394110439      53
0.832222222222222     20825.47431424355      54
0.8255555555555553     19558.420770453948      52
