0.261111111111111     13424.921581114175      49
0.24777777777777765     12234.097130167715      47
0.2466666666666665     12233.667372926471      47
0.25222222222222207     12910.759332115585      48
0.25222222222222207     13503.492256635089      49
0.23333333333333314     12009.556086228959      46
0.23222222222222205     10773.009434795827      44
0.23666666666666647     12162.860964544021      46
0.24999999999999986     13125.476824741856      48
0.23666666666666647     12883.158701805993      48
0.24888888888888874     14783.063198866808      51
0.22888888888888873     11346.111263324658      45
0.23333333333333314     14182.21433963044      50
