0.7933333333333332     7259.564444759844      34
0.7877777777777779     7338.997806735847      33
0.7222222222222219     5625.266080243519      30
0.784444444444444     7134.136249892052      34
0.7577777777777776     6102.643284159597      31
0.8155555555555554     7955.942353397077      35
0.7888888888888889     7239.265476884464      34
0.7955555555555553     7451.086326476456      34
0.7977777777777778     7478.9406065166995      34
0.8055555555555554     7862.6214067497085      35
0.7711111111111109     6538.194989008884      31
0.7611111111111108     6120.327382090666      31
0.7999999999999997     7520.230530419403      34
0.7255555555555554     5663.870279501516      30
0.7733333333333331     6540.689764073272      32
0.8044444444444447     7604.192042268934      35
0.7544444444444443     5926.452295257103      30
0.7566666666666665     6055.710456497018      31
0.8077777777777776     7928.290651355893      35
0.7866666666666663     7134.267805832275      33
0.7444444444444441     5893.376895977644      31
0.7688888888888887     6274.582831005503      31
0.8244444444444446     9575.275298762012      40
0.7833333333333332     6573.990114723221      32
0.7611111111111108     6736.892039321758      33
0.7422222222222221     5735.340588884317      30
0.7066666666666663     5612.673265828371      30
0.8211111111111111     8552.153899204073      37
0.7799999999999998     7196.590809332372      34
0.8144444444444443     8283.038849759387      36
0.8177777777777776     8668.72204732953      37
0.8255555555555558     9734.644088056368      40
0.8244444444444445     9044.895707308162      38
0.8266666666666668     9839.159540067723      40
0.7933333333333333     7319.206074641201      34
0.6699999999999995     5839.938299306048      31
0.8311111111111107     10288.819465497341      41
0.8077777777777779     7949.448190327889      36
0.7911111111111108     7948.67234955666      36
0.8166666666666668     11007.28003128767      43
0.7688888888888885     6815.076848901587      33
0.7888888888888886     7451.957091413979      34
0.751111111111111     6206.755431130292      31
0.7266666666666663     5957.293711346366      31
0.8011111111111112     8385.486781239004      36
0.7311111111111112     7827.540087615519      36
0.7988888888888889     9067.43394539132      38
0.7155555555555554     5971.370846893517      31
0.8133333333333336     9165.326114883488      39
0.6277777777777775     4996.47195406663      29
