0.7744444444444439     6193.289304910825      31
0.7655555555555551     6185.075784596404      31
0.7311111111111106     5334.193119273482      29
0.7622222222222219     6169.426835609949      31
0.7544444444444439     5829.946418264317      30
0.7211111111111108     5086.141476682678      28
0.7522222222222217     5521.235286227303      29
0.8122222222222221     7081.952225478331      33
0.7244444444444441     5091.458416147676      28
0.7833333333333328     6622.393351785055      32
0.7788888888888887     6456.200856783363      31
0.7611111111111107     5862.922807883614      30
0.7066666666666664     4956.066229705594      28
0.7533333333333327     5710.665862680047      30
0.6966666666666664     4887.39355263193      28
0.7888888888888888     6841.17885147287      32
0.7311111111111107     5408.184427563661      29
0.7133333333333328     5276.426467725539      29
0.784444444444444     6663.41548790636      32
0.7011111111111107     4902.164241110337      28
0.6855555555555553     4697.406015059427      27
0.6744444444444437     4998.3292399731345      28
0.744444444444444     6094.255601946115      31
0.7999999999999997     7000.146485087641      33
0.8111111111111108     9350.995419738392      39
0.8077777777777774     9561.268190819275      39
0.7822222222222219     6936.713357211797      33
0.6733333333333327     5144.613737729792      29
0.7077777777777774     5156.274625738028      28
0.7344444444444438     5686.994095028325      30
0.8133333333333329     10340.20919335121      41
0.7999999999999997     7286.929721069329      34
0.7777777777777775     6387.371522451492      31
0.6299999999999998     4802.840482211547      28
0.7466666666666664     6441.834239798741      32
0.7322222222222214     5713.077302693088      30
0.791111111111111     8815.973086413576      38
0.7311111111111106     5616.298222852706      30
0.7255555555555552     5374.832997646834      29
0.7399999999999994     6372.47360124832      32
0.7144444444444442     5959.382687415133      31
0.8033333333333331     9911.09771030244      40
0.7622222222222219     6476.782544358199      32
0.6688888888888885     5614.011140256159      30
0.7444444444444442     6648.100291318454      33
0.7877777777777777     7018.533700070897      33
0.7444444444444441     7316.97562868168      35
0.7311111111111108     9005.959362057327      38
0.7099999999999996     6127.712634828672      31
