0.7888888888888889     6500.046879691949      32
0.774444444444444     6238.883146732445      31
0.7511111111111111     6719.848173537357      33
0.7422222222222219     5656.218750623853      30
0.7966666666666665     7186.355163002334      33
0.79     7418.262122966579      34
0.7711111111111109     6198.818730098117      31
0.7722222222222221     6913.73407186595      33
0.7255555555555556     5371.427744158931      29
0.7944444444444442     7084.873982801174      33
0.7744444444444442     6712.674916961134      33
0.7566666666666665     6124.2810154587105      31
0.7411111111111108     6232.701610781047      32
0.753333333333333     5892.354462339766      30
0.7766666666666663     6946.768383691455      33
0.7422222222222222     6580.378107253353      32
0.7511111111111111     6440.118145012822      32
0.7588888888888887     6196.297743088324      31
0.7033333333333333     5964.505907327729      31
0.7844444444444443     6978.819208385246      33
0.701111111111111     5806.508343143058      31
0.7977777777777777     7429.487042232291      34
0.7211111111111111     5311.25663201343      29
0.7677777777777774     6826.118327219566      33
0.6833333333333329     6486.346526579869      33
0.7888888888888886     6500.696950714288      31
0.7733333333333331     8200.239000700165      37
0.7899999999999998     6721.671629561292      32
0.7255555555555554     5339.700286896321      29
0.7555555555555553     6849.168904747036      33
0.8044444444444443     7907.697688865654      35
0.7877777777777777     7120.64418169433      34
0.7922222222222219     7052.841539911871      33
0.8066666666666665     7351.164599170432      34
0.7999999999999995     7198.410588989145      34
0.6522222222222221     4531.6695428206385      27
0.7344444444444441     5389.901233635765      29
0.6733333333333329     6059.480239281862      32
0.7466666666666664     5704.10338753868      30
0.6766666666666663     4592.84104512083      27
0.6511111111111105     5606.222617472571      31
0.6944444444444444     5393.925222823797      30
0.6944444444444443     5293.784190417743      29
0.7966666666666665     7804.214435008655      35
0.7299999999999998     6259.215342176031      32
0.71     4658.9597149798      27
0.7977777777777777     7916.436684771362      36
0.702222222222222     7818.66778563803      37
0.6477777777777777     4414.382702138189      27
0.7988888888888889     8420.029773464914      37
