0.7422222222222223     5618.012503024308      30
0.7755555555555553     6345.04074686598      31
0.7944444444444443     7210.637993081263      33
0.7899999999999997     7145.10764906893      33
0.7411111111111109     5388.632101845303      28
0.7622222222222219     5801.8373182912665      30
0.7288888888888887     5207.352847015326      28
0.8044444444444443     7249.602386921889      33
0.8077777777777777     7691.063253347186      34
0.7722222222222219     5973.250230571547      30
0.7733333333333333     6203.686419008136      31
0.71     4936.7224764312405      28
0.7811111111111106     6587.331833904301      32
0.7522222222222219     5632.563504233191      29
0.7299999999999996     6088.558783302439      31
0.8266666666666665     8459.798106515807      36
0.8122222222222223     8191.113394365499      36
0.8088888888888887     7838.245616669762      35
0.7999999999999999     8257.218106197135      36
0.722222222222222     5804.856196260511      30
0.6888888888888886     4482.94620757829      26
0.821111111111111     9425.80924813731      39
0.7155555555555555     5923.698403825018      31
0.8133333333333334     9272.133327368874      39
0.6444444444444443     4732.136983720782      28
0.5566666666666663     4247.955972401819      27
0.7955555555555555     7844.490805280203      35
0.7033333333333328     5035.0014740626575      28
0.6777777777777777     5601.095900111862      31
0.8255555555555557     11724.655385544278      44
0.7888888888888886     6778.030698872981      32
0.6655555555555555     5773.31428884522      31
0.7566666666666664     6266.752797025277      31
0.7899999999999997     7759.856223515202      35
0.7077777777777777     6714.43729954338      33
0.7488888888888882     7679.589096108126      35
0.808888888888889     9775.208547313481      40
0.6666666666666663     5839.301883390997      31
0.7833333333333331     9694.544238349312      40
0.7244444444444443     6980.9555317903005      34
0.6877777777777777     7275.227206479627      35
0.7333333333333332     7316.804878287274      35
0.7722222222222221     8394.773720584268      37
0.7499999999999999     8098.2450093156385      36
