0.7855555555555553     7084.8957145845625      33
0.7733333333333325     6789.747540032099      33
0.7688888888888887     7231.908555051696      34
0.791111111111111     7270.857612984738      34
0.7855555555555555     7552.47830836813      35
0.7755555555555552     7934.606687898326      36
0.7377777777777778     5907.969116043067      30
0.7377777777777775     5863.899117934382      30
0.7799999999999998     6962.678104000081      33
0.7688888888888887     7085.433580405635      34
0.7699999999999997     7865.692653336885      36
0.7733333333333334     6949.378076042067      33
0.7911111111111111     7842.316503831452      35
0.7888888888888884     7197.207642855354      34
0.7333333333333333     5948.953627381779      31
0.7477777777777778     6666.735894207403      33
0.7966666666666664     7519.196696042876      34
0.7799999999999997     7283.313011934716      34
0.7622222222222218     7727.756845216535      35
0.7555555555555551     6761.281968129901      33
0.691111111111111     4881.8494957139965      28
0.7455555555555555     5982.647839880817      31
0.7399999999999994     6671.200691026486      33
0.7522222222222222     6017.073790801384      31
0.7066666666666663     5611.376070433036      30
0.7644444444444443     6147.355556139362      31
0.7288888888888887     5646.573040288559      30
0.7255555555555556     5819.108909744673      31
0.7077777777777776     5470.617491025291      30
0.7288888888888888     5863.820572307554      31
0.7544444444444445     7083.3503474844365      34
0.7955555555555551     7417.948961000062      34
0.6966666666666665     4964.165346120616      28
0.6955555555555554     5503.330704211557      30
0.7344444444444443     6807.582776764711      33
0.784444444444444     6965.465213424524      33
0.6911111111111108     5421.690277940549      30
0.7722222222222219     6634.584598700792      32
0.7599999999999998     7589.08769063249      35
0.7188888888888885     5660.350143302552      30
0.6988888888888888     5538.439082367493      29
0.7666666666666666     6369.876655365985      32
0.6522222222222219     5826.4287901195685      31
0.7877777777777775     7944.948979244932      36
0.6777777777777777     4783.998464148036      28
0.8033333333333333     8149.9081177976595      36
0.6677777777777774     5032.924489142775      29
0.7755555555555556     8768.073484243725      38
0.6744444444444444     4595.474937818852      27
0.7944444444444445     9488.044213623973      38
