0.7433333333333332     6146.149482116649      31
0.7477777777777775     6147.08065075828      31
0.7488888888888885     6452.079104010363      31
0.7333333333333328     5489.096084637641      29
0.7077777777777776     6013.3743503161095      31
0.7     5555.104779938463      30
0.7433333333333333     6163.358652440286      31
0.7355555555555553     5273.744026659746      28
0.7066666666666666     4895.904457110079      27
0.6766666666666664     6119.7007605825      31
0.7222222222222218     5516.443067941382      29
0.7411111111111109     6200.269856007509      31
0.7577777777777776     6244.096276734401      31
0.7488888888888888     6492.058059604393      32
0.7366666666666667     6034.608591590303      30
0.7011111111111108     5606.004752764038      30
0.7044444444444441     5724.357616587073      30
0.6866666666666662     4501.749942259641      26
0.7099999999999999     4936.910607011022      27
0.6944444444444441     5998.772981472485      31
0.6844444444444442     5212.485725586764      29
0.7255555555555554     5162.43682157983      28
0.7622222222222221     6421.339178604837      31
0.7422222222222217     5888.92053077369      30
0.7322222222222218     6336.720258348521      32
0.721111111111111     4985.434954153607      27
0.6966666666666664     4806.006419225774      27
0.6777777777777775     5013.309652500751      27
0.7555555555555553     6526.77980740681      32
0.7011111111111107     6132.178292646072      31
0.6466666666666664     5499.795550496313      30
0.7099999999999997     5466.010831865246      29
0.6522222222222221     4269.239217821886      26
0.6999999999999997     4865.093924504558      27
0.6944444444444443     4555.053579306443      26
0.7466666666666665     5349.600029507646      28
0.6977777777777775     5421.345320193366      29
0.7355555555555554     5741.353448581733      30
0.7266666666666662     5272.221468329878      28
0.6755555555555555     4333.26653234693      26
0.7733333333333333     7040.995158423854      33
0.7711111111111107     6442.107177038661      31
0.645555555555555     4303.095412769415      26
0.6488888888888885     4485.429413907356      26
0.7611111111111112     6658.728570142538      32
0.773333333333333     6754.7859414660725      32
0.6566666666666663     4609.19661787192      26
0.7577777777777772     6939.580244836934      33
0.7466666666666663     7098.7733437093      34
0.6166666666666666     4929.879731147294      27
