0.936666666666667     17885.85809718201      50
0.9444444444444445     18540.7004452611      51
0.9400000000000005     17905.38756393334      50
0.9300000000000004     17250.893400581066      49
0.9522222222222225     19226.731611068906      52
0.9377777777777779     17896.444327553756      50
0.9477777777777782     18560.73954980683      51
0.9500000000000002     19441.324968136276      52
0.9544444444444447     21394.685685684883      55
0.9433333333333335     18767.507966440076      51
0.9600000000000004     23206.358103950137      57
0.9544444444444447     23130.82148641672      56
