0.9455555555555558     17265.778196620533      48
0.9455555555555558     17299.827267935718      48
0.9466666666666671     17473.155049706      48
0.9422222222222225     16735.780095176873      47
0.9300000000000005     16986.754413714305      47
0.9488888888888892     17855.483137945517      49
0.946666666666667     17515.976127192134      48
0.9511111111111116     18269.23400433677      49
0.9500000000000004     18018.61871411684      49
0.9500000000000003     18057.289719641965      49
0.9544444444444449     18826.013159753777      50
0.9544444444444449     18831.216037502185      50
0.9533333333333338     18623.434086678917      50
0.954444444444445     19547.827849108726      51
0.9611111111111115     21283.256741955127      54
0.9566666666666671     20624.4337168767      53
