0.8755555555555559     16115.788584802005      52
0.8733333333333337     16598.942370924487      53
0.8966666666666668     18085.8743035864      55
0.8866666666666669     16778.04580399131      53
0.8944444444444446     18060.747267906667      55
0.8933333333333335     17995.968229615988      55
0.8900000000000002     16880.813260505038      53
0.8922222222222225     17527.556645533656      54
0.8922222222222225     17944.19949913883      55
0.9011111111111113     19469.244612910414      57
0.8988888888888891     19343.61333972441      57
0.896666666666667     18138.686986866414      55
0.8922222222222225     18143.800359231216      55
0.8977777777777781     19492.391036125915      57
0.9011111111111114     21061.856127070834      60
0.9055555555555557     22448.850216729883      62
0.9077777777777782     23876.968361168045      61
