0.9111111111111115     20609.558903798465      59
0.9133333333333338     20680.76928358713      59
0.9066666666666671     19960.470317527714      58
0.9222222222222227     22914.097926757724      62
0.9133333333333338     20779.397781529475      59
0.9177777777777784     21613.203279689293      60
0.9222222222222227     23050.680084141284      62
0.9211111111111117     22183.54918873466      61
0.9177777777777782     21437.568060941765      60
0.9188888888888893     22245.310873242746      61
0.9211111111111117     22908.035811803195      62
0.9233333333333338     23982.088855464193      63
0.9222222222222227     23741.76793826645      63
