0.9233333333333339     24556.99426118606      64
0.9200000000000006     23669.961364205043      63
0.9266666666666673     25636.44059216907      65
0.9255555555555561     24700.13926204301      64
0.9233333333333338     23846.107709785738      63
0.9244444444444451     24901.866408654863      64
0.9233333333333339     24572.546717185396      64
0.9222222222222228     24043.532211080063      63
0.9266666666666672     25543.22858043377      65
0.9300000000000006     26832.49526242034      66
0.9222222222222227     23725.007004209747      63
0.9266666666666672     25600.326574772156      65
0.9266666666666673     25765.114239166836      65
0.9288888888888894     26411.096324264818      66
0.9244444444444451     25796.071674588682      63
0.9300000000000006     28167.921156520337      68
0.9266666666666673     26591.12319645516      66
