0.5122222222222221     6215.624899411102      35
0.5044444444444443     6302.757724886029      36
0.5644444444444446     9479.627446552402      43
0.46333333333333315     4986.179695045063      32
0.5566666666666666     8208.422331835933      40
0.47333333333333316     5270.791629621318      33
0.47888888888888864     5547.388193175502      34
0.4677777777777775     5480.92878891118      34
0.4355555555555552     4091.5971726765174      29
0.46777777777777757     5553.934732004773      33
0.4522222222222219     4580.668662465818      31
0.40666666666666634     4026.6748896520994      29
0.4866666666666664     5657.536145179202      34
0.49555555555555536     5707.692090826737      34
0.48333333333333317     5742.595986131268      34
0.4355555555555552     4842.23146529304      32
0.5644444444444445     9028.6186449645      42
0.4666666666666665     5367.020232184586      33
0.49111111111111105     5996.644878567748      35
0.49333333333333323     6042.500978853918      35
0.5611111111111111     8741.275637167086      41
0.5377777777777779     8534.85990160777      40
0.45222222222222214     5530.182197711841      34
0.541111111111111     9941.913735591019      45
0.4644444444444443     5582.097016600839      34
0.3933333333333332     4334.478062981377      30
0.4844444444444443     6005.615529266404      35
0.5122222222222221     6467.725006426101      36
0.5355555555555555     6669.297638325523      36
0.4744444444444441     5593.904371027212      34
0.4388888888888887     5501.777726715719      34
0.5166666666666666     9175.345226148798      43
0.5055555555555554     7019.456866200013      38
0.48111111111111093     5903.343395531629      35
0.49777777777777776     7729.5751992235855      40
