0.5099999999999999     6209.893905269483      34
0.5055555555555554     6134.89719081215      34
0.5588888888888891     9139.720750832354      40
0.5422222222222223     7023.169660368945      36
0.5655555555555555     9194.05405122874      41
0.5355555555555555     8230.321732517477      39
0.55     8385.392175257606      39
0.4022222222222219     4378.995415840257      30
0.558888888888889     8550.132214693196      40
0.422222222222222     4507.228488888111      29
0.5666666666666669     9693.406347365912      42
0.5444444444444445     8714.354893505026      40
0.46666666666666645     4518.3862929577535      30
0.4866666666666666     5616.2692705460495      32
0.5444444444444444     9605.496098973901      43
0.3288888888888886     4494.598956879465      31
0.41999999999999976     4922.6031083276275      31
0.47888888888888886     5665.143491025066      32
0.4866666666666665     5781.034220148298      34
0.48222222222222216     5967.22897060551      34
0.5444444444444445     9768.880986107653      43
0.3944444444444444     4689.93401203241      31
0.5422222222222224     9609.67063596591      41
0.5399999999999999     8117.046865545795      40
0.5333333333333332     6663.299130527379      35
0.5322222222222222     8527.190808515068      40
0.538888888888889     9633.10762362255      42
0.47777777777777763     5154.268606231067      31
0.5099999999999998     7505.945149143926      38
0.47222222222222204     4952.176425218789      31
0.5688888888888889     10904.55302641386      45
0.5199999999999999     8525.06414624777      41
0.5011111111111112     7447.217502991753      38
0.5311111111111111     8598.145798225327      40
0.4944444444444443     7530.469719220678      38
0.4588888888888887     5041.024125846689      32
0.39555555555555544     4972.037763153881      32
0.371111111111111     5742.674795317286      34
0.3588888888888887     5456.332286997734      34
0.5444444444444445     10089.238247573576      44
0.48777777777777775     6031.144264539883      34
0.49888888888888894     8641.59531764382      41
0.5233333333333334     8881.100146120452      42
