0.7374999999999994     1086.961194809134      17
0.7291666666666661     1103.6505165495234      17
0.7249999999999994     1088.563701026896      17
0.7624999999999994     1362.4878970729728      19
0.7583333333333327     1684.8272069602065      21
0.7041666666666662     973.5284973687675      16
0.7499999999999993     1212.0378776423229      18
0.7124999999999995     987.2942140600435      16
0.7499999999999994     1218.0076903169734      18
0.7416666666666661     1343.4389931198803      19
0.7208333333333329     1104.6253346395968      17
0.7541666666666661     1849.2270949851031      22
0.754166666666666     1533.5019621081653      20
0.7499999999999994     1352.4247600802332      19
0.754166666666666     1849.2937163923457      22
0.7416666666666661     1358.2862074524207      19
0.7041666666666662     1097.8938363755517      17
0.7374999999999994     1223.6208248010296      18
0.7499999999999993     1364.1370904970286      19
0.7624999999999994     1865.867854833453      22
0.7624999999999994     2041.5176917453277      23
0.7499999999999993     1429.319774161268      19
0.7624999999999994     2221.811382977367      24
0.7166666666666662     1190.8325891985507      18
0.7166666666666661     1145.1570870115845      17
0.7541666666666661     1870.0973955108652      22
0.7374999999999994     1558.781041096541      20
0.7208333333333328     1535.771269849752      20
0.7124999999999996     1183.9729831757056      18
0.754166666666666     2035.7042862774676      23
0.7166666666666662     1344.829803554083      19
0.7499999999999993     1564.3216888591624      20
0.7124999999999995     1555.509354862063      20
0.7416666666666661     1590.3174335933475      20
0.7374999999999994     1694.157566272618      21
