0.7333333333333328     1827.2427554262085      22
0.7333333333333328     1984.4533500302646      23
0.7291666666666662     1774.2626190844005      22
0.7499999999999994     2004.9382423585173      23
0.7249999999999995     1321.2711844470646      19
0.7291666666666662     1977.7152722824242      23
0.7333333333333328     1988.777621912447      23
0.7499999999999994     2162.6742363408753      24
0.7499999999999994     2174.8962395854455      24
0.7333333333333328     2185.772336984397      24
0.7291666666666662     1982.6909768566177      23
0.7041666666666663     1507.597603278789      20
0.7333333333333328     2208.008097812481      24
0.7499999999999994     2588.288629135534      26
0.7458333333333328     2365.649714953191      25
0.7249999999999995     1626.9296174638887      21
0.7249999999999995     1655.7124869220233      21
0.7333333333333328     2595.58284207174      26
0.7291666666666662     1993.0538002689466      23
0.7083333333333329     1643.4498805024627      21
0.7291666666666662     2171.1709243012574      24
0.7249999999999995     1803.2251924431623      22
0.7249999999999995     1813.8043731140185      22
0.7374999999999995     2614.402983477193      26
0.7291666666666662     2208.3027851714255      24
0.7291666666666662     2588.7914982408074      26
0.7041666666666663     1829.0141849039865      22
