0.9155555555555556     12397.039479132134      39
0.9211111111111108     12865.341537544937      41
0.9155555555555555     12562.245948997504      40
0.9211111111111112     12698.665319872493      40
0.8666666666666663     10404.164283380074      37
0.9055555555555556     12834.322348681007      41
0.9155555555555557     12187.568843985358      40
0.9199999999999999     12927.280019177957      40
0.9299999999999999     12975.028737739098      40
0.8999999999999999     12455.379462310591      40
0.9033333333333333     11428.81007248342      39
0.9177777777777777     12585.793765005792      40
0.8566666666666661     10307.703696192197      37
0.8944444444444445     11481.986777071723      39
0.9344444444444443     13293.19613902784      40
0.8866666666666667     12467.037230245334      40
0.898888888888889     12667.825058891836      40
0.9122222222222222     12363.041549159183      39
0.9288888888888889     13493.541886954594      41
0.8833333333333334     10747.747859819605      38
0.9288888888888888     13124.426821616416      41
0.9433333333333335     14246.74665597404      42
0.9033333333333334     11529.481223071076      38
0.8644444444444443     10629.945070697542      37
0.9433333333333335     13785.654320159856      41
0.8899999999999998     12984.358330277242      41
0.9466666666666668     14492.040884513452      42
0.8888888888888884     11518.535212212762      39
0.878888888888889     11209.749722287877      38
0.8899999999999999     11338.326197967881      38
0.9144444444444444     12185.233116122492      40
0.8888888888888888     10454.268535248591      37
0.908888888888889     15670.136080750244      39
0.8544444444444442     10690.572003551088      37
0.8933333333333334     13006.092198493096      42
0.9333333333333333     14368.477559628673      43
0.9222222222222224     12833.171554999795      41
0.8899999999999999     15584.519129127564      40
0.8533333333333333     10010.927015833026      36
0.8577777777777778     10863.029020940961      38
0.9466666666666667     14521.369632971782      43
0.9077777777777778     12161.828803818391      39
0.9533333333333335     19817.066117345777      47
0.9466666666666668     16887.44631312113      45
0.9477777777777782     18687.79640594572      45
0.8722222222222219     9825.549080769508      36
0.9466666666666669     17527.30003373224      48
0.9455555555555557     19868.283841763023      47
0.9344444444444446     19183.186932655684      47
0.948888888888889     15236.567050889487      44
