0.8811111111111108     10430.678760265933      37
0.8744444444444446     10624.462112985924      36
0.8977777777777778     11336.78001355467      38
0.9044444444444443     11308.838056881505      39
0.8755555555555558     10805.974091847123      36
0.9033333333333334     11274.889621933573      39
0.9055555555555558     12147.48379547492      39
0.8755555555555554     10708.4014196316      36
0.8811111111111111     10881.251351149687      37
0.8888888888888891     11119.157060732914      39
0.9088888888888885     11989.87553079949      39
0.9211111111111112     14198.418352781391      44
0.88     10597.35031992035      38
0.9022222222222223     10840.51896720343      38
0.897777777777778     11922.151179044387      38
0.8811111111111113     11832.304327628783      39
0.8899999999999999     11442.993646973455      40
0.8888888888888887     13294.855818725668      36
0.9277777777777776     13405.889076152993      42
0.9155555555555556     14212.297086323453      37
0.8455555555555552     9048.527713953845      34
0.8377777777777776     10840.035082243374      40
0.9199999999999996     12280.917306256993      40
0.8266666666666663     8925.483710957793      35
0.884444444444444     11133.736110503103      39
0.8366666666666663     10387.340818734168      37
0.8811111111111111     10586.405658236372      38
0.908888888888889     12196.248750670702      41
0.8966666666666667     11656.851705319847      40
0.9066666666666667     11321.712881565187      39
0.8711111111111106     9589.482753818911      35
0.8666666666666663     10203.904080545164      37
0.8766666666666663     10437.992128945569      37
0.9155555555555556     12096.646645892759      40
0.9266666666666669     13196.336680749228      42
0.8233333333333331     8749.246379322649      35
0.8466666666666662     9400.057124935547      36
0.9033333333333329     13865.269777195457      36
0.9099999999999999     11863.448290870072      40
0.7933333333333331     8272.823059519204      34
0.8544444444444443     10034.00428983614      35
0.8588888888888888     10314.72687142283      38
0.8588888888888884     9820.54451374499      36
0.9211111111111113     13114.945669205494      42
0.9322222222222225     13426.240423585954      41
0.8911111111111109     13939.593900688691      37
0.8055555555555555     11317.413087566661      39
0.8744444444444444     12486.197529678177      34
0.7944444444444442     9072.24019875477      34
0.8288888888888887     9044.72002971774      33
