0.882222222222222     10137.536021774378      39
0.8077777777777777     6630.735318168879      31
0.7777777777777777     6399.337789756879      31
0.7944444444444445     6747.71473891874      32
0.8955555555555554     11552.629111011403      41
0.7777777777777777     6729.605133176772      32
0.8833333333333332     10975.31624393946      41
0.8155555555555554     6820.854935548795      31
0.7644444444444445     5698.150838950312      29
0.8355555555555554     8415.998447840253      36
0.8133333333333331     6854.815955711257      32
0.8177777777777776     8080.329708310609      35
0.8555555555555553     8680.83237497379      36
0.8811111111111108     9588.734700786355      37
0.7811111111111108     6966.76757785086      32
0.8233333333333333     8458.006860389793      36
0.8322222222222221     8510.056834063076      36
0.832222222222222     8531.381431956823      36
0.8811111111111108     9862.615761684845      38
0.7644444444444445     6630.750326998347      32
0.8777777777777774     8962.444348528361      36
0.8799999999999999     10632.233020530413      39
0.721111111111111     4998.591487854681      27
0.8277777777777774     8831.917989577592      37
0.7566666666666667     5695.126123058695      29
0.8533333333333329     9129.951955353396      37
0.832222222222222     9358.773458709757      38
0.8511111111111109     10188.282118855897      38
0.8077777777777777     6982.862412101965      32
0.8033333333333333     7998.704216758949      35
0.7588888888888887     6969.507156096527      33
0.8899999999999997     11248.975216592626      40
0.8277777777777776     9619.632280800699      39
0.8166666666666665     8395.53810510505      36
0.8955555555555554     12009.879856817926      42
0.7399999999999998     5296.186612675806      28
0.8733333333333333     10774.633520698422      39
0.8799999999999999     11517.265775495334      41
0.7822222222222219     7408.327940940708      34
0.8466666666666665     10168.288829504974      38
0.8811111111111108     13154.761274324357      46
0.6999999999999998     5511.672562472197      29
0.8255555555555554     8818.552293275716      37
0.7611111111111111     8419.858347188992      36
0.842222222222222     9630.370646319434      37
