0.8511111111111117     16863.458873367625      47
0.8600000000000005     18561.695085077146      48
0.8555555555555562     17396.083596267243      47
0.8477777777777784     16346.204399891167      46
0.8522222222222229     17350.49736735613      48
0.8655555555555559     19738.3039660596      50
0.8588888888888894     18064.41126121168      48
0.8644444444444448     19844.17857470951      51
0.8566666666666672     18800.55155602068      49
0.8511111111111117     16889.285782663763      47
0.8466666666666673     16240.664300620248      46
0.8511111111111117     17420.414644537264      48
