0.8744444444444448     24282.102596608427      57
0.8522222222222228     20269.639570059822      52
0.8633333333333336     21093.170060903394      53
0.8377777777777782     18520.050265445505      50
0.8611111111111117     20655.917750953056      52
0.845555555555556     20009.993055391165      52
0.8611111111111117     21190.001701760237      53
0.8611111111111117     21256.082725426415      53
0.8533333333333336     20877.62625235964      53
0.8488888888888895     20498.93022428679      52
0.8700000000000003     21388.06679958909      53
0.8744444444444448     25072.206524787776      58
0.8711111111111115     21505.34508643412      53
0.8755555555555559     25309.108383550763      58
0.8755555555555559     26020.6819918432      59
0.8555555555555558     20912.296709478567      53
0.8366666666666668     20021.111164361155      52
0.854444444444445     21072.46378105846      53
0.8422222222222229     20646.606309956765      53
0.8600000000000007     21725.36118844341      53
0.8522222222222228     23624.03379423523      57
