0.9477777777777784     20535.870499305118      50
0.9488888888888894     21215.492329819233      51
0.9477777777777784     21079.807961475635      51
0.9511111111111117     22045.928474175853      52
0.9511111111111117     22610.165891003067      53
0.9500000000000005     21352.248528596036      51
0.9511111111111117     23826.5720814502      54
0.9511111111111117     26242.306103749437      58
0.9511111111111117     27726.946706513147      60
0.9511111111111117     28382.414062436146      60
0.9511111111111117     31861.191849362764      65
0.9511111111111117     34136.414818268306      68
