0.8611111111111113     13666.646916732618      40
0.8244444444444443     11169.563872306635      38
0.8722222222222222     13774.24960896377      40
0.8522222222222222     11831.73257765371      37
0.8555555555555554     13528.488700207616      40
0.848888888888889     13235.138048665749      41
0.8133333333333331     10642.5725436872      37
0.808888888888889     10888.707466448901      38
0.8822222222222224     16582.127168137773      44
0.8966666666666671     17909.697975469797      47
0.7844444444444443     9635.504945478364      36
0.7688888888888891     10077.94481917857      37
0.8355555555555554     11207.185251741625      36
0.8766666666666669     14265.342008110472      40
0.8766666666666667     15626.951028036137      43
0.8722222222222225     14345.66542104825      42
0.8466666666666666     12967.288971958118      42
0.8233333333333335     12455.254798373862      39
0.8777777777777778     16053.498567978928      44
0.8155555555555554     11101.629311691886      38
0.7611111111111111     9714.936227939244      37
0.8700000000000002     14138.144902286065      41
0.8088888888888891     10959.483834079667      38
0.8700000000000002     15494.66629001794      43
0.8066666666666665     12189.676842167612      41
0.8922222222222225     22468.972192930592      53
0.8533333333333337     14160.727771108473      42
0.8022222222222222     11157.700207995693      38
0.7888888888888889     10681.73217563446      38
0.8044444444444441     11917.788732256973      39
0.7822222222222222     12280.619391256354      41
0.8855555555555558     16407.20136311232      45
0.7633333333333331     10099.079444087136      37
0.857777777777778     14182.53530447955      43
0.8733333333333335     16366.751116961903      46
0.8700000000000001     15485.931237874174      43
0.837777777777778     12407.906357957198      40
0.8811111111111115     17555.68027219071      47
0.8800000000000003     19486.748587659433      49
0.8144444444444444     13029.492572026971      42
0.8399999999999999     13776.189965175969      42
0.7577777777777776     10230.831158005187      35
0.8588888888888889     15164.365986159713      43
0.86     18414.22154805926      46
0.778888888888889     10927.92166397525      38
0.7844444444444446     15792.8998036744      47
