0.7744444444444447     9246.849082936462      38
0.7844444444444447     10666.76861994515      41
0.7744444444444447     9261.9642756086      38
0.7888888888888889     10864.793917002466      40
0.7500000000000001     7508.772035506643      34
0.7800000000000002     10148.843808006694      40
0.7033333333333334     6058.139405722638      30
0.7844444444444445     10670.324775509465      40
0.7411111111111114     7767.232279018657      35
0.7933333333333334     11229.055317899343      41
0.7933333333333334     11006.489174594535      42
0.7633333333333335     8358.76460130809      36
0.7322222222222222     7320.333671657496      34
0.7811111111111111     10469.384525926465      41
0.7577777777777779     8184.987941589827      36
0.7677777777777778     9193.886294254517      38
0.6744444444444445     5746.133046160545      30
0.6677777777777774     6015.6783936035      31
0.652222222222222     5553.367864131633      30
0.6077777777777774     5065.708944080311      29
0.7277777777777779     6779.762053875577      32
0.7622222222222224     9158.654831811591      38
0.7955555555555557     12996.962036624946      46
0.7922222222222222     11180.545886869899      41
0.7333333333333333     7631.2789468985875      35
0.7533333333333332     8683.057458579073      37
0.6566666666666665     6139.791479928267      31
0.652222222222222     5554.9687221962195      30
0.7788888888888891     9699.637016461365      39
0.7155555555555553     6199.279341740515      31
0.747777777777778     7822.101773927917      35
0.7577777777777777     8724.114471119976      36
0.8166666666666668     18052.34440816226      53
0.788888888888889     11052.21568279938      41
0.7777777777777778     9382.016801990569      38
0.81     16225.494154126573      51
0.8122222222222226     16734.195503679955      52
0.7733333333333335     9214.11359291603      38
0.7022222222222222     7243.9022895163025      34
0.7911111111111112     11877.549002963056      44
0.7455555555555557     7880.2029594342275      35
0.7433333333333332     8227.561748636328      36
0.6533333333333331     6665.385853155665      33
0.7544444444444445     9654.782702183367      38
0.6955555555555557     7075.463644569955      33
0.67     7491.364395789961      34
0.7966666666666667     13564.241650982509      47
0.652222222222222     5619.580164262088      30
0.6777777777777777     7907.647963441218      36
