0.9677777777777783     32110.102156334477      58
0.9677777777777783     32583.667983739448      58
0.9677777777777784     28260.396584478356      59
0.9666666666666672     31349.02988366279      54
0.9622222222222225     30442.953207177823      55
0.9633333333333338     25084.772567352713      57
0.9700000000000006     31118.53011376678      60
0.9611111111111115     30301.354770481266      56
0.9655555555555562     32320.067039390426      56
0.9688888888888895     32884.80233992336      56
0.9666666666666672     27431.520210615545      58
0.9688888888888896     34768.01815615235      57
0.9711111111111116     34476.98570843153      59
0.9722222222222228     35317.4532263277      60
0.9733333333333338     37343.975388830884      60
0.974444444444445     38194.66141039594      61
0.9688888888888896     35052.32608711841      59
0.9688888888888896     35240.3709397129      59
