0.965555555555556     24497.104186215234      55
0.9544444444444449     21382.571171027346      51
0.9511111111111116     20806.525514327364      50
0.9633333333333338     23698.967012084613      54
0.9577777777777784     22017.263734374454      52
0.964444444444445     24005.000522461083      54
0.9611111111111117     23000.092530794147      53
0.955555555555556     21422.992823293844      51
0.9577777777777782     22090.06574525973      52
0.954444444444445     27428.248486516277      51
0.9622222222222226     23073.963231307207      53
0.9600000000000005     22394.756906988958      52
0.9177777777777778     24565.277330753346      49
0.9588888888888893     22606.51149035704      52
0.9622222222222228     23174.362535537944      53
0.9455555555555558     27951.717306186045      50
0.9377777777777783     23723.261797792282      50
0.9633333333333339     23788.830385238856      54
0.965555555555556     25116.379326509912      56
0.9600000000000005     28972.119892363287      53
0.9566666666666672     27479.895532908056      51
0.9666666666666672     25689.36033465866      56
0.9366666666666673     27254.72998681069      49
0.9588888888888896     30783.664496978927      52
0.9588888888888895     29737.28387561386      51
0.9555555555555559     28764.681620648335      51
0.9477777777777783     28109.784222229748      50
0.9700000000000006     34733.32922827255      59
0.9711111111111117     39742.79539612191      63
0.9711111111111117     43251.32791886493      67
