0.9688888888888894     29966.459048812903      61
0.9666666666666671     26774.43215134444      59
0.9677777777777782     27774.202779166604      60
0.9677777777777783     28956.432294661485      60
0.9633333333333339     29735.096131942075      56
0.9666666666666671     30957.923176304546      58
0.965555555555556     29880.28389608524      56
0.9677777777777783     31932.744533391848      58
0.964444444444445     30449.30779658146      56
0.9655555555555562     31600.633819187682      57
0.9700000000000005     33682.59012623712      60
0.9711111111111117     33737.7545176217      60
0.9700000000000005     33784.28361255001      60
0.9666666666666672     32482.929601713488      58
0.9677777777777784     32522.309627514605      58
0.9688888888888895     33526.301501081216      59
0.9711111111111117     36066.06681019925      60
0.9700000000000006     35171.765140398      60
0.9722222222222228     36299.096871969516      61
0.9711111111111117     34800.5311771787      61
0.9688888888888895     34267.378397286004      60
0.9677777777777784     34569.547106078804      59
0.9711111111111117     35977.69777240442      61
0.9733333333333339     36891.52803414009      60
0.9733333333333339     39270.41192489626      64
0.973333333333334     40232.13283564135      64
0.973333333333334     40508.867866542845      65
0.9744444444444451     41024.30465647056      65
0.9755555555555563     43413.67712335253      68
