0.9600000000000006     25628.616193754227      56
0.955555555555556     23340.6292240396      55
0.9600000000000005     24410.088122004097      56
0.9533333333333338     22414.49928822878      54
0.9577777777777784     23471.43023530015      55
0.9633333333333339     26729.286293216355      57
0.9611111111111117     25778.83084003336      56
0.9600000000000005     27934.657325794986      54
0.9555555555555559     28022.90830208289      54
0.9633333333333338     29477.231365388812      55
0.9677777777777784     31957.10020333591      58
0.9600000000000005     30249.789056359023      54
0.965555555555556     31432.07018631398      57
0.9600000000000006     29402.79272841321      55
0.9577777777777783     28611.029646703213      54
0.9566666666666672     31592.60074897637      53
0.9611111111111115     31051.312119767663      55
0.9622222222222229     32188.604917588695      55
0.964444444444445     31699.118040482965      56
0.954444444444445     29887.825397849345      54
0.9522222222222226     31446.651815025507      54
0.9566666666666673     32078.75947510542      54
0.9688888888888894     33771.40426636042      58
0.9666666666666672     32650.85014295825      57
0.9644444444444451     33664.65842402696      57
