0.9633333333333339     27812.730875579295      61
0.9611111111111116     27265.532008539958      61
0.9622222222222228     28253.11572864685      61
0.9466666666666671     28387.302372538557      59
0.9544444444444447     29363.794057860232      56
0.9666666666666672     31378.10357522065      63
0.965555555555556     29739.343845192117      62
0.965555555555556     30597.91336399418      62
0.9544444444444448     29493.020659003952      56
0.9611111111111114     32613.02112411207      60
0.9622222222222225     27469.490046504998      61
0.9600000000000004     26511.159524489172      60
0.9644444444444449     29222.99548743574      62
0.9522222222222226     28937.097016662523      55
0.9566666666666671     31796.883461835496      58
0.9566666666666671     31835.69312560252      59
0.9555555555555559     31336.186522084765      59
0.9633333333333337     28843.13770665894      61
0.9677777777777782     31591.52969509102      63
0.9644444444444449     29612.935917884584      62
0.9544444444444448     30655.599729415866      58
0.9688888888888894     32394.231875851063      64
0.9588888888888892     32368.94754561687      60
0.9600000000000003     32975.1222322763      59
0.9600000000000004     33270.10707283293      59
0.9622222222222228     32471.65312348458      61
0.9611111111111116     33538.21721042541      61
0.9588888888888893     32777.608414278424      60
0.9611111111111115     35004.15588559791      61
0.9644444444444448     36139.927640158436      62
