0.8166666666666659     2072.4627555257366      24
0.7874999999999993     1890.552906736423      23
0.8208333333333325     2074.565560648965      24
0.7416666666666661     1892.8306490832335      23
0.8208333333333325     2084.0531873826176      24
0.8458333333333324     2095.318839927082      24
0.862499999999999     2693.828199170996      27
0.8541666666666657     2290.5299991636366      25
0.8583333333333324     2480.8395899952657      26
0.8083333333333326     2063.2317869101266      24
0.8499999999999991     2279.296734694494      25
0.862499999999999     2897.874405994206      28
0.8583333333333324     2677.643747258367      27
0.8541666666666657     2480.032257981472      26
0.8666666666666657     5912.969814690095      39
0.8666666666666657     7173.2268399293025      43
