0.862499999999999     3025.5511013994387      29
0.8333333333333325     2395.3720255591543      26
0.8499999999999991     2607.869070595982      27
0.8458333333333324     2606.7564634025252      27
0.862499999999999     3031.089580522862      29
0.8416666666666658     2411.1503994923874      26
0.8458333333333324     2608.868568017135      27
0.8541666666666657     2802.4733084630957      28
0.8416666666666658     2584.8773148701403      27
0.8583333333333324     2804.192360539217      28
0.8666666666666657     3035.988932818825      29
0.8666666666666657     3261.265406769647      30
0.8666666666666657     3265.331418060965      30
0.8666666666666657     4021.6031282707813      33
0.8666666666666657     4064.216959259475      33
0.8708333333333323     4287.449996780715      34
0.8666666666666657     4232.795416896417      34
0.8708333333333323     7338.17348761181      44
0.8708333333333323     7646.6977010956925      45
