0.8541666666666657     1964.047705112216      23
0.8583333333333324     2142.9046945580094      24
0.8458333333333324     1777.378510477023      22
0.862499999999999     2352.2485969030213      25
0.8499999999999991     1948.9086182609733      23
0.8541666666666657     2121.9708432544085      24
0.8583333333333324     2165.4339474735607      24
0.8583333333333324     2367.1328129828335      25
0.862499999999999     3199.3506885766005      29
0.8666666666666657     7619.371962406608      45
0.862499999999999     7299.565859289917      44
0.8708333333333323     7993.934907849695      46
0.862499999999999     7623.069939460555      45
