0.7077777777777775     9510.408025225383      35
0.7099999999999997     8869.272603173207      33
0.6877777777777774     8888.023942129907      35
0.7555555555555551     12416.497830311102      41
0.7555555555555551     11341.764507371943      38
0.7311111111111109     9209.276797008733      34
0.718888888888888     8906.475964604833      34
0.7455555555555551     10313.413556592772      36
0.7299999999999998     10415.624669648376      38
0.7088888888888882     9450.201561995735      36
0.7422222222222217     10158.647244964468      37
0.7555555555555551     11599.61720154944      39
0.7599999999999996     10437.059395260774      36
0.746666666666666     9632.757129658941      34
0.7522222222222218     10695.62603082606      37
0.6922222222222217     9217.415384717935      35
0.6922222222222214     8127.654257246209      33
0.7877777777777772     11911.482568399826      39
0.6988888888888884     8310.883650774926      33
0.7844444444444441     11929.392880056865      39
0.7055555555555548     8571.04786338445      33
0.7111111111111106     8790.985344916548      34
0.7244444444444439     9100.519384271209      35
0.654444444444444     7301.048913808232      31
0.756666666666666     10843.399439956102      37
0.6444444444444442     7588.868575990958      32
0.7444444444444438     9540.703184422715      34
0.652222222222222     7094.72941514587      31
0.7355555555555551     12523.071332330695      42
0.6866666666666662     8902.305804917814      35
0.7555555555555551     12874.168930604403      42
0.7388888888888884     9505.41894101565      35
0.6866666666666668     8563.725395577281      32
0.7666666666666662     12422.175204361918      40
0.7177777777777774     9567.973212870054      36
0.753333333333333     11346.394824900073      39
0.6988888888888882     8261.36932656027      33
0.7644444444444439     11196.53463413809      38
0.785555555555555     12548.6864820465      40
0.734444444444444     11181.76271678471      38
0.7477777777777773     10118.745695688533      37
0.7211111111111104     10568.969981454655      37
0.7722222222222218     12499.20779372125      41
0.7522222222222219     12202.001070224629      41
0.7333333333333328     9911.838478131174      36
0.665555555555555     8280.53765245034      34
0.7788888888888885     11734.71579650065      39
0.644444444444444     7441.755617229794      32
0.6599999999999998     7926.962138808135      33
0.7944444444444441     13283.433189918946      42
