0.6844444444444441     8151.429357012364      32
0.6944444444444435     8424.537671072618      34
0.6877777777777775     8358.646645444001      34
0.6688888888888885     7662.530029599492      32
0.6833333333333333     7721.508480921117      32
0.7366666666666662     10249.754272484899      36
0.7377777777777772     10601.728731382645      36
0.7311111111111107     9771.050937636022      34
0.7455555555555549     10582.6356446256      37
0.7511111111111106     10648.621323276173      37
0.6844444444444442     8180.303038096642      32
0.6911111111111105     8385.126289647467      34
0.7155555555555551     8843.971997414912      34
0.6866666666666664     8115.193809264255      33
0.7133333333333328     8457.87697222349      33
0.6455555555555552     6956.733513790547      30
0.7611111111111107     11568.097807396567      39
0.7455555555555552     10776.913873664924      36
0.6666666666666665     7489.987913944039      31
0.7266666666666659     9319.503391640657      35
0.6577777777777775     7439.253873022302      31
0.6355555555555557     6700.352559715186      30
0.7544444444444443     11171.52725240624      37
0.6233333333333332     6770.89969887101      30
0.6066666666666664     6491.582705983552      30
0.7677777777777774     11814.841596747428      39
0.7599999999999991     12319.255788617484      42
0.7622222222222212     12669.559027838439      41
0.7499999999999992     11172.550219129758      38
0.734444444444444     9397.220666690779      35
0.7666666666666663     12686.015183982352      40
0.6355555555555557     7065.2222199670605      31
0.6944444444444441     8653.901079806325      32
0.7311111111111107     9798.373626526349      34
0.6733333333333332     7919.4729541730285      32
0.6966666666666664     10402.991560190232      37
0.682222222222222     8874.632630899228      34
0.7577777777777773     11724.451445789542      38
0.7366666666666662     11950.38349520878      39
0.6633333333333329     8245.838349992518      34
0.5877777777777774     7531.569184004726      33
0.6533333333333332     7625.663029611083      32
0.7311111111111107     10916.475619448252      37
0.5700000000000001     8719.937095633204      36
0.6477777777777773     63687.151180723275      37
