0.6044444444444442     6184.478176732164      29
0.6399999999999996     6987.993074617603      29
0.552222222222222     5602.161481556104      28
0.6644444444444444     7161.0047931078825      29
0.6899999999999996     7011.152177195645      30
0.7222222222222219     9110.072326314501      33
0.7166666666666663     8545.302459682134      32
0.6988888888888884     8517.336148533812      33
0.7388888888888885     9740.788742368577      35
0.6200000000000001     6272.960944317241      29
0.6988888888888883     8521.18547753244      32
0.7077777777777776     9067.270932324349      34
0.5899999999999997     5633.858077823358      28
0.614444444444444     6955.261578994125      30
0.6033333333333329     7062.073461301191      32
0.5588888888888884     5660.70230629345      29
0.6433333333333331     7622.255652092485      33
0.7433333333333325     10671.108264583634      38
0.5588888888888888     5965.683061051698      29
0.5888888888888888     6728.146115442178      31
0.7144444444444441     10395.844028590202      38
0.702222222222222     8667.25259531098      34
0.6833333333333332     9143.679634291699      36
0.552222222222222     5896.935305992735      29
0.7255555555555547     10833.915421713522      38
0.6622222222222222     7689.391487648784      32
0.49222222222222173     6158.403748513771      30
0.67     10677.350271679354      38
0.6333333333333332     7229.142250185928      31
0.5611111111111109     6772.588847762501      30
0.5877777777777776     6829.828676893345      32
0.5799999999999996     8812.725856937765      35
0.5688888888888889     8567.928452683744      35
0.6488888888888888     9183.865555279968      36
0.5899999999999999     8486.978007920301      36
0.7633333333333328     10960.06556940283      37
