0.6388888888888884     6460.618082258551      30
0.6866666666666663     7556.676986868687      30
0.7055555555555553     8119.582344775266      31
0.6699999999999995     7358.090071737428      31
0.7499999999999991     10372.379466160983      35
0.6999999999999995     7595.806759697853      30
0.7411111111111106     9555.535607840906      35
0.7722222222222215     10702.343405980804      35
0.7411111111111106     9901.075005217845      36
0.6455555555555555     6482.2666973372625      28
0.6688888888888889     7766.080775557999      31
0.636666666666666     6022.468715588306      27
0.6155555555555553     5822.236003436526      27
0.7566666666666663     11351.36595798309      38
0.755555555555555     11121.618591803825      37
0.6044444444444441     5903.906771578173      28
0.5888888888888886     5796.009295474438      28
0.7533333333333331     11392.724486427232      37
0.7533333333333331     12484.836456545592      39
0.6099999999999994     6422.211432842784      28
0.7388888888888885     8254.779609975723      31
0.747777777777777     10645.742535741712      36
0.7166666666666663     10183.342381718183      35
0.6922222222222217     7792.768644606073      31
0.6011111111111112     6334.5312615810235      30
0.582222222222222     5001.517574402722      24
0.6655555555555556     6471.65308179964      29
0.755555555555555     12508.968046290456      40
0.7499999999999991     10732.354228898654      36
0.7566666666666663     13672.631975940547      43
0.7099999999999996     9554.876331170193      33
0.5811111111111112     5048.089143463502      26
0.653333333333333     7451.210308352811      32
0.6299999999999998     7491.041380636926      30
0.5155555555555554     5028.86537927526      27
0.5277777777777773     5938.430042790832      29
0.6522222222222217     7359.751737909502      32
0.7355555555555552     10223.10523951219      36
0.6977777777777777     7962.221234707429      32
0.6266666666666664     7876.685203107482      32
0.7299999999999995     11331.651583035125      38
0.513333333333333     5921.40250222975      29
0.661111111111111     8545.133946894566      33
0.6377777777777772     7977.861253757441      31
0.7633333333333328     68334.28122340974      44
0.6222222222222217     6453.725683109102      29
0.7066666666666661     8807.889466176512      34
0.6777777777777776     11989.391739854851      40
