0.7299999999999999     8391.253559242412      33
0.7288888888888883     8396.579033516819      32
0.7277777777777775     7924.76944052096      32
0.752222222222222     10033.3884836565      36
0.7755555555555551     12401.163885294729      39
0.7733333333333331     11465.68281970613      38
0.7511111111111108     9825.086025551518      36
0.691111111111111     6937.358749963265      30
0.774444444444444     11859.607015854239      38
0.744444444444444     8545.909888156972      32
0.7777777777777773     12425.340777163921      39
0.7166666666666665     7481.675201387148      31
0.7399999999999998     9321.176801033747      34
0.6788888888888882     6776.175900878042      30
0.6344444444444444     5932.528147522238      27
0.6144444444444441     6053.169705312936      29
0.6833333333333332     7884.034808842739      31
0.774444444444444     12376.63046062022      39
0.6599999999999996     6858.710855208122      28
0.7066666666666663     8014.355186174814      31
0.7877777777777774     12227.006200127877      40
0.6555555555555551     7282.491582225744      32
0.7288888888888883     8533.304610334377      32
0.7511111111111107     9792.685989450736      35
0.7188888888888888     8324.50837181555      33
0.7122222222222223     7945.632584656928      32
0.7188888888888884     9231.226619076935      34
0.7511111111111107     9928.538727862166      35
0.6977777777777775     8416.207915912903      32
0.7044444444444441     8208.249003628987      33
0.7066666666666666     8562.797367702446      33
0.7688888888888886     10110.567117939903      35
0.682222222222222     8023.549296253098      33
0.722222222222222     9380.78010716484      35
0.7766666666666665     12754.414556573918      40
0.7199999999999998     10304.06592461768      38
0.7911111111111103     15967.190177781853      46
0.6544444444444445     6757.255782721625      30
0.7477777777777775     10857.340631848374      39
0.7722222222222219     11794.637467105125      39
0.6366666666666662     6161.61984265196      29
0.7155555555555557     8712.098172311367      34
0.7588888888888885     11341.98708405895      37
0.6499999999999999     9100.610639506816      35
0.7166666666666662     9324.626336700981      36
0.6888888888888889     10688.84310679967      37
0.7133333333333333     13584.782149689825      44
