0.7488888888888886     10412.07394333094      38
0.6433333333333331     6849.367762458114      29
0.6288888888888887     6406.413305196527      29
0.6233333333333332     6394.688689549905      29
0.668888888888889     7045.01631524023      30
0.7211111111111108     9110.296590162456      34
0.6377777777777776     6736.0514343239765      29
0.6333333333333335     6637.631449533251      29
0.6633333333333333     6954.996588714386      29
0.7455555555555553     9679.989180889084      35
0.7366666666666665     10433.357056482697      36
0.6044444444444445     6328.50772514006      27
0.6411111111111111     6477.631734179845      30
0.6188888888888886     6212.499934371313      29
0.6944444444444442     8191.83790122675      33
0.7711111111111109     11599.465542944918      39
0.7588888888888883     10473.908927644361      36
0.7133333333333332     8208.81150871229      32
0.7299999999999998     9415.34122055444      35
0.7366666666666664     9882.722682099144      37
0.6933333333333329     7494.970923485735      31
0.7711111111111107     11189.34057202849      38
0.6066666666666665     6033.435976009127      28
0.7588888888888885     11902.94352120338      41
0.445555555555555     5045.335844548889      27
0.621111111111111     6960.284447180026      29
0.7299999999999998     9591.241144068605      35
0.6622222222222219     6914.458973576537      30
0.753333333333333     12411.121842121805      42
0.7077777777777774     8729.13544340767      33
0.6288888888888887     7308.243798671856      31
0.7877777777777772     13737.612639586012      43
0.6822222222222221     8285.957408032735      33
0.7222222222222218     11167.397702363707      39
0.6477777777777777     8392.688280555112      34
0.7222222222222222     11571.824132173102      40
0.5933333333333332     5553.173587087529      27
0.7177777777777777     8941.326502117137      34
0.6855555555555553     9540.726631346466      36
0.7066666666666666     12140.43171822436      42
0.6944444444444441     9571.626981877589      36
0.6911111111111111     12369.759074200228      42
0.6244444444444444     7065.030424194288      31
0.6433333333333331     8634.653375661941      34
0.7033333333333329     64166.8079665262      38
0.6088888888888887     8513.45171846597      35
0.68     9200.795999186506      35
0.6077777777777774     6267.002773755203      29
0.5888888888888886     7438.122567793628      33
