0.9788888888888893     17410.941018345286      47
0.9877777777777783     18950.91623747884      49
0.9777777777777783     17725.143135462196      48
0.9877777777777784     18958.948488816048      49
0.9755555555555562     17126.74029937564      47
0.974444444444445     17119.585238771375      47
0.985555555555556     18061.338441479966      48
0.9855555555555562     18661.897886246687      49
0.9911111111111116     19643.49159390431      50
0.9811111111111114     18011.51000538236      48
0.9822222222222227     18019.21953116194      48
0.9900000000000005     19580.606273298083      50
0.9855555555555561     18338.494803738005      48
0.9822222222222228     18100.057479784897      48
0.9900000000000005     19746.46850255164      50
0.9922222222222228     21034.213636864704      51
0.9933333333333338     23384.00485519831      55
0.9922222222222228     21465.472036766016      53
0.9922222222222228     23001.678714670335      55
0.993333333333334     29186.415640516563      62
0.9977777777777784     34540.16963179733      65
0.994444444444445     34651.01441952348      65
0.9977777777777784     38768.28021244581      69
0.9977777777777784     41186.232378096785      69
0.9977777777777784     41555.14625486945      70
