0.9788888888888895     16581.20683593327      46
0.9744444444444449     16408.244772146016      46
0.9733333333333338     16399.300651445992      46
0.9766666666666671     16418.298634836596      46
0.9466666666666667     15693.306657765406      46
0.9711111111111116     15715.881813470403      45
0.984444444444445     17299.66630424423      47
0.9888888888888895     18074.849006577413      48
0.9911111111111117     18797.32588926277      49
0.9811111111111116     16932.74382259357      46
0.9866666666666671     18012.071043030148      48
0.9922222222222227     35280.105010381674      65
