0.993333333333334     23811.801459732767      55
0.9944444444444451     24613.09456358277      56
0.9955555555555562     24908.228678106494      56
0.994444444444445     24646.191430520917      56
0.9955555555555562     25054.116167270397      57
0.9955555555555562     25458.96727833666      57
0.9955555555555562     25599.453923920944      57
0.9922222222222228     26095.461393457867      55
0.9966666666666674     25728.127949510035      57
0.9955555555555562     25602.78389658869      57
0.9977777777777784     26588.256733473125      58
0.9955555555555562     25703.83206966681      56
0.9966666666666673     26618.736038650983      57
0.9955555555555562     25625.570755306482      57
