0.9788888888888894     18783.157482297185      50
0.9911111111111116     22676.960380918204      55
0.9855555555555561     19516.471888238302      51
0.9811111111111116     19513.345465185976      51
0.9800000000000004     19420.919322665788      51
0.993333333333334     23312.64414573256      55
0.9866666666666672     20266.176753966276      52
0.9888888888888895     21083.97853342828      53
0.9866666666666671     20172.978258020605      52
0.9800000000000004     19693.328089098573      51
0.9877777777777783     20323.564738939815      52
0.9866666666666671     20226.586558106857      52
0.9888888888888894     20990.164632858392      53
0.9900000000000005     21766.68796005305      54
0.994444444444445     42266.31638773815      73
0.994444444444445     43946.59562759982      74
0.9944444444444451     44085.12490893984      73
0.994444444444445     44263.29416644832      73
0.9944444444444451     44410.56688976195      74
0.9944444444444451     43821.75861667019      76
