0.9877777777777783     26710.455694578064      60
0.9811111111111116     26576.761840770647      59
0.9877777777777783     27067.84435740752      60
0.9800000000000005     24991.085290842475      59
0.9933333333333341     28103.4905074928      62
0.9955555555555562     29081.391342185987      63
0.993333333333334     27190.527605095853      60
0.9855555555555561     26191.958938664357      60
0.9877777777777783     27059.35111648611      61
0.9866666666666671     26312.428713491627      60
0.9911111111111117     27139.355964291743      61
0.983333333333334     26556.73344617302      60
0.994444444444445     28188.17936360792      62
0.993333333333334     28020.8931077364      62
0.9966666666666674     45308.043758739484      76
