0.20333333333333325     5418.442658484796      34
0.2033333333333332     5315.868138924436      34
0.2088888888888888     6503.885606519177      38
0.2077777777777777     6567.899561327813      37
0.2088888888888888     6591.578086506291      38
0.2022222222222221     5362.540194982075      34
0.18333333333333315     4162.176614706927      30
0.1766666666666665     3973.4076414060223      29
0.20111111111111096     5314.967939678023      34
0.20777777777777767     6179.944223199105      37
0.19888888888888875     4561.910563036406      31
0.1711111111111109     3967.6231452311235      30
0.19666666666666652     4950.25012863705      33
0.2099999999999999     7087.404539419796      39
0.20666666666666658     6500.234356086065      38
0.19999999999999987     5424.448981932471      34
0.20333333333333325     5690.791774945809      35
0.1699999999999999     3628.4048465785017      28
0.2055555555555555     5795.941508111399      35
0.1599999999999999     3949.6398701988874      30
0.1822222222222221     3991.8324805256234      29
0.20555555555555544     7019.982308386488      39
0.19777777777777766     5064.02785465519      33
0.1933333333333332     4250.69298389861      30
0.2033333333333332     6236.49861981116      37
0.18888888888888875     4203.080568007721      30
0.1944444444444443     5529.706153156517      34
0.2166666666666665     7154.516933832631      39
0.19444444444444434     5416.06265848292      35
0.19666666666666652     6259.366010723945      37
0.13555555555555543     3910.8729309110454      30
0.19333333333333316     5389.506571030412      34
0.14777777777777765     3926.096549086708      30
0.19222222222222207     5713.910756975718      35
0.20111111111111096     7287.504531856365      40
0.18999999999999986     5995.537990229596      36
0.18777777777777757     4290.956807039294      31
0.19222222222222204     6514.396306249827      38
0.18333333333333315     6187.724733674069      36
0.18111111111111095     5675.735885164233      35
0.2088888888888888     9782.301576677202      47
0.17888888888888874     7530.340870027678      41
0.1633333333333332     4160.932376631016      30
0.20777777777777767     7814.951587577372      41
0.19777777777777764     8992.390461482344      45
0.17666666666666667     4523.257681095671      32
