0.8333333333333334     19023.564825182635      55
0.8333333333333335     19067.345622499295      55
0.8166666666666668     17759.351550483556      53
0.8288888888888891     18411.574283305254      54
0.8311111111111114     19098.649962785592      55
0.8388888888888891     19964.597250422434      56
0.8411111111111114     21069.10210055782      58
0.838888888888889     19207.59568095653      55
0.838888888888889     19900.151299858677      56
0.8411111111111114     21217.265735128396      58
0.8411111111111114     21810.63580958118      59
0.8422222222222223     23084.4236831735      61
0.8411111111111114     22739.00155540533      60
0.8422222222222223     26651.378077713747      65
