0.7566666666666664     9545.933256012244      35
0.6777777777777777     5433.193295900451      26
0.6755555555555557     5886.962854409472      28
0.7699999999999998     10296.671647585319      37
0.7522222222222221     9748.379100794142      36
0.7788888888888886     10329.78320203066      37
0.7199999999999996     6590.064173577999      29
0.7222222222222223     7749.959480948179      32
0.761111111111111     10166.534570376434      37
0.5822222222222222     4812.305664516578      26
0.7533333333333333     9787.228192131277      36
0.782222222222222     10789.44276338991      38
0.6633333333333337     5519.953403040451      27
0.6977777777777773     6854.135931233225      31
0.572222222222222     4286.984296243838      24
0.6511111111111109     4992.933662804177      26
0.6333333333333333     6077.7381049863925      29
0.40555555555555545     3725.9923339688494      24
0.7688888888888886     10457.915068715065      37
0.6755555555555549     6265.619615895795      29
0.6611111111111111     6124.319398926394      29
0.7466666666666666     8474.546441243869      33
0.7011111111111108     7258.524498407045      31
0.6944444444444444     7532.609209280359      32
0.6822222222222221     7316.974196580259      32
0.7688888888888886     11291.622210977715      39
0.7011111111111106     7718.083306651486      33
0.6366666666666667     6305.902514798756      30
0.7555555555555553     10696.953172510639      38
0.6777777777777774     6987.041770649094      30
0.5333333333333332     4153.519268785149      24
0.4177777777777777     4212.13709266787      25
0.7255555555555553     7769.3381880404      32
0.7511111111111108     8897.55778711031      34
0.761111111111111     11540.418569441566      39
0.7377777777777775     8027.076767939886      32
0.7077777777777775     8643.930025733367      35
0.7133333333333333     9624.97380743014      37
0.5233333333333333     4660.315799703491      26
0.7722222222222218     13292.341951756027      43
0.6311111111111111     4882.931435215824      26
0.6922222222222223     8927.928304348694      36
0.7122222222222221     10416.544259318014      38
0.7488888888888889     11264.384878861156      39
0.6499999999999998     6402.71358624071      30
0.6577777777777779     6534.077609306944      30
0.652222222222222     6761.317370984725      31
0.6688888888888891     6853.759152586425      31
0.663333333333333     8962.776870135107      36
