0.7344444444444439     7532.2161009679985      31
0.7555555555555553     8861.781685707312      34
0.7255555555555551     7472.361033576005      31
0.7599999999999998     9411.2706568491      34
0.7622222222222218     10172.51532008445      36
0.7199999999999994     7265.522512178558      31
0.7522222222222219     8353.223331872292      32
0.7766666666666662     12730.30834106502      41
0.7433333333333328     8050.51903596641      32
0.6988888888888887     5551.161013628911      26
0.7577777777777776     9065.404619230005      33
0.7766666666666663     13207.91993572744      41
0.7799999999999997     12708.919271897455      42
0.773333333333333     11810.176337879391      40
0.6166666666666664     5532.791856453245      28
0.7755555555555554     12225.773484468      39
0.7733333333333329     10749.401029010753      37
0.7766666666666663     14782.75328333053      44
0.5377777777777775     5104.917866938207      27
0.601111111111111     5112.890036988389      26
0.5277777777777775     4630.880173808475      25
0.7677777777777776     12870.509321365043      42
0.7222222222222223     7828.85277510541      31
0.7666666666666665     11685.968994773928      38
0.7199999999999994     7972.82527651005      33
0.7655555555555551     13075.00848543735      43
0.5166666666666663     5088.535244373746      28
0.7688888888888887     13078.474927708488      42
0.752222222222222     11245.185874540304      38
0.6377777777777777     5705.146723350937      27
0.743333333333333     9087.538200400266      34
0.7766666666666662     14266.013996440854      44
0.7544444444444441     11601.22616192908      38
0.6733333333333335     6154.0023791437525      28
0.6122222222222221     5483.459637462132      26
0.6633333333333332     5771.687264583721      26
0.7711111111111107     15434.733956261942      47
0.7299999999999995     10154.207826396729      38
0.7655555555555551     13576.868496932459      44
0.7622222222222219     12471.808717242413      40
0.7155555555555551     6285.06690588927      28
0.6722222222222218     7425.277299881036      31
0.7355555555555553     13522.515630045154      43
