0.945555555555556     19270.906451899835      53
0.9377777777777782     18598.403537639846      52
0.9477777777777782     22609.6778747552      58
0.9277777777777781     17848.245704133195      51
0.9055555555555557     16917.263441003084      51
0.9355555555555558     18509.85201311483      52
0.9266666666666669     17793.540804893382      51
0.9400000000000004     19280.03075943903      53
0.916666666666667     17078.747733087253      50
0.9266666666666669     17806.041106198434      51
0.9344444444444447     18468.184395524204      52
0.9311111111111112     19148.496093956863      53
0.8977777777777778     16516.98631151092      50
0.9388888888888892     19257.417639068695      53
0.9200000000000002     17460.328347302235      51
0.9311111111111112     19446.949271723286      54
0.9244444444444446     18915.368156264376      53
0.92     17412.44447482191      51
0.9344444444444447     19750.62140987897      53
0.9466666666666671     20567.66538252974      55
0.928888888888889     21763.60740742511      56
