0.9633333333333339     25392.116392291326      60
0.954444444444445     24409.82463020407      59
0.9622222222222229     25329.88313260482      60
0.9666666666666673     27682.237969274338      63
0.9622222222222228     26036.39630597318      61
0.9533333333333338     24313.08522956552      59
0.9522222222222227     23586.70283448515      58
0.955555555555556     25008.357730369848      60
0.9633333333333339     26117.508314393748      61
0.9600000000000006     25134.750672425114      60
0.9666666666666673     27843.422182037975      63
0.9611111111111117     25274.50390178685      60
0.9644444444444451     26175.29400294189      61
0.9611111111111117     26909.37648309458      62
0.9600000000000005     26731.499732037966      62
0.9633333333333339     27542.57732645005      63
