0.5633333333333334     5608.446733731262      31
0.6077777777777774     5113.837976483923      32
0.5633333333333332     4925.786149026638      32
0.6166666666666666     6168.735249113671      35
0.5388888888888886     4506.239540262147      31
0.5299999999999999     4357.13828285397      30
0.6333333333333327     6898.644902515672      35
0.518888888888889     4670.567021357127      28
0.6055555555555552     6131.017237923704      32
0.5633333333333337     4431.894308653961      29
0.5344444444444443     4122.04118478725      29
0.5100000000000001     3972.4861494297693      29
0.5222222222222224     3978.9631232444663      29
0.5600000000000002     4916.488423213931      32
0.5688888888888887     5632.70504396749      31
0.6144444444444443     6067.090063974275      35
0.5266666666666667     4334.052706726893      30
0.6077777777777775     5816.568608371982      34
0.4499999999999997     4135.114126783237      30
0.5766666666666663     5010.027935084745      32
0.5399999999999999     4578.026629684918      31
0.5166666666666664     4239.692718500582      30
0.5800000000000001     5133.382199165353      32
0.5677777777777775     5242.864686064965      30
0.44222222222222207     4032.3756680986767      30
0.4711111111111108     3471.0365094687672      27
0.6055555555555553     5105.13485508093      32
0.5866666666666666     5584.212894470093      34
0.5633333333333332     4670.376565731292      31
0.6311111111111111     6198.35328559748      35
0.6177777777777774     5838.486134841059      34
0.5055555555555555     4476.888421680108      31
0.548888888888889     4833.364614533043      28
0.59     5912.478528191531      35
0.5533333333333333     4356.856613972172      30
0.5611111111111111     4862.095358153873      28
0.5299999999999999     4089.347645129931      29
0.5999999999999996     6596.025483347863      34
0.5533333333333333     4612.169579127662      31
0.57     6408.565298825666      34
0.5711111111111111     5059.408842953492      32
0.5377777777777779     4725.769270858742      28
0.6133333333333331     6228.361083396929      33
0.59     5404.732945186442      33
0.45444444444444426     3427.7883665693653      27
0.46888888888888863     3422.66969923388      27
0.6166666666666665     6528.145239690592      37
0.42999999999999977     3809.620906553698      29
0.4788888888888886     4186.526259986635      30
0.6355555555555551     6320.913690832416      36
