0.8855555555555555     9259.384099471947      38
0.8922222222222221     9793.884662216475      39
0.8411111111111111     6356.087819057546      31
0.7666666666666666     4906.3802363245595      28
0.8522222222222223     6645.498125691369      31
0.8566666666666669     6865.022513600585      32
0.8833333333333334     8216.47294654355      35
0.8266666666666668     5285.148892256652      28
0.7455555555555553     4880.759632268577      28
0.8377777777777778     5713.330831041255      29
0.881111111111111     8434.191290851495      36
0.841111111111111     6033.994562551789      30
0.8477777777777779     6407.519184280242      31
0.8933333333333333     9935.062107937252      39
0.8866666666666667     9342.196543250711      38
0.8888888888888888     9631.914706302668      39
0.8133333333333334     5170.213407462596      28
0.8644444444444443     7133.793949819797      33
0.8766666666666666     8179.686052792848      35
0.8044444444444444     4979.23838907904      27
0.8644444444444445     8621.60521905372      37
0.7888888888888889     5425.599925028863      29
0.8655555555555553     8859.303155320273      37
0.722222222222222     4646.312308706419      27
0.8555555555555555     6735.352980059925      32
0.8477777777777779     8229.008148669433      36
0.724444444444444     4903.343198138286      28
0.6299999999999994     4537.947012374484      27
0.8777777777777778     9320.276852515377      38
0.887777777777778     10036.447340044675      39
0.7688888888888888     5981.381557589193      31
0.878888888888889     10746.865802115672      42
0.6899999999999994     5289.238697033386      29
0.8377777777777775     8139.418138702811      36
0.8355555555555557     8800.075964297912      38
