0.8500000000000001     6704.435582758906      32
0.8466666666666669     6572.660205257733      31
0.8477777777777779     7282.922070565698      34
0.85     6686.44542436624      32
0.8355555555555556     5933.315561418767      30
0.8111111111111112     4879.154181807499      26
0.8366666666666669     6631.325759177342      32
0.8022222222222222     5028.942473814995      27
0.8033333333333335     4866.569839586608      26
0.8522222222222224     7099.293693378782      33
0.8533333333333336     8115.667913060893      35
0.7899999999999997     5164.33448366375      27
0.8611111111111114     7091.223305753589      32
0.801111111111111     5636.296832380919      29
0.8022222222222223     4569.992136623643      25
0.8611111111111112     6798.2111674257885      32
0.8544444444444445     7300.932582623028      33
0.8288888888888888     5508.885670693016      29
0.7677777777777778     4412.874245141592      25
0.8077777777777779     5686.340280298762      29
0.7822222222222222     5010.337585456018      27
0.8455555555555558     8194.277813332646      36
0.8211111111111112     6021.773717420405      31
0.774444444444444     4946.292812336695      28
0.8333333333333334     6124.386797150738      31
0.8377777777777777     7431.833618393169      34
0.88     7228.581708902429      33
0.8477777777777776     7781.820992290959      35
0.8477777777777777     6568.46339781751      32
0.827777777777778     6202.5557754359925      30
0.8433333333333334     8947.282089622902      38
0.8288888888888888     8131.575169351227      36
0.7677777777777776     5016.734835391474      27
0.8433333333333335     6732.675140921486      32
0.8022222222222222     7207.549306621783      34
0.8288888888888889     5899.747758377237      29
0.7877777777777776     6705.695402577716      33
0.7899999999999998     5931.5473459629275      29
0.8600000000000002     8423.607563113026      36
0.8433333333333333     5880.341309175532      30
0.8111111111111113     4951.882481156166      26
0.8277777777777778     7422.963965540787      35
0.7977777777777775     5989.489415233126      31
0.7988888888888888     5363.542649717913      28
0.868888888888889     7944.399270810996      34
0.8666666666666669     7799.508477930453      35
0.7644444444444443     4659.131874140953      26
0.8444444444444448     6541.540374445993      31
0.858888888888889     6986.496220598882      33
0.8200000000000001     5226.612259417534      27
