0.12333333333333324     10406.97430772726      48
0.16333333333333316     12562.698033052344      53
0.12555555555555542     11356.266192398047      50
0.13777777777777764     11678.5382966217      51
0.13999999999999985     11737.30550494183      51
0.1655555555555554     13717.0310129603      55
0.16444444444444428     13105.941408681494      54
0.15888888888888875     12151.741357638753      52
0.16333333333333316     12652.530371907256      53
0.16333333333333316     13558.728918384068      55
0.15222222222222212     12274.137594509435      52
0.13777777777777764     11746.298872307903      51
