0.8744444444444446     8997.894373409246      31
0.8866666666666669     9455.191800250574      33
0.8811111111111113     9062.565624478038      33
0.8777777777777778     8758.560156262794      32
0.8777777777777779     8971.459966110006      32
0.8988888888888892     10388.74867182737      33
0.8611111111111112     9670.942476197279      33
0.8744444444444445     8522.330765339939      31
0.8822222222222224     10427.267047978543      36
0.8955555555555559     10349.397265500793      34
0.8199999999999995     7321.823534426689      30
0.9033333333333339     11856.404164480393      36
0.8755555555555556     9149.715634806307      31
0.8711111111111111     8824.26058842341      30
0.8766666666666668     9361.282171034167      31
0.8933333333333335     10239.133162910279      34
0.8922222222222225     9637.707425004648      33
0.9000000000000004     11083.499725212476      35
0.8866666666666667     10450.68769169248      34
0.8211111111111108     7080.083014303192      29
0.8622222222222222     8516.759259221984      32
0.907777777777778     12058.267224558125      36
0.8688888888888892     9856.815502724452      33
0.878888888888889     8993.867655071595      33
0.8099999999999999     7448.326494701793      29
0.8588888888888893     9103.144409632476      31
0.8855555555555557     9093.156214286377      32
0.8044444444444442     7119.203144682565      29
0.8933333333333335     10040.815943861699      34
0.88     9478.047506365947      34
0.8700000000000001     10021.543985953129      36
0.8577777777777774     8786.995362945081      33
0.8611111111111109     8247.334418564269      31
0.8533333333333332     7753.425676491956      30
0.9044444444444447     11472.827204641824      35
0.9033333333333334     11429.01640065085      36
0.8177777777777778     7392.819643072261      28
0.832222222222222     7537.414036185668      29
0.794444444444444     7237.286726839644      31
0.8511111111111107     7858.303347077519      30
0.8466666666666666     8237.038752491335      29
0.8422222222222222     8625.377647674373      32
0.7811111111111111     7079.453739550642      29
0.8877777777777781     11759.126529496807      39
0.9055555555555558     12482.788863295173      35
0.8533333333333335     11026.810153179562      37
0.7544444444444443     6797.584757354127      29
0.907777777777778     14010.581309014739      40
0.7488888888888887     6289.140282765188      28
0.9222222222222225     15141.362849933796      41
