0.8744444444444445     8504.826990571522      32
0.8944444444444447     10186.53806349078      33
0.8777777777777778     9039.906043189561      33
0.8977777777777781     10231.301702667171      33
0.896666666666667     10273.135993868857      35
0.8844444444444446     9668.988945546207      33
0.8955555555555558     10061.15808616685      33
0.8733333333333333     8886.032843517742      31
0.8977777777777779     11763.226824574687      36
0.8833333333333334     8807.120340557907      32
0.8755555555555559     10048.804068787644      34
0.8944444444444447     9794.099972143811      32
0.8577777777777779     8777.86390287528      33
0.8744444444444445     9004.7916474034      31
0.8966666666666668     10129.701564874102      33
0.8766666666666666     9054.941008492193      31
0.8844444444444447     9414.354969877508      32
0.8788888888888889     9441.210798852573      34
0.9033333333333335     10308.293695384853      33
0.8777777777777778     8727.753395491938      32
0.8877777777777779     9605.157272955828      32
0.9044444444444447     11053.564045759513      35
0.9055555555555558     12411.960806866464      38
0.8844444444444446     9393.382493019948      32
0.9055555555555557     11713.85185510398      35
0.8988888888888891     10244.983737247785      35
0.8777777777777777     8533.141303140957      32
0.8888888888888888     10830.478754073609      35
0.888888888888889     9231.840668878916      33
0.8944444444444446     9589.612769706377      33
0.8644444444444443     8489.281978415047      30
0.9033333333333337     11192.72707215898      35
0.8811111111111112     9584.734730061255      33
0.873333333333333     9086.712771060613      33
0.9077777777777779     12471.127702652715      37
0.8633333333333335     9018.840815154692      33
0.8655555555555554     8112.814433271757      31
0.89     10024.44877169076      35
0.8588888888888887     9507.870155521812      33
0.8688888888888888     8285.391900848748      31
0.8866666666666667     10797.597638139356      37
0.8977777777777779     10204.953058868146      35
0.8788888888888889     8769.819059340967      32
0.8577777777777779     9471.6455828567      34
0.9022222222222225     11885.559059809262      35
0.9033333333333337     10417.019535759677      33
0.8499999999999999     8083.631980404375      32
0.9022222222222225     11576.848164913468      38
0.9077777777777781     11023.470223331165      36
0.8833333333333334     9148.15138028385      31
