0.9000000000000004     10826.342928788088      35
0.8911111111111115     9810.36242862277      31
0.8966666666666672     10791.27385504675      33
0.8922222222222224     9771.269774097065      34
0.8733333333333334     8618.723597290404      32
0.896666666666667     10758.985772296992      33
0.8766666666666669     8632.349961400585      32
0.895555555555556     9903.993374826981      33
0.821111111111111     7244.754221674914      30
0.887777777777778     9193.98063266111      32
0.8722222222222222     7956.962295901584      30
0.9066666666666671     11763.473803696057      35
0.8988888888888893     10349.52143685732      34
0.87     8612.326280161778      32
0.8622222222222223     8767.800153081444      33
0.8922222222222226     9888.000943462224      32
0.8911111111111115     9224.433464813203      33
0.9111111111111114     12554.344582858464      37
0.9044444444444447     10998.120308530799      34
0.8833333333333336     8942.696931245324      31
0.9055555555555559     12007.022936262847      38
0.884444444444445     10507.223002716915      35
0.8111111111111111     7086.867186792629      29
0.8777777777777779     10040.558377793508      33
0.9077777777777781     12268.200760776685      37
0.9111111111111112     13167.053930207312      38
0.8622222222222222     7552.599817057642      29
0.8388888888888888     7465.312105374154      30
0.8800000000000002     9593.747435079378      34
0.8733333333333333     10498.056541218915      34
0.8922222222222225     10762.269726864923      35
0.7833333333333331     7021.748145277803      29
0.8711111111111111     9451.530503989074      35
0.8833333333333335     10003.930161428672      35
0.9077777777777779     13328.477477887174      39
0.8722222222222225     9777.431390066025      35
0.9022222222222226     11632.07543880138      36
0.8566666666666669     8290.3725129517      32
0.9100000000000003     18687.27321854807      42
0.8144444444444444     7878.368712988245      32
0.802222222222222     7262.251868941457      30
0.8644444444444446     9922.28762024231      34
0.8711111111111114     9849.538447704943      35
0.9011111111111115     10877.045965044244      35
0.8711111111111113     10160.259813727416      32
0.8955555555555559     11430.20723000592      37
0.8822222222222224     10988.87244659825      35
0.8144444444444444     9381.134675475323      35
0.8811111111111112     10669.121906735278      34
