0.8644444444444445     9697.802664924568      29
0.8855555555555558     9324.699240104585      33
0.8900000000000006     9731.197761685256      33
0.8711111111111113     8919.490193436473      32
0.8855555555555559     9692.88161523669      34
0.8444444444444446     7365.154012203358      29
0.8844444444444448     9305.050661669917      32
0.8655555555555557     8687.054135883845      32
0.8666666666666667     8484.924283548617      31
0.8433333333333335     8618.652479918554      33
0.8722222222222226     8710.936923667477      31
0.8444444444444446     7272.143918069612      30
0.8644444444444447     9243.483063171514      33
0.8688888888888892     8673.341140943568      31
0.8477777777777777     7440.963094372767      30
0.8600000000000002     9168.05159782354      33
0.8333333333333331     7217.146986896462      30
0.8911111111111113     9816.760795177997      32
0.8888888888888894     9631.890393377653      34
0.8544444444444446     8290.77708277308      31
0.837777777777778     8608.474713280197      32
0.8666666666666669     8438.637160244181      32
0.8266666666666664     7212.909167420824      29
0.8211111111111111     7020.026264944066      29
0.8422222222222223     8530.003316259255      33
0.8911111111111113     10495.603968655429      34
0.8633333333333335     7603.803932321637      29
0.8477777777777777     8867.863730759385      33
0.8244444444444444     7167.717779549259      30
0.8922222222222226     10048.130079244582      34
0.8844444444444446     9047.890405029148      31
0.8788888888888894     8785.634977406608      32
0.8922222222222225     10934.030672165263      36
0.86     8262.254289538694      32
0.861111111111111     10207.26842904452      32
0.8133333333333332     6917.782975329838      29
0.8866666666666669     9706.183377841757      33
0.8911111111111112     9733.89185922344      33
0.8066666666666665     7365.780877295777      31
0.8866666666666672     9576.077464523281      34
0.7988888888888885     8659.362312857087      32
0.8466666666666667     7830.998956832405      30
0.8733333333333335     9777.157060309135      34
0.8855555555555557     9377.698251152562      32
0.875555555555556     8755.630588546393      31
0.8144444444444444     7413.950359380327      30
0.8577777777777778     8923.455584004425      31
0.8377777777777777     7667.351386144816      29
0.8711111111111111     10037.00855818259      30
0.8311111111111111     7290.9831161494585      29
