0.8966666666666667     13137.794361565442      44
0.8755555555555553     12531.50148902214      43
0.8511111111111108     11292.06399284226      42
0.8688888888888888     11885.680325467307      43
0.8799999999999999     12279.738954725313      44
0.8511111111111108     11756.899068747522      43
0.8511111111111108     12090.828197997482      44
0.8799999999999999     12329.897608565365      44
0.8977777777777778     13203.428057709276      44
0.89     12491.567286688429      44
0.89     12944.353410557615      45
0.9044444444444446     14174.627120450401      46
0.9022222222222224     13527.982999970709      45
0.9044444444444446     14206.46718633778      46
0.9044444444444446     14659.532442305775      47
0.9044444444444446     15807.420122214768      46
0.9044444444444446     15098.145269453657      48
0.9044444444444446     15820.188778408838      49
0.9044444444444446     16261.606986376019      50
