0.1166666666666666     2813.2317997439163      24
0.11111111111111105     2753.46082524899      24
0.1477777777777777     5158.74156206167      32
0.14999999999999997     5303.261199978273      32
0.14999999999999997     5535.155912896924      33
0.09666666666666665     2084.3038147428956      22
0.14888888888888885     5822.113222306298      34
0.1477777777777777     5228.5282822579575      32
0.1466666666666666     3780.0233384825033      27
0.13111111111111107     3430.8321957363933      23
0.14999999999999997     6058.014767313638      35
0.09666666666666665     2267.912510782083      23
0.13777777777777772     3115.4222327578436      25
0.12666666666666662     3477.094816431623      27
0.1266666666666666     3471.6243457237847      27
0.11777777777777773     3530.362274500045      24
0.1477777777777777     5438.738770961629      33
0.1455555555555555     3507.677646157882      26
0.11666666666666661     2851.209466240806      24
0.14333333333333328     4915.893570815131      32
0.13777777777777772     4242.597451204163      30
0.14333333333333328     4949.092087205921      32
0.1388888888888888     4309.610811184483      29
0.1477777777777777     5506.5972650019285      33
0.11444444444444438     2808.7108951407104      25
0.07666666666666665     2830.775005200173      22
0.1388888888888888     5017.055776070305      32
0.14999999999999997     6310.491186228733      36
0.14999999999999997     6757.471908567847      37
0.1366666666666666     4518.9893674620635      28
0.11666666666666661     3641.360777824086      28
0.09666666666666665     2552.456462773377      24
0.12333333333333325     4882.831590855227      33
0.11333333333333327     4764.186299395266      32
0.10888888888888884     2716.557890917253      24
0.1466666666666666     5076.9701705205125      32
0.13777777777777772     5051.5277301591295      33
0.11222222222222217     5023.2245754726455      30
