0.14111111111111108     3533.308345624407      27
0.12999999999999992     2936.821831338123      25
0.12999999999999995     3032.8415572620925      25
0.09666666666666662     2204.119423842646      22
0.15111111111111106     5275.663616939354      32
0.11999999999999997     2850.354916473019      24
0.1166666666666666     2656.5410604937124      23
0.13222222222222216     3286.764000953207      26
0.09666666666666662     2401.290759737652      23
0.13333333333333325     3329.61212503263      26
0.15111111111111106     5524.884871230566      33
0.12999999999999992     2965.3917387439687      25
0.13888888888888884     3456.2667374391235      27
0.11555555555555554     2682.064538081601      24
0.15111111111111106     5902.162875131881      34
0.10444444444444441     2549.0163464437105      22
0.14999999999999997     5609.905319835251      34
0.13222222222222213     3217.3189908943777      26
0.11333333333333329     2430.847088204334      23
0.11888888888888884     3391.4386116354763      23
0.13999999999999993     3538.083427362351      27
0.12444444444444437     2890.347746280213      24
0.14222222222222217     3634.534619783484      27
0.10666666666666662     2784.0451071012685      25
0.10555555555555549     2531.2364813144036      23
0.14111111111111108     3576.3441327107894      27
0.11888888888888884     2976.4219643125352      24
0.15222222222222215     9547.728153145035      45
0.15222222222222215     11863.933187541541      50
0.12999999999999995     3594.3560278134237      28
0.14888888888888885     4543.653075311685      30
0.14888888888888885     4846.409647315412      31
0.14333333333333328     3913.6154375390447      28
0.15111111111111106     6154.714137587303      35
0.14111111111111108     3758.1040030117338      28
0.14111111111111108     4041.6371156505875      29
0.10555555555555549     2782.211236609028      24
0.09444444444444441     2309.2548557985115      22
0.08666666666666661     2638.7348334959142      24
0.13888888888888884     4208.130562871617      30
0.14999999999999994     5061.883278187123      32
0.12999999999999992     2983.8146670639735      25
0.131111111111111     5214.126126288305      31
0.14999999999999997     9143.060769355081      44
0.12888888888888883     3465.2381662102243      27
0.12999999999999995     4010.5623184113447      29
0.14111111111111105     10855.548013465272      47
0.13111111111111104     5197.942548860542      34
0.13888888888888884     7000.233604823823      38
0.11111111111111108     2882.771044094096      25
