0.8208333333333324     981.2645090348266      16
0.8499999999999991     1141.9934115488115      17
0.8166666666666659     975.8899546490258      16
0.8124999999999991     869.9191260202974      15
0.7416666666666661     557.7845289917722      12
0.7124999999999996     539.4266730402985      12
0.8083333333333326     957.1683889449071      16
0.8208333333333325     981.7588885847664      16
0.8083333333333325     855.8831301647467      15
0.8458333333333324     1016.9281247601283      16
0.8416666666666658     1107.6671295760914      17
0.741666666666666     557.054557942175      12
0.8166666666666659     990.6164071941481      16
0.8124999999999992     988.6214379348374      16
0.7958333333333326     633.9815393896657      13
0.8083333333333325     860.2032398068752      15
0.8374999999999991     1124.9641167363495      17
0.7124999999999997     547.1277806821006      12
0.8541666666666657     1159.7181450426874      17
0.6999999999999996     395.6333072059792      10
0.8333333333333325     1118.2585695839336      17
0.7999999999999993     732.8224685629323      14
0.8041666666666659     846.3209038514952      15
0.708333333333333     549.4058095989755      12
0.8041666666666659     854.2566916952995      15
0.8291666666666658     1112.0282956717845      17
0.6999999999999996     466.63565956823277      11
0.6708333333333332     532.0818838485714      12
0.6333333333333331     457.57012724558246      11
0.8416666666666658     1242.1031673014957      18
0.695833333333333     566.6507421649901      12
0.8083333333333326     975.0840932190266      16
0.8041666666666658     784.8863599170911      14
0.8166666666666659     1013.0247759200038      16
0.8208333333333325     1106.223900150189      17
0.791666666666666     974.9978991547513      16
0.8541666666666657     1264.4236580593433      18
0.8166666666666659     1083.8474998105755      17
0.7874999999999993     736.8903238785108      14
0.7458333333333328     571.4826691629157      12
0.8416666666666658     1559.3190149833126      20
0.8291666666666658     1168.9008205794644      17
0.8166666666666659     1595.1360695343226      20
