0.8249999999999992     986.1777095056038      16
0.6749999999999998     414.2695340942231      11
0.8166666666666659     993.6362131663676      16
0.8208333333333325     863.9962855698749      15
0.8208333333333325     857.3227810869159      15
0.8249999999999992     870.363037083554      15
0.8291666666666658     997.0611811646362      16
0.6333333333333333     471.7901501967207      11
0.6249999999999999     453.8209371784209      11
0.708333333333333     503.0807947505664      12
0.625     345.77031412604316      10
0.8249999999999992     1091.2862875121155      17
0.6958333333333331     456.25622805122725      11
0.8041666666666659     573.8168696461005      12
0.8124999999999992     979.3943453676409      16
0.8416666666666658     1146.9262933331058      17
0.7833333333333327     616.823586305626      13
0.7624999999999995     744.184075834529      14
0.791666666666666     741.9139634329479      14
0.8041666666666659     988.5542778641337      16
0.7124999999999997     721.3645266873062      14
0.6874999999999998     431.0919692828258      11
0.8166666666666659     758.5799054035881      14
0.6333333333333333     394.1467776931878      10
0.6416666666666666     472.2887865241994      11
0.720833333333333     603.0239006879995      13
0.7374999999999995     549.3480791031642      12
0.6291666666666667     351.5603202954142      10
0.8166666666666659     844.6090928512093      15
0.8374999999999991     1110.246206689889      17
0.7541666666666662     609.0559179649263      13
0.8166666666666659     890.1413398944724      15
0.8083333333333326     764.6333132302254      14
0.7499999999999996     549.0957039346188      12
0.8458333333333324     1313.3319369922583      18
0.8416666666666658     1008.4257663331088      16
0.6749999999999998     506.85111114034027      11
0.7041666666666663     544.9707540760239      12
0.8083333333333326     654.4359781204265      13
0.6749999999999998     413.1128685982851      11
0.6583333333333331     380.1554978330869      10
0.7749999999999994     1128.7076321415038      17
0.8458333333333324     1260.5812313439988      18
0.8499999999999991     1556.3449400623358      20
0.8333333333333325     1569.463012408933      20
0.8458333333333324     1382.5871903070758      19
0.5250000000000001     423.6818929763905      11
0.6166666666666667     283.34921351511815      9
0.8583333333333324     2454.29772374596      25
0.8499999999999991     2292.5877890781767      24
