0.8416666666666658     1401.0557613820251      19
0.837499999999999     1414.9414046662425      19
0.7333333333333328     460.7957624306665      11
0.8416666666666658     1562.1119507343622      20
0.8374999999999991     1140.9453983078909      17
0.837499999999999     1014.0710310545614      16
0.8208333333333325     1023.1227489688076      16
0.5500000000000002     289.7675299855075      9
0.7541666666666662     594.758232287834      12
0.8124999999999992     866.8865718807717      15
0.8124999999999992     1042.9470469093349      16
0.7749999999999994     466.9634095252597      11
0.6458333333333331     309.55946923088015      9
0.837499999999999     1138.9582866291714      17
0.8416666666666658     1424.122963943806      19
0.8166666666666659     976.6518493012248      16
0.8333333333333325     1128.2971929534685      17
0.8208333333333325     979.282990011386      16
0.7999999999999993     640.2269885635977      13
0.8458333333333324     1401.0355478598885      19
0.7333333333333328     473.00180566847837      11
0.7791666666666659     863.957265238661      15
0.7416666666666661     475.6258800587959      11
0.8124999999999992     854.0663377638189      15
0.6916666666666663     458.3395336290854      11
0.7291666666666663     324.06710130384187      9
0.7833333333333327     549.8254139832271      12
0.5458333333333333     274.3103422485095      9
0.8416666666666657     1160.333007714344      17
0.7583333333333326     453.2341699749945      11
0.7583333333333327     639.5631505498276      13
0.8041666666666659     997.431242002874      16
0.7874999999999993     629.3092673214283      13
0.8124999999999992     793.183055144123      14
0.8416666666666658     1555.532131354695      20
0.7541666666666661     541.73925480984      12
0.8416666666666658     1600.194707929667      20
0.6458333333333331     297.57995533360037      9
0.5541666666666666     305.2020127259487      9
0.7958333333333326     768.0662734933522      14
0.7958333333333326     1370.346621508026      19
0.6666666666666664     378.6014447773281      10
0.7041666666666663     376.8655622370083      10
0.8458333333333324     1856.0118373978346      22
0.5916666666666665     284.5920453962181      9
0.5833333333333334     366.71857972994354      10
0.8458333333333324     1691.2077093196174      21
0.8249999999999992     1219.9650667836127      18
0.837499999999999     1956.2333291615473      22
0.5416666666666669     230.40322922384067      8
