0.8333333333333325     1222.0977422303633      18
0.8166666666666659     848.6525391721116      15
0.7958333333333326     871.511579758332      14
0.7874999999999993     654.7577642451326      13
0.7916666666666659     668.9887908638784      13
0.8458333333333324     1525.8574687973687      20
0.7958333333333326     848.0811133174432      15
0.791666666666666     763.9531423462861      14
0.8499999999999991     1526.2250246908498      20
0.8291666666666658     996.5966238975856      16
0.8416666666666658     1592.8279916097706      20
0.7291666666666662     387.71820303792225      10
0.8499999999999991     2224.9293035628343      24
0.7749999999999994     556.5230390509105      12
0.5083333333333333     369.41052693617826      10
0.7999999999999992     989.6598379819129      16
0.8041666666666658     1004.490923460191      16
0.7833333333333325     659.1760625666618      13
0.7708333333333328     462.7995123221172      11
0.7958333333333325     779.2591889206669      14
0.7833333333333327     749.7010789456151      14
0.7749999999999992     756.579673527442      14
0.7916666666666659     863.0398651294087      15
0.8291666666666658     1242.1777320004744      18
0.7749999999999992     860.9263469557573      15
0.8249999999999992     1108.462712102221      17
0.7624999999999994     615.1889941481685      13
0.8333333333333325     1354.0840971122345      19
0.7666666666666659     661.7171408278828      13
0.8124999999999992     1015.9910617838557      16
0.7374999999999995     393.9516983301826      10
0.7458333333333327     842.018492315798      15
0.7958333333333325     883.5079875248449      15
0.7708333333333327     1034.7901727664032      16
0.8416666666666658     1654.899025734458      21
0.7583333333333327     971.6252681236697      16
0.7749999999999994     1075.6713609897283      17
0.7541666666666661     987.895075087467      16
0.8499999999999991     2596.8476828324233      26
0.8333333333333325     1759.2740001274374      20
0.7833333333333327     1229.5084272663587      17
0.8208333333333325     1245.1882890048946      18
0.8041666666666659     1398.9900984359176      19
0.7416666666666661     553.6609781708914      12
0.8041666666666658     1370.8689668695135      19
0.7416666666666661     1515.0763483248497      20
0.8166666666666659     1549.5979253373748      20
