0.8374999999999991     1250.9048325842477      18
0.8041666666666658     661.7542626096214      13
0.791666666666666     555.2359312671896      12
0.7833333333333327     472.2580016417459      11
0.8124999999999992     738.4788756941599      14
0.7249999999999995     448.81082445630307      11
0.8416666666666658     1377.290189313207      19
0.7833333333333327     552.9085812042418      12
0.7541666666666662     459.43141574040493      11
0.8458333333333324     1423.998107251207      19
0.8041666666666659     730.5080975481762      14
0.7999999999999993     639.0046629988727      13
0.8166666666666659     867.4905928553043      15
0.8458333333333324     1703.8454339587938      21
0.7708333333333327     543.9308265890603      12
0.6999999999999996     433.56890974087423      11
0.837499999999999     1254.8366629665156      18
0.6916666666666664     297.56626944302906      9
0.8083333333333326     745.7861701613259      14
0.733333333333333     449.0875996462764      11
0.708333333333333     531.8487166569942      12
0.8458333333333324     2017.3779060070283      23
0.7999999999999993     780.7954811176099      14
0.8416666666666658     1388.1155291191724      19
0.766666666666666     544.1988500417037      12
0.8374999999999991     1396.6038835459885      19
0.7749999999999994     548.6754762748291      12
0.8333333333333325     1111.9345064453066      17
0.7333333333333328     636.495294054444      13
0.791666666666666     638.2826048378515      13
0.7291666666666662     623.9264457047556      13
0.8124999999999992     848.1462488825697      15
0.6708333333333331     820.7523222031589      15
0.8041666666666659     973.3007504853562      16
0.6458333333333331     298.06756376718363      9
0.8249999999999992     976.334198827815      16
0.8291666666666657     2022.9060750149335      23
0.7749999999999994     1105.0335896482115      17
