0.7124999999999995     1536.5604639856595      20
0.7166666666666661     1670.1034778764895      21
0.741666666666666     1854.7817039209767      22
0.7374999999999995     1713.5031784749506      21
0.7333333333333327     1687.1660263810172      21
0.7166666666666661     1673.3496346368443      21
0.7291666666666661     1685.2265327155253      21
0.7458333333333328     1872.9288252988408      22
0.7583333333333327     2043.6887040819868      23
0.741666666666666     1873.59808900107      22
0.7541666666666661     2021.0874622312026      23
0.7583333333333327     2204.47926020135      24
0.7583333333333327     3007.7833603907056      28
0.7583333333333327     3522.3316416564116      30
0.7583333333333327     3981.8827286312376      32
0.7583333333333327     4500.259017274803      30
0.7583333333333327     4045.8323247389285      32
0.7583333333333327     5047.8059215234      32
0.7583333333333327     5083.193730193718      36
0.7583333333333327     5845.106684900953      35
0.7624999999999994     7234.759265029927      40
0.7583333333333327     6392.018779659245      37
