0.7541666666666661     2042.8747791780072      23
0.7583333333333327     2226.6054971253325      24
0.7624999999999994     2394.9263478118837      25
0.7624999999999994     2420.846844823736      25
0.7624999999999994     2435.5761764594467      25
0.7624999999999994     2446.591351606492      25
0.7624999999999994     2777.741064467174      27
0.7624999999999994     2825.887789788991      27
0.7624999999999994     3017.196735161485      28
0.7624999999999994     3284.4422772500557      29
0.7624999999999994     4232.510277346067      33
0.7624999999999994     5751.496028586097      38
0.7624999999999994     6027.664594587025      39
0.7624999999999994     6343.010628953135      40
0.7624999999999994     7011.851069668109      39
0.7624999999999994     6384.241598889081      40
0.7624999999999994     6952.354824730589      42
