0.7458333333333328     1995.8703042940112      23
0.7499999999999994     1999.8804606967276      23
0.7374999999999995     1990.936552887369      23
0.7416666666666661     2006.7104996036267      23
0.7583333333333327     2189.1295800831035      24
0.7374999999999995     2004.156845410739      23
0.7541666666666661     2186.231544672773      24
0.7458333333333328     2024.53514258747      23
0.7499999999999994     2181.7807773439795      24
0.7583333333333327     2367.4566680381313      25
0.7624999999999994     2397.8426766296757      25
0.7624999999999994     3002.1246985589446      28
0.7624999999999994     4727.967728426119      35
