0.7416666666666661     1978.7182759567      23
0.7624999999999994     2343.131204219552      25
0.7541666666666661     1995.620493134716      23
0.7374999999999995     1819.087271419452      22
0.7583333333333327     2149.7495011457945      24
0.7416666666666661     1987.4121217581821      23
0.7624999999999994     2358.724748287557      25
0.7624999999999994     2555.9453821173697      26
0.7624999999999994     2803.088953522914      27
0.7624999999999994     2988.661179966188      28
0.7624999999999994     3199.7297996827874      29
0.7624999999999994     3804.8682754079628      27
0.7624999999999994     3444.227478388821      30
