0.7499999999999993     2381.481998362536      25
0.7499999999999993     2388.3596206855227      25
0.7541666666666661     2412.2801230285086      25
0.7624999999999994     2562.602817410078      26
0.7624999999999994     2784.106304057311      27
0.7624999999999994     3799.8905186112956      27
0.7583333333333327     3610.9371171915495      26
0.7624999999999994     4031.8123385978524      28
0.7624999999999994     4233.40189918655      29
0.7624999999999994     4241.027980218927      29
0.7624999999999994     4484.33853066043      30
0.7624999999999994     4521.499534469867      30
0.7624999999999994     4738.873140840166      31
0.7624999999999994     4810.933101794678      31
0.7624999999999994     4865.002109453751      35
0.7624999999999994     5051.393971933122      32
0.7624999999999994     5077.068254732844      32
0.7624999999999994     5290.070823609944      33
0.7624999999999994     5530.476323485091      34
0.7624999999999994     5830.98260959847      35
0.7624999999999994     5839.856612366136      35
0.7624999999999994     6102.563299266588      36
0.7624999999999994     6490.317633485788      37
0.7624999999999994     6645.088047467416      38
0.7624999999999994     6789.47140495756      38
0.7624999999999994     6998.132515466874      39
0.7624999999999994     7094.29114840556      39
