0.7833333333333335     21984.70239268869      58
0.7900000000000004     23834.432428715878      60
0.7844444444444447     22106.001547522483      58
0.7800000000000002     21102.770898648534      57
0.7844444444444446     22125.648483772147      58
0.786666666666667     22880.88297162831      59
0.7777777777777781     20365.611311111352      56
0.7811111111111114     21221.346609414475      57
0.7833333333333337     21986.656400005915      58
0.7866666666666668     22900.594368445694      59
0.7811111111111114     21237.971171637113      57
0.7844444444444448     22167.36664476907      58
0.7877777777777781     23047.960903210726      59
