0.7800000000000004     23610.90200565025      61
0.7844444444444447     24055.579399903934      61
0.7700000000000002     22528.736392092913      60
0.7733333333333335     22700.887838397262      60
0.7688888888888891     21881.531215059866      59
0.7755555555555558     22776.606274535246      60
0.7811111111111115     23764.287415845894      61
0.776666666666667     22854.59047620993      60
0.7811111111111114     23685.55719695944      61
0.785555555555556     24610.193244372997      62
0.776666666666667     23433.544810893745      61
0.7866666666666671     25287.587493362753      63
0.7900000000000004     32937.18144051903      72
0.7911111111111113     35270.70550954602      74
