0.7677777777777779     18585.74272912624      53
0.7711111111111113     19331.66480311304      54
0.7733333333333335     19346.685288495417      54
0.7711111111111112     19303.829786592887      54
0.7800000000000002     21655.72777092497      57
0.7711111111111113     19480.868923953654      54
0.7777777777777779     20907.018240918816      56
0.778888888888889     21736.04672593352      57
0.77     19693.765332260795      54
0.7744444444444446     20065.54651920137      55
0.7744444444444446     20129.70936840659      55
