0.7811111111111114     20314.93986640167      55
0.7755555555555558     19470.901619880424      54
0.7744444444444446     18830.331522601824      53
0.777777777777778     19602.38288899247      54
0.7744444444444446     20167.85740092325      54
0.7811111111111113     20429.675023148797      55
0.7722222222222225     19015.057819952595      53
0.7477777777777779     20693.549436771274      53
0.7455555555555556     17684.82970095662      50
0.7477777777777777     18663.697365020387      51
0.7788888888888892     20253.209833647525      55
0.7822222222222225     21091.704146850127      56
0.786666666666667     23068.880386589724      59
