0.7888888888888892     26773.17427095804      64
0.7855555555555558     25182.849081514898      62
0.787777777777778     26006.518337091085      63
0.786666666666667     25937.770794279237      63
0.7766666666666668     25791.381629566105      61
0.776666666666667     25046.77822205801      62
0.7888888888888892     26786.140268454845      64
0.787777777777778     26019.190247733855      63
0.7933333333333336     29845.888665778413      66
0.7900000000000001     26983.936941508375      64
0.7900000000000001     26996.502697509284      64
0.7911111111111113     27760.80081507892      65
0.7922222222222224     29056.996484251187      65
