0.7388888888888886     10979.964246800082      40
0.7633333333333331     17596.245640196477      49
0.7577777777777777     14626.373168036793      47
0.7577777777777777     16065.961393079444      47
0.7022222222222222     10331.72176176398      39
0.7577777777777777     17339.6770999282      49
0.7577777777777776     13367.469233715114      43
0.7344444444444442     11078.139931485415      40
0.7555555555555554     12306.6520217314      41
0.7244444444444442     10928.05481857693      40
0.7433333333333332     11955.849344469436      42
0.7466666666666666     12313.250826665857      42
0.7533333333333332     13569.184034182239      44
0.7477777777777778     13142.368914066374      44
0.7555555555555554     13858.762867852913      45
0.7444444444444444     12500.221538020587      43
0.7466666666666666     13001.913738849442      43
0.751111111111111     13297.422907308972      44
0.7477777777777777     13200.430675292122      44
0.7455555555555554     13153.419749292418      44
0.7477777777777778     13411.314931466446      44
0.7433333333333332     12027.367535499076      42
0.7255555555555554     10992.710433791437      40
0.7444444444444444     12515.533029482216      43
0.7533333333333332     13875.650520034273      45
0.7333333333333332     11081.828918801917      40
0.7444444444444444     13006.75704175494      44
0.7399999999999998     12021.468716339557      42
0.7433333333333332     12504.732338180133      43
0.7333333333333332     11440.927256812824      41
0.7333333333333332     11897.897223746602      42
0.7544444444444444     14068.338211869352      45
0.7344444444444441     12180.37178491465      42
0.7477777777777778     13919.286929872833      45
0.7222222222222218     11299.374583764386      41
0.7533333333333333     16264.300288930512      49
