0.7500000000000001     12291.710643807683      43
0.7577777777777778     13104.736079681426      44
0.7666666666666667     14538.627304347758      46
0.758888888888889     13162.71794652452      44
0.7633333333333335     14289.421305936105      45
0.7566666666666666     12628.53112999107      43
0.7255555555555556     10102.315273797145      39
0.7655555555555557     14481.339203690753      46
0.7622222222222222     13709.634664364738      45
0.7311111111111113     10848.15081815306      40
0.7588888888888891     13974.089334798504      45
0.7488888888888887     11335.777027580178      41
0.7700000000000001     16048.416056061262      48
0.7511111111111112     12962.616536981774      44
0.741111111111111     12053.749831461491      43
0.7511111111111111     12634.028236507384      43
0.7511111111111112     13185.533776733057      44
0.7344444444444445     10974.753852017526      41
0.7500000000000001     12660.901997987263      43
0.7577777777777778     13628.713953867848      45
0.7500000000000001     12993.138197571283      43
0.7666666666666667     15499.209255842385      48
0.7277777777777777     11309.451790059002      41
0.7533333333333335     13241.92027266548      44
0.7555555555555556     13515.397474266929      44
0.7633333333333335     14707.448091013046      46
0.7355555555555556     11681.424945524543      42
0.7611111111111113     14547.428200853814      46
0.757777777777778     13853.497638740491      45
0.757777777777778     14310.114508666167      46
0.7588888888888891     14380.19228488554      46
0.7488888888888889     12448.09118569559      43
0.75     12946.087295736232      44
0.7588888888888891     14928.922995206887      47
0.7622222222222225     15093.77709906384      47
0.7466666666666667     12279.274498902498      43
0.7644444444444446     15739.625999742153      48
0.7633333333333335     15856.152823805012      49
0.7555555555555556     13698.97572928975      45
0.7533333333333334     13587.195470966304      45
0.7644444444444447     16222.635449615429      49
0.7555555555555556     13729.631074303139      45
