0.7433333333333335     12141.761977564927      42
0.7466666666666668     12608.05572829804      43
0.7266666666666668     9335.435193092175      36
0.7555555555555555     12891.990551767838      43
0.7544444444444444     13149.155631269543      44
0.7411111111111109     12088.926171874193      42
0.7033333333333334     8489.343966519227      35
0.7111111111111112     9164.083639901532      36
0.7466666666666665     12701.962819323391      43
0.76     13405.461029507198      44
0.7622222222222222     15417.749443425346      48
0.7088888888888889     8645.81601819105      35
0.7255555555555557     9576.63217280065      37
0.7355555555555556     10844.373063953832      39
0.7322222222222223     9921.452933781458      37
0.738888888888889     11153.550691898483      40
0.7566666666666667     14159.113164998906      45
0.7522222222222223     13652.418709592132      44
0.738888888888889     12175.833780313891      42
0.7322222222222223     10213.922167481864      38
0.748888888888889     13677.59149003351      44
0.7311111111111113     11449.5975631057      38
0.7111111111111111     8702.912100873471      35
0.737777777777778     11241.583269410114      40
0.7344444444444446     10966.286234980329      39
0.7344444444444445     12356.07698323118      42
0.7322222222222223     11166.055983519766      40
0.7011111111111111     8658.135206119723      35
0.7177777777777778     9188.541672077426      36
0.7066666666666667     8659.533738768125      35
0.7300000000000002     10242.860076925408      38
0.7133333333333334     9233.136388648623      36
0.7211111111111113     9326.593200859961      36
0.7055555555555555     8676.086066327582      35
0.7177777777777778     9517.136218577329      37
0.7211111111111113     9655.42825175228      37
0.728888888888889     9782.581473247938      37
0.7544444444444444     15088.281185564168      47
0.7300000000000001     10648.157835382272      39
