0.7366666666666667     10714.339748050408      39
0.7477777777777778     12236.692777567323      42
0.7222222222222222     9537.702656434503      37
0.7122222222222222     9009.007747314447      36
0.7311111111111113     10222.395001406352      38
0.7244444444444446     9641.146312211573      37
0.7422222222222222     10968.852860862151      39
0.7433333333333334     11243.175181169396      40
0.7366666666666667     10725.568091939023      39
0.7244444444444446     9823.88466440261      37
0.7366666666666666     10365.009180000638      38
0.7433333333333334     11249.627105788728      40
0.7111111111111111     9272.941171568958      36
0.7144444444444445     9311.130945749544      36
0.7100000000000001     8855.357518423547      35
0.7433333333333332     11316.843512440411      40
0.7455555555555554     11356.56440611746      40
0.7388888888888888     11143.368182896831      40
0.7488888888888889     13326.753034461884      44
0.7044444444444444     8584.285370554613      35
0.7022222222222222     8531.018120984816      35
0.7477777777777779     12470.32830680063      42
0.75     13349.274251794397      44
0.7288888888888887     9988.395806807604      38
0.7477777777777779     12819.782272135106      43
0.7355555555555555     10648.126760956817      39
0.7222222222222222     9588.704959453926      37
0.7055555555555555     9283.008172449472      37
0.7266666666666668     10067.203070261783      38
0.7033333333333334     8733.001673980267      35
0.721111111111111     9464.108513570562      37
0.7233333333333333     9912.385426690342      38
0.7388888888888888     11146.520294639458      40
0.7344444444444443     10611.898664488825      39
0.7311111111111112     10141.833947722213      38
0.7311111111111113     10304.715916533718      38
0.7088888888888888     9304.070560965478      37
0.7155555555555556     9692.262717079086      37
0.7122222222222222     9362.142436875609      37
0.7100000000000002     9311.010033043092      36
0.7277777777777777     10595.536660412403      39
0.7266666666666668     10162.501360126818      38
0.7044444444444443     8821.93971958483      35
0.7444444444444445     12705.26868411075      43
0.7477777777777777     12896.846351237838      43
0.7422222222222223     11709.87048158681      41
0.7155555555555555     9706.852971965853      38
0.7377777777777779     10851.902300714331      39
0.7255555555555555     10077.764220273959      38
