0.9177777777777781     9712.002036507818      35
0.9100000000000004     9338.267184153903      32
0.9144444444444447     9257.900711839447      34
0.9177777777777778     9681.10407039863      34
0.9088888888888892     9260.700604846836      32
0.8444444444444444     7410.600303332006      31
0.9200000000000004     10655.747254584907      35
0.9044444444444447     8004.141139526121      31
0.843333333333333     6700.3810514057795      29
0.9200000000000004     10143.879556538956      34
0.9355555555555557     11014.848170678068      36
0.8788888888888889     7618.086489580813      30
0.906666666666667     10815.792004735818      38
0.9255555555555559     10259.757113461732      34
0.9211111111111111     9763.526934066558      34
0.8688888888888887     7203.407597063306      30
0.9100000000000001     9216.011548459142      33
0.9155555555555558     9260.289213180598      34
0.906666666666667     8455.488527695798      32
0.8766666666666667     7303.047190559073      30
0.9133333333333336     10532.392583622363      37
0.8455555555555554     7193.497231621851      31
0.9111111111111111     11076.02263484776      38
0.9100000000000001     10504.364154018524      35
0.8655555555555556     8210.804263117183      33
0.9044444444444446     10344.9994750592      36
0.9133333333333334     9398.340695973324      32
0.9122222222222225     9605.126441658647      33
0.8677777777777778     7994.403639820284      32
0.9188888888888892     11344.311414307023      37
0.8422222222222222     7157.612338281808      30
0.926666666666667     10573.539726622883      35
0.9155555555555558     9922.117889271758      36
0.9322222222222226     11379.351782314456      37
0.8800000000000001     7773.1410164591525      31
0.8833333333333334     8261.524717693115      30
0.9133333333333336     11078.510758356386      39
0.9033333333333334     9345.02871329441      34
0.8355555555555559     7278.57298971559      31
0.814444444444444     6838.130072320321      30
0.8577777777777776     7485.8983722320945      29
0.9477777777777783     14478.212136896027      42
0.9344444444444446     14656.127555840405      43
0.937777777777778     12080.381927236509      38
0.887777777777778     8757.645616886211      33
0.9133333333333336     12482.776234314731      41
0.7955555555555556     7150.527260097647      31
0.9466666666666669     14036.95026855578      40
0.9477777777777783     15209.427015578767      44
0.7666666666666667     6583.456134876147      28
