0.89     7916.780241285915      30
0.8233333333333334     6229.295645543693      28
0.8466666666666663     6479.519058923197      29
0.8877777777777778     7846.697184503956      30
0.805555555555555     5868.994903645789      28
0.8744444444444446     7593.210180053962      30
0.8811111111111111     7900.62800531102      31
0.8777777777777778     8018.349774945067      32
0.8766666666666668     7597.711605383386      30
0.8888888888888887     8197.496566837382      30
0.8400000000000001     6571.77600076925      28
0.8355555555555556     6462.494978948418      29
0.9088888888888891     8937.019502495657      32
0.8211111111111111     6227.724178389806      29
0.8955555555555558     8352.160484389382      31
0.8911111111111113     8347.640118097415      33
0.9133333333333332     10040.014654170502      36
0.8255555555555554     6352.459524879414      29
0.9044444444444446     8387.318777984317      32
0.8722222222222222     7146.267143430419      30
0.8288888888888886     6410.799107108741      28
0.9200000000000004     10946.172559791738      36
0.8455555555555555     6596.776650603615      28
0.9055555555555558     8797.680867802163      32
0.9100000000000004     9139.700489801102      33
0.8077777777777776     5984.633496844091      27
0.9144444444444448     10629.139489273684      36
0.916666666666667     10489.404222111387      37
0.916666666666667     10672.120508951084      36
0.8966666666666671     9417.76715896956      34
0.8933333333333334     8444.422356384368      32
0.8255555555555555     6930.219083125686      31
0.9233333333333333     12317.409377745127      40
0.9111111111111114     9743.558849128025      35
0.8777777777777779     8229.842988576587      32
0.8955555555555558     9843.845680104097      36
0.8244444444444444     6298.0783605251545      28
0.9100000000000003     10694.088187212416      37
0.8722222222222222     7679.345850498801      30
0.8588888888888888     6979.990123338694      28
0.7855555555555553     5921.241880923133      28
0.8655555555555554     7883.113258788336      31
0.8933333333333339     9804.639217461901      35
