0.9211111111111115     9639.88080981099      35
0.9100000000000004     8635.384178638174      33
0.9055555555555558     8723.512887084282      32
0.915555555555556     9332.814593554713      34
0.9111111111111116     9172.170047241592      34
0.9266666666666671     10089.374982181547      34
0.9222222222222225     9721.626851030402      34
0.9133333333333336     9258.61000367084      34
0.8922222222222225     7781.869497524666      31
0.878888888888889     7548.81735268227      31
0.9100000000000005     9100.327388373711      34
0.927777777777778     10303.128099493526      35
0.9166666666666666     9665.800678015605      34
0.9222222222222226     9861.42529363381      35
0.8711111111111112     7349.558391226847      31
0.9111111111111112     10627.809505960398      36
0.8833333333333333     7653.045590801416      30
0.9022222222222227     8512.258017899268      33
0.8500000000000001     7336.737989793305      30
0.9322222222222226     11392.056612624468      37
0.9000000000000001     9210.082103826093      34
0.866666666666667     7676.136385800401      31
0.8888888888888895     8077.181535878704      32
0.9355555555555559     13427.26507163841      41
0.8766666666666667     8457.46406112276      33
0.8577777777777775     8468.22647099463      34
0.9222222222222227     10459.62876345753      37
0.8511111111111113     7715.095951868002      31
0.8444444444444443     8229.077185837115      33
0.6966666666666663     5380.837992712395      27
0.8422222222222217     7094.988584671118      30
0.8966666666666667     8489.403518054138      32
0.7366666666666666     5557.123832718851      27
0.8111111111111109     7156.965830255911      32
0.8111111111111108     5867.195565366074      27
0.9100000000000003     9753.350858049607      35
0.8611111111111112     8646.376991272904      34
0.8388888888888888     7826.093869127949      32
0.8100000000000002     8478.488699874119      35
0.89     8802.986026815526      34
0.9044444444444445     9326.444992215549      33
0.9077777777777782     9847.232104329087      36
0.9288888888888893     10961.160613659684      38
0.8999999999999999     10918.589721186905      39
0.8033333333333331     8326.026684274295      34
0.9011111111111114     11041.448307349412      39
0.7111111111111107     6650.2600240008815      31
0.8933333333333333     9351.414231886158      35
