0.7622222222222222     6285.325473156186      28
0.7099999999999996     5428.7240266976305      26
0.848888888888889     10278.3736327369      35
0.7555555555555553     6355.328213215352      28
0.7911111111111111     7337.3067066308495      30
0.8311111111111111     10106.57287545276      35
0.7866666666666664     6891.031814530382      29
0.7544444444444441     6309.5159810370205      28
0.7333333333333331     5818.804389629301      27
0.7744444444444442     6746.9085515480265      29
0.7666666666666666     6455.717022553804      28
0.7955555555555553     7585.6440843366645      30
0.771111111111111     6812.955091994402      28
0.7833333333333332     7777.881064260583      29
0.8022222222222224     8482.517674924287      33
0.7299999999999996     5819.148093900335      27
0.7333333333333332     5826.270979328114      27
0.7566666666666662     6606.12279309249      28
0.7633333333333334     6922.166708892806      28
0.7622222222222222     6587.206860805075      29
0.7266666666666665     5520.078023062823      26
0.7966666666666667     8380.863515366507      33
0.7777777777777778     6748.293281164391      29
0.7722222222222223     7100.581049559331      30
0.7199999999999995     5644.561343548329      27
0.7955555555555553     8405.63938955144      31
0.7944444444444445     8495.852660457478      33
0.7722222222222221     6895.937967511935      29
0.7688888888888886     6894.483907764946      29
0.7911111111111111     7667.6095123435525      31
0.7511111111111111     5915.162921667595      26
0.7911111111111111     7701.980429353972      31
0.7488888888888887     5945.872913289316      27
0.788888888888889     7191.446023629766      30
0.7566666666666665     6897.969277048053      29
0.722222222222222     5820.937170213706      27
0.7555555555555553     6634.6576321104485      29
