0.8477777777777776     8973.757196530323      33
0.8900000000000002     11828.574116967888      38
0.8433333333333332     9018.598439233865      33
0.7844444444444443     6810.800758338519      28
0.8755555555555554     10620.507111487896      36
0.8155555555555553     7684.872605097541      31
0.7977777777777774     7300.181690163118      30
0.7444444444444439     6164.260467995397      27
0.8088888888888887     8392.771310620548      30
0.7033333333333333     6053.740612192622      27
0.804444444444444     7780.544158384187      31
0.8133333333333328     7892.321717172842      32
0.8888888888888887     12888.487330265012      41
0.7788888888888886     7286.2470242347035      30
0.8388888888888887     9087.966617627157      34
0.7399999999999998     6181.537682009187      27
0.7677777777777776     7265.331407963023      30
0.7388888888888886     6127.073005296905      27
0.7977777777777777     7475.791741090125      29
0.8499999999999998     9292.390882740645      34
0.7655555555555553     7000.302253041512      29
0.7888888888888886     7323.564165258749      30
0.835555555555555     8678.199782371323      33
0.8199999999999995     7925.476129339058      31
0.8355555555555556     9382.668335644263      35
0.8077777777777775     7996.876878700855      31
0.8333333333333331     8467.864384551209      32
0.833333333333333     8687.062974468487      33
0.8588888888888889     10212.702927659893      36
0.835555555555555     9470.996121006729      35
0.7255555555555553     6088.7502765692825      27
0.8877777777777778     11954.017424839732      39
0.753333333333333     6444.212549081358      28
0.8288888888888885     8238.819018035054      32
0.8877777777777778     13186.057259515444      42
0.7722222222222223     7719.337013647744      32
0.7633333333333329     6842.377298321043      29
0.8744444444444446     10516.398124796924      36
0.8588888888888887     9507.083676885473      34
0.7399999999999998     6727.312335722064      29
0.8777777777777779     10919.909285822212      37
0.8811111111111113     13286.246897152845      42
0.7844444444444442     7903.300353511095      32
0.8099999999999994     8122.004647546147      32
0.8699999999999999     10365.907550476391      36
0.7488888888888887     6771.221190944576      29
0.7633333333333332     8262.858208732045      29
0.792222222222222     8258.83110674382      32
0.8588888888888888     10263.705717454792      36
0.7644444444444441     7042.8589636252655      30
