0.906666666666667     30871.334597442303      64
0.9044444444444448     30199.934303705373      63
0.9044444444444447     30156.951644413424      63
0.9077777777777781     31835.456680830754      65
0.906666666666667     31823.3936765308      65
0.9000000000000001     30660.753240329213      63
0.9077777777777781     32087.54774503729      65
0.9077777777777781     33201.70965908266      66
0.906666666666667     32211.320769232614      65
0.9088888888888892     34031.45859534738      67
0.906666666666667     33608.471116878456      65
0.9077777777777781     34224.98354200176      67
0.9088888888888892     34546.35254660871      66
0.9088888888888892     42599.07939785955      72
