0.9522222222222227     24118.42856313652      54
0.9455555555555559     21738.806132717888      51
0.9311111111111113     20862.399242793595      50
0.9422222222222226     21064.226834092606      50
0.9466666666666672     22091.768391493497      51
0.9533333333333339     24907.68418953835      55
0.9500000000000005     22409.77761517702      52
0.9422222222222226     21683.20374656735      51
0.9511111111111117     23172.63504879391      53
0.9455555555555559     22366.833124901907      52
0.9344444444444446     22383.437059102424      52
