0.9344444444444447     21854.364102051302      49
0.9511111111111116     23676.52884478071      51
0.9566666666666672     26636.14007376832      55
0.9522222222222227     24328.872261639033      52
0.9488888888888894     23718.397268532444      51
0.9400000000000004     22289.163744492515      49
0.954444444444445     25132.348482416346      53
0.954444444444445     25945.922063945578      54
0.9466666666666672     23035.775690518913      50
0.9377777777777782     21967.702640992782      49
0.9511111111111117     23769.259991961044      51
0.9533333333333338     24461.66946030534      52
0.9466666666666672     24223.29681931179      52
0.9533333333333338     25265.339097098786      53
