0.9488888888888894     23333.157319303536      57
0.9488888888888894     24013.752214635824      58
0.9566666666666672     26751.36056248035      57
0.9466666666666672     22649.04795895367      56
0.9422222222222227     21213.611053045362      54
0.9488888888888894     24439.890899324993      58
0.9566666666666672     28162.138452782707      59
0.9488888888888894     24801.378706154148      59
0.9544444444444451     25255.61562380525      55
0.9533333333333339     27325.956394839217      58
0.9488888888888894     24817.88607468262      59
0.9477777777777784     23373.56050232554      57
0.9500000000000005     25129.177038340287      55
0.9544444444444451     28282.3095777118      59
0.9555555555555562     29729.502756780657      61
0.9566666666666672     29737.595248606493      61
0.9477777777777784     24315.843423638547      58
0.9466666666666673     23226.75080090537      57
0.9488888888888894     26192.16654597628      60
0.9477777777777784     24466.775256286346      58
