0.9122222222222225     21671.792198955096      54
0.9066666666666668     19982.123424963545      53
0.9111111111111113     20014.99967392021      53
0.8833333333333332     19022.057881067223      52
0.898888888888889     19775.59996121638      53
0.8799999999999997     18283.0528687316      51
0.898888888888889     20520.309796108948      54
0.9111111111111113     20687.665376644854      54
0.8888888888888891     20049.914634108936      53
0.9188888888888892     21429.76571116553      55
0.8944444444444444     20424.968662798725      54
0.9077777777777779     20535.491687515627      54
0.8899999999999999     21415.729569558447      55
0.9144444444444446     22339.863378093763      56
0.8866666666666668     19039.331488092328      52
0.877777777777778     18426.37970837409      51
