0.895555555555556     20336.25310173427      53
0.9044444444444445     21161.092182273493      53
0.9355555555555559     23873.96757196725      57
0.8944444444444444     18553.199481768235      52
0.9377777777777784     24676.770360719904      58
0.9266666666666671     22797.527797996812      57
0.924444444444445     20777.559309827528      54
0.9288888888888893     22883.932340635183      56
0.9222222222222225     21928.32528179527      55
0.9344444444444451     24635.593741795      58
0.9322222222222226     22903.233947773857      56
0.9066666666666668     20856.060998166507      55
0.9122222222222222     21499.527853204734      55
