0.9377777777777782     22358.52953279992      54
0.9466666666666672     25768.973253389657      57
0.9455555555555561     25047.788481677177      56
0.9333333333333337     22564.185581388567      53
0.9400000000000005     23458.94605329391      54
0.9444444444444449     24326.02663549439      55
0.945555555555556     25391.906560585972      58
0.9433333333333339     24914.91057053384      56
0.9488888888888894     27480.96281459539      59
0.9366666666666671     22973.794655980553      55
0.9455555555555561     27166.1813620837      59
0.9422222222222228     24195.91317134496      55
0.9344444444444449     22861.480532072917      55
0.9355555555555559     23645.8155167315      56
0.944444444444445     24939.11139306489      56
0.9322222222222228     22909.54016209451      55
0.9355555555555561     24802.402715773827      56
0.9311111111111117     22206.027506729206      54
0.9466666666666672     27253.198000167606      59
0.944444444444445     25644.414651348212      57
0.9222222222222226     21322.17345279431      53
0.9355555555555561     24429.01308645208      57
