0.611111111111111     8445.794219527652      40
0.6566666666666665     10924.740554500419      45
0.6444444444444443     9742.22051413974      42
0.5999999999999999     8131.938171840741      39
0.6111111111111108     8354.14927825229      39
0.6222222222222222     9304.749509830288      41
0.5933333333333332     8436.619622205457      39
0.5877777777777776     7834.93755599897      39
0.6144444444444443     8483.571996481387      39
0.6655555555555555     11794.462835548355      47
0.6644444444444444     11186.886251763617      45
0.6555555555555554     11180.377316004064      46
0.6566666666666665     11715.806510010494      46
0.6666666666666666     11817.87058179775      46
0.6522222222222221     9784.954692669546      42
0.641111111111111     9629.870632424077      41
0.58     7547.505988123245      38
0.6166666666666666     8918.81356991884      40
0.5777777777777775     7631.933897189344      37
0.6544444444444442     10462.091223644862      43
0.6377777777777777     9568.607945084486      42
0.6288888888888887     9359.014785178104      41
0.6833333333333335     12618.819879595672      47
0.6477777777777775     10466.45235855941      44
0.6777777777777774     13163.692234843485      49
0.662222222222222     12163.79304641889      48
0.5955555555555554     8928.609975143685      41
0.6433333333333331     11481.723556240944      46
0.5444444444444442     7273.512332621298      37
0.6311111111111107     10297.261056427276      44
0.4499999999999999     6628.625309503828      37
0.6588888888888887     12078.030710115583      48
0.5933333333333329     8533.680684756628      40
0.6377777777777777     10699.20859963192      45
0.6299999999999999     9445.213599058088      42
0.6366666666666665     10499.26722530152      45
0.6733333333333332     12471.618514631702      47
0.5866666666666663     8152.092405043018      39
0.6766666666666665     14900.977808128924      53
0.5599999999999998     8647.297918369068      40
0.6533333333333329     13369.53055427554      50
0.6333333333333332     12057.207831925498      48
0.5877777777777777     8795.303241188789      40
0.5744444444444443     8805.612246258046      41
0.621111111111111     10420.170277367137      45
0.6188888888888885     9081.755929689      40
