0.6666666666666666     11528.15213373019      47
0.6655555555555557     11526.862878980563      46
0.6233333333333333     8675.504377442841      40
0.6566666666666665     11093.553949995243      45
0.6844444444444445     12891.880715608067      49
0.6277777777777777     9270.22140162244      41
0.6766666666666666     11579.960118373434      46
0.6811111111111111     12229.827538576801      48
0.6511111111111109     10602.938868528      44
0.6922222222222222     13089.966792620851      49
0.6777777777777778     11748.432476395368      47
0.6244444444444444     9112.862209221754      41
0.6555555555555553     11087.078917523531      45
0.6022222222222218     8463.578908814403      40
0.6822222222222223     13509.853463426027      50
0.6900000000000001     13748.232657815439      51
0.6477777777777777     9757.197572985886      43
0.6211111111111111     8615.91142668143      40
0.6644444444444444     11236.819067588787      46
0.6377777777777777     9303.157405182481      41
0.6866666666666666     14190.04038924468      52
0.5766666666666665     8289.83522418974      41
0.6655555555555556     11657.91305427701      47
0.6588888888888889     11100.724089098887      46
0.68     12078.166778828812      47
0.5644444444444445     8229.777691778207      40
0.6766666666666664     12882.323600910277      49
0.6122222222222222     8859.844146479734      41
0.671111111111111     11668.43889380075      46
0.6511111111111111     10645.120994717934      45
0.6722222222222224     13563.489911494644      51
0.6388888888888887     9815.355183359661      43
0.6388888888888886     10360.699330756537      44
0.6122222222222221     9128.270052766798      42
0.5966666666666663     8384.526375703288      40
0.6799999999999999     14594.06159293586      53
0.6677777777777777     12544.347940078684      49
0.5655555555555556     8155.522917816176      41
0.6022222222222219     9691.69809019886      43
0.6244444444444444     9714.549602094658      43
0.6955555555555557     14701.475443350178      53
0.5199999999999998     7332.940719914083      39
0.6344444444444443     9769.367829090465      43
0.658888888888889     12121.595934209774      48
0.6611111111111109     15287.457792946292      55
0.593333333333333     9494.922002509269      43
0.6533333333333332     10671.200773749908      44
0.6033333333333329     10649.513612450615      45
0.6133333333333331     10780.562275827766      45
