0.6555555555555554     10841.271005089398      45
0.6622222222222223     12727.511308977168      48
0.5633333333333331     6979.977312480953      35
0.6655555555555555     12806.240703058302      49
0.6611111111111112     12696.455013630739      49
0.5999999999999996     10260.53283441644      45
0.6544444444444445     11023.003159656866      45
0.6933333333333332     14139.45538539917      51
0.6633333333333331     13088.937206360113      50
0.6833333333333333     13187.46288072374      49
0.6533333333333334     12106.812834992794      48
0.6877777777777777     14108.638065111025      51
0.6366666666666666     10452.167887988408      44
0.6688888888888889     13621.193961377116      50
0.6611111111111111     11463.661444922454      45
0.6388888888888888     12572.290236382387      50
0.6544444444444444     10533.886257535174      43
0.6822222222222221     12769.78997341773      48
0.6433333333333332     12817.285319982078      49
0.6722222222222222     13917.350612256318      51
0.6655555555555553     13185.524144191073      50
0.6244444444444444     10796.366310780792      45
0.651111111111111     12042.982295478703      48
0.6433333333333332     11448.112056727368      47
0.5977777777777776     8087.462610243339      38
0.6355555555555557     9746.58230004127      43
0.6355555555555554     12412.304869348565      48
0.5611111111111107     7957.685122142159      40
0.6844444444444444     13720.811262125766      51
0.6433333333333333     10233.049235373215      44
0.6888888888888889     14181.521428344713      50
0.6777777777777776     12252.567149180659      47
0.6233333333333333     10555.071837873276      44
0.6944444444444443     13429.76876451406      49
0.6433333333333332     9768.28492363191      42
0.6566666666666665     11096.999807803388      45
0.6322222222222222     10861.6076620267      46
0.6166666666666666     9770.728543565068      42
0.6755555555555554     11755.337733907503      46
0.681111111111111     14709.355977280571      53
0.5977777777777776     7946.086956814029      38
0.5488888888888888     7020.624115480101      36
0.5555555555555555     6931.3406318796815      35
0.6988888888888888     15070.781416249776      54
0.67     14413.35770319342      53
0.5366666666666665     6384.542520276466      35
0.6122222222222222     9351.238587798614      42
0.5999999999999998     12999.92580632835      51
0.6977777777777776     15206.476883367193      54
0.5988888888888886     8795.250671914715      40
