0.37777777777777766     28368.41146428722      69
0.4144444444444442     26154.458469434347      73
0.38222222222222224     33188.2212414793      77
0.3744444444444443     31870.353727243313      74
0.3222222222222221     21677.182066022626      66
0.39222222222222203     37771.769089531335      82
0.38666666666666655     35808.95892850647      80
0.3733333333333333     31222.3119214623      81
0.3666666666666664     32182.53945560717      74
0.3699999999999998     33703.90459047873      77
0.36888888888888866     34087.16358961789      78
0.35444444444444423     24654.441068294873      71
0.41222222222222205     38063.4414804169      83
0.381111111111111     34247.221610920584      77
0.3155555555555555     20677.971782253295      66
0.3622222222222222     29751.881025600647      72
0.3377777777777778     33523.26832443213      77
