0.33999999999999997     21574.335181276405      67
0.4077777777777776     33995.97486557457      77
0.33666666666666656     22249.14515163216      68
0.3144444444444443     24684.088775446067      64
0.3899999999999999     34066.23135889546      77
0.3844444444444444     28067.456884600488      76
0.2466666666666666     28103.827100224666      69
0.2899999999999999     23537.582706128713      70
0.3844444444444444     37039.67099717501      81
0.28222222222222215     28165.529585771957      69
0.38444444444444426     32600.22725133548      75
0.38333333333333325     30121.76100224074      78
0.37999999999999984     32243.69945228623      75
0.35111111111111104     23605.453462762223      71
0.3766666666666666     26024.69517111204      74
