0.3255555555555554     28102.97985780291      69
0.301111111111111     22569.205417577694      69
0.4177777777777777     34537.25185245971      85
0.3066666666666665     26975.73641809649      67
0.22888888888888873     22403.480476146502      69
0.3288888888888889     24461.481898513157      71
0.37555555555555553     33117.351477489945      77
0.37444444444444425     31837.072999525208      82
0.3233333333333333     29079.969194127534      70
0.3788888888888887     34520.89613780143      78
0.30222222222222217     25914.468636012785      66
0.39999999999999986     38274.96346681518      88
0.31444444444444425     27140.16557486642      69
0.371111111111111     24760.102322317274      72
0.3599999999999998     33333.11579312151      77
0.351111111111111     27379.55351000461      76
0.3577777777777776     39191.161004416404      84
