0.38111111111111085     30416.40188298069      78
0.2733333333333332     21225.638545853915      67
0.3911111111111111     32601.773834364623      75
0.371111111111111     28729.947526626955      70
0.3788888888888888     24777.560925618527      72
0.3655555555555556     35616.806341721254      79
0.3222222222222221     23098.18549768795      70
0.3522222222222221     28582.530988834376      70
0.4022222222222221     39189.05845241053      84
0.34333333333333316     25513.783553388446      72
0.35999999999999993     32308.051504348008      74
0.301111111111111     26669.50391859873      74
0.35222222222222205     27480.253571085042      76
0.32333333333333325     29129.044540458304      71
0.39888888888888874     36369.08685137308      80
0.3077777777777777     29808.3848980156      72
0.2922222222222221     24606.778000636055      71
0.3311111111111111     32544.105286119877      75
