0.5444444444444445     18812.04821909011      66
0.5799999999999997     22284.436237893744      70
0.6677777777777776     26469.08557071924      76
0.6599999999999998     23130.464945138883      71
0.5177777777777774     21057.076993024748      68
0.5544444444444446     24057.285605502646      74
0.6988888888888887     26859.61921525622      76
0.5299999999999999     20799.438153986033      69
0.6066666666666668     24066.205473475933      72
0.6577777777777776     28222.762540519656      79
0.6788888888888884     28950.689423011114      80
0.6255555555555556     24074.19822166183      72
0.5855555555555556     24271.375145596474      74
0.518888888888889     22383.77069876091      71
0.6522222222222221     30340.72501095975      83
0.6277777777777778     27801.95897552911      78
0.5522222222222224     23361.630813638032      73
0.6055555555555554     27165.78849043737      77
