0.8300000000000003     20480.024591415277      58
0.8311111111111114     20604.093373508167      58
0.8300000000000003     20572.097136730972      58
0.8333333333333336     20646.503340973904      58
0.8344444444444448     20660.399615154645      58
0.8400000000000003     23510.175554893107      62
0.8355555555555559     20724.408249186134      58
0.8388888888888891     21610.721104285993      59
0.8300000000000003     20639.67111251274      58
0.8377777777777781     21440.578574258383      59
0.8388888888888891     23560.581884814248      62
0.8388888888888891     23563.916279349887      62
0.8388888888888891     23635.782421841464      62
0.8400000000000003     23694.399665419052      62
