0.7766666666666666     7907.734540250214      31
0.798888888888889     9174.430615522058      34
0.7555555555555558     7643.999696409155      31
0.8222222222222223     11513.40617065115      38
0.7766666666666666     8221.850934016946      32
0.8033333333333336     9837.497837190218      35
0.7277777777777775     7599.669471951141      30
0.7999999999999999     10011.197262506204      35
0.7988888888888891     9375.315044126632      35
0.7999999999999999     10369.999108111304      36
0.7077777777777775     7012.296584488303      30
0.7900000000000004     8616.323877525621      32
0.7722222222222221     7647.75677441646      30
0.7844444444444445     8273.595820776729      31
0.7500000000000001     7472.913898952672      31
0.7022222222222221     6884.924795478819      30
0.7966666666666671     9740.208520362043      33
0.7666666666666668     7953.027611892883      32
0.738888888888889     7472.60645533334      31
0.798888888888889     9927.431353788541      36
0.7811111111111113     8335.795329686365      32
0.7544444444444446     7487.798790767249      31
0.7344444444444443     7267.600283574306      31
0.7322222222222219     7451.441841827675      31
0.7733333333333332     8345.134263396309      33
0.7677777777777778     7968.733776471546      32
0.7655555555555558     7669.511522673279      30
0.751111111111111     7509.556720353943      31
0.7666666666666667     7755.07441751192      31
0.7622222222222224     8079.196634238886      32
0.7955555555555557     9775.131920189802      35
0.7944444444444445     9286.913968718554      34
0.7900000000000004     8627.49094354816      32
0.7611111111111111     7659.772930809699      31
0.7988888888888889     9966.113692729912      35
