0.9277777777777781     26581.932494166897      57
0.9255555555555559     25802.737911653952      56
0.9211111111111115     31741.048720954714      52
0.9244444444444447     25761.002168822637      56
0.9222222222222225     24997.81763550482      55
0.9244444444444447     34560.52447714576      55
0.9200000000000003     31735.98181179706      52
0.927777777777778     35316.46144359931      56
0.9366666666666672     36573.32195011766      58
0.9344444444444449     36884.018232544586      58
0.9344444444444447     36522.002651392606      57
0.927777777777778     35972.020481980486      57
0.9311111111111114     36142.22865389126      57
0.9377777777777783     37469.71707756614      59
0.9300000000000004     36012.12316144015      57
0.927777777777778     36325.02807729721      57
0.9400000000000005     39661.00856605024      62
