0.9155555555555559     21563.683296766394      51
0.9066666666666671     19781.32260305688      49
0.9200000000000004     22860.400038555912      53
0.9122222222222225     20453.719085366065      49
0.9122222222222225     20789.630163399946      51
0.9200000000000004     22896.60207839323      53
0.9088888888888893     20392.663450646476      50
0.9133333333333338     21262.904240871667      51
0.9122222222222225     21258.114503577443      52
0.9177777777777781     22206.88871387238      52
0.917777777777778     22203.57759812339      53
0.9177777777777781     22248.849266492532      52
0.9200000000000003     23176.034617769492      53
