0.9377777777777783     28040.91843290859      60
0.9377777777777783     29504.00009514925      62
0.9388888888888894     29757.18580333371      62
0.934444444444445     27712.256497609353      60
0.9377777777777785     29547.7326043033      62
0.9400000000000006     30572.617843094657      63
0.9244444444444447     34440.439926396924      57
0.9377777777777783     36761.27264271529      58
0.9322222222222226     35350.548254394074      57
0.9411111111111117     41543.425532004825      65
0.9400000000000005     40357.35908948085      63
0.9433333333333339     41847.53202976654      64
