0.9177777777777782     22699.012663544294      54
0.9133333333333338     21763.077611109235      53
0.9100000000000004     20993.84490385002      52
0.9166666666666669     21840.356590103154      53
0.9011111111111116     20094.125664676998      51
0.9155555555555559     21847.74245353217      53
0.9222222222222225     22718.214961798112      54
0.916666666666667     22277.508174464554      54
0.9077777777777782     20906.261706753925      52
0.9211111111111113     22763.144477144473      54
0.9066666666666673     20926.98074701951      52
0.926666666666667     23670.57732862961      55
0.9200000000000004     22781.090179051636      54
0.9288888888888892     28335.541654336696      62
0.926666666666667     28498.947992790007      62
0.926666666666667     37114.199714376184      60
0.926666666666667     38241.3838538275      61
0.9311111111111116     38868.546986391535      62
0.9300000000000005     38324.08280995814      61
0.9311111111111116     39847.92613606162      63
0.9322222222222226     40193.23148883136      64
