0.9066666666666671     23657.886551299955      56
0.916666666666667     24016.4463517065      56
0.8977777777777782     23416.615744616145      56
0.8933333333333333     23690.26164962509      56
0.9166666666666671     25211.80771781168      58
0.9188888888888892     25441.836979140084      58
0.9200000000000005     25479.239850337926      58
0.9166666666666672     25346.382638364932      58
0.9233333333333338     26208.174083453734      59
0.8933333333333332     32464.532404036192      55
0.7033333333333331     30245.799121200995      54
0.7300000000000001     31228.755809297      54
0.7577777777777774     31681.579807417533      55
0.7277777777777777     30264.39427935568      53
0.7055555555555554     30740.82328626      53
0.7533333333333331     31727.934404508633      55
