0.3188888888888889     26706.01202695808      65
0.35888888888888887     31687.927075409807      75
0.3999999999999999     33454.12875151101      75
0.34555555555555545     28218.93981558008      68
0.3422222222222221     26652.547539448544      75
0.3533333333333332     27038.403319573084      75
0.37444444444444436     32055.882430320315      75
0.3388888888888888     27835.057566623924      67
0.33555555555555544     27591.98108267726      75
0.32333333333333336     27684.42650374861      67
0.3699999999999999     32290.975244313853      75
0.3722222222222222     32642.593427465697      75
0.3333333333333333     28121.130892444828      68
0.36111111111111094     32225.60426578378      75
0.30111111111111116     26917.99743584344      66
0.3477777777777776     31502.415984702573      72
0.3288888888888888     27856.767678153294      67
