0.3899999999999998     27566.1618092994      75
0.3566666666666665     27181.64629565792      75
0.3588888888888888     31587.69512510082      75
0.3666666666666665     32252.108870119377      75
0.4099999999999999     29966.678867131443      79
0.391111111111111     28467.57812322454      77
0.3566666666666666     27305.6573345658      76
0.39222222222222214     29073.672108212657      77
0.36444444444444435     31817.188733891406      75
0.3988888888888888     32379.152515606995      82
0.4044444444444444     32742.4612006437      75
0.35555555555555557     26818.651297608823      75
0.39666666666666656     30073.32183897676      79
0.39444444444444426     32712.764975307662      75
0.34666666666666635     32547.32268838375      75
0.3955555555555554     32746.69019453642      75
0.3333333333333333     31812.84699874412      75
0.3899999999999999     28431.588997818882      77
0.34222222222222193     33202.71943083254      75
0.38444444444444437     27971.61427368596      76
0.3233333333333332     31798.760449668916      75
