0.3299999999999998     24544.61921849825      72
0.3966666666666665     27748.78455966983      75
0.3099999999999999     23150.22053857327      70
0.3633333333333331     26569.278296159224      75
0.3466666666666666     24588.356604396577      72
0.31444444444444425     23678.873590819065      71
0.33999999999999986     25852.092773368477      74
0.30111111111111094     25470.519502903353      73
0.34222222222222215     26614.62487768355      74
0.33444444444444427     26121.343617744165      74
0.3744444444444443     26616.127668915156      75
