0.5958333333333334     530.2896626514095      12
0.6624999999999998     922.5518995331371      16
0.6333333333333332     704.288601795531      14
0.5458333333333335     519.5388214253031      12
0.7083333333333328     1382.0789605676614      19
0.670833333333333     974.4377530483175      16
0.6374999999999998     797.6674821763917      15
0.6124999999999999     590.6950098526072      13
0.6458333333333331     806.9690497479054      15
0.6291666666666665     643.7084658404976      13
0.6624999999999998     924.3528050646911      16
0.5541666666666668     528.2592441494168      12
0.6499999999999998     966.2950589228229      16
0.6249999999999999     773.2205023653999      15
0.6583333333333331     1096.342966387807      17
0.6416666666666665     910.352954344507      16
0.7041666666666662     1101.4554412839348      17
0.5541666666666668     593.704226854488      13
0.6874999999999997     1435.437517396886      20
0.683333333333333     1234.1985574781747      18
0.7083333333333328     1662.600661919952      21
0.6374999999999998     845.3131077988884      15
0.6499999999999998     1054.917574191016      17
0.6249999999999999     893.0968350778968      16
0.6666666666666663     1104.5767557759202      17
0.6041666666666666     664.945053398443      14
0.5958333333333334     628.4050056347548      13
0.7124999999999995     2206.4737342884305      24
0.6708333333333331     1174.8023393814078      18
0.6666666666666664     1192.0438743667783      18
0.7083333333333328     1843.906728346437      22
0.541666666666667     426.2242209320837      11
0.6749999999999997     1316.8068222976433      19
0.6541666666666663     1058.995830789304      17
0.7083333333333328     2170.948926540786      24
0.6624999999999996     1277.8596177923769      19
0.5708333333333334     598.3784590692187      13
0.6291666666666665     907.1794172032418      16
0.6333333333333332     1159.4969825833903      18
0.6458333333333331     1172.467726341729      18
0.670833333333333     1348.6439071507766      19
0.695833333333333     1523.2630427741349      20
0.6499999999999999     1201.8137280737462      18
0.5458333333333335     538.4413724451122      12
0.6208333333333333     688.7354017293167      14
0.5833333333333335     699.6669485289394      14
0.6166666666666666     1343.643784629722      19
