0.6583333333333331     1019.8068510422711      17
0.6     701.6772666524838      14
0.6208333333333332     715.7412005236835      14
0.6708333333333331     1036.277720769429      17
0.5625000000000001     519.3194512223513      12
0.6958333333333329     1343.562127548292      19
0.6874999999999996     1301.6569055531256      19
0.6541666666666663     922.736833040601      16
0.6     800.0558698955642      15
0.5750000000000001     524.0649348609004      12
0.5958333333333333     682.2853912923075      14
0.6416666666666666     816.9629194264222      15
0.6749999999999997     1157.4339742119262      18
0.5916666666666667     600.8996240851707      13
0.6999999999999996     1954.530718001071      23
0.6833333333333329     1463.3687398057496      20
0.6999999999999995     1756.4167529532726      22
0.6541666666666663     1020.858142532246      17
0.6333333333333332     924.8414661798905      16
0.6583333333333331     1156.8502862710093      18
0.6791666666666663     1455.0527543884907      20
0.6666666666666664     1160.522072997845      18
0.6499999999999997     1033.4871231870286      17
0.6583333333333331     1178.5226654975725      18
0.6249999999999999     911.1263213334995      16
0.6166666666666666     800.5415566222331      15
0.6708333333333331     1183.2521334981343      18
0.5541666666666668     497.7477249470969      12
0.670833333333333     1492.1938206617403      20
0.6958333333333329     1501.7989848289167      20
0.6958333333333329     1749.768776317537      22
0.6208333333333331     817.0817785254783      15
0.5875     720.3804131690517      14
0.6541666666666665     1784.5287391624577      22
0.6541666666666663     1036.161108461393      17
0.6791666666666664     1843.1754707059868      22
0.6041666666666666     1029.4206777060479      17
0.6124999999999999     1032.7762483174158      17
