0.6458333333333331     733.3727808358412      14
0.5916666666666666     611.3547969800719      13
0.6249999999999998     707.0164810176681      14
0.6666666666666664     955.693328525778      16
0.5875     597.5599493920006      13
0.6124999999999999     719.1024532371644      14
0.6999999999999995     1414.5148624945566      19
0.6916666666666663     1478.1912958042876      20
0.6624999999999998     926.8919522783411      16
0.6874999999999996     1104.1539540233427      17
0.683333333333333     956.9022695239303      16
0.6291666666666665     743.7066320126156      14
0.6749999999999997     1077.2127808920584      17
0.47500000000000026     512.3049875504483      12
0.6583333333333331     911.935414369501      16
0.6041666666666666     614.0413525379939      13
0.6999999999999996     1664.1267004551437      21
0.6874999999999997     1221.8283592008722      18
0.6999999999999995     1555.503582563849      20
0.5375000000000002     600.0224311978925      13
0.6999999999999995     1574.645336109765      20
0.6083333333333333     615.0323080827703      13
0.6458333333333331     825.775304981543      15
0.6499999999999998     827.3258438333612      15
0.6458333333333331     825.937928020837      15
0.5875     732.8127122492527      14
0.6874999999999996     1327.8539562936803      19
0.6     791.1348352614673      15
0.6541666666666665     834.9441886513795      15
0.5625000000000003     672.8169208910479      14
0.683333333333333     1194.1430351847519      18
0.4916666666666671     515.0334966369562      12
0.6000000000000001     838.3093973891588      15
0.6374999999999998     938.9493843315523      16
0.6083333333333333     914.7421210319354      16
0.5625000000000001     600.3137865231353      13
0.5916666666666666     794.7653620733059      15
0.6124999999999999     918.9334231692061      16
0.6541666666666665     945.3660555973767      16
0.6749999999999996     958.1717927323353      16
0.6749999999999997     1330.4141633661216      19
0.6749999999999996     1460.814279764589      20
0.6666666666666663     1229.7180138335707      18
0.6999999999999995     1594.709105336123      20
0.6541666666666663     1193.797723333908      18
0.6874999999999996     2017.7634562050127      23
0.6666666666666664     1313.5641438640098      19
0.6458333333333333     1190.1078862966356      18
