0.6624999999999998     1033.5870202449387      17
0.6999999999999996     1330.2731331726454      19
0.6874999999999996     1200.5093607674196      18
0.7083333333333328     1372.3637037910892      19
0.6999999999999996     1334.7461161405151      19
0.7083333333333328     1638.4283716506543      21
0.6583333333333331     1035.068558840781      17
0.6916666666666662     1215.238017004635      18
0.6791666666666664     930.061010815966      16
0.5833333333333334     430.08940172210464      11
0.6291666666666665     586.0719078540125      13
0.6624999999999998     1045.2671949004312      17
0.6583333333333331     707.6633975953705      14
0.6874999999999997     1184.1434558545384      18
0.6708333333333331     929.5082222189243      16
0.5833333333333334     591.0023261074894      13
0.6833333333333329     1029.4153874379435      16
0.6999999999999996     1211.4216077776969      18
0.6999999999999996     1063.6838907557328      17
0.6874999999999997     960.6152729190785      16
0.6958333333333329     1260.8890623385134      18
0.6874999999999996     1061.986591812112      17
0.6791666666666664     1050.2541178022527      17
0.6749999999999997     972.4468112892563      16
0.6624999999999998     913.9176558576036      16
0.6291666666666665     501.4670890217623      12
0.5833333333333334     516.4066187231297      12
0.6749999999999997     1226.8698810478006      18
0.6874999999999996     1466.2466966262423      20
0.7083333333333328     1326.4371063368703      19
0.6874999999999997     1374.6860158058287      19
0.7041666666666662     2120.3922995213866      24
0.6583333333333331     914.3294361033727      15
0.7124999999999995     2117.4778945761936      24
0.5791666666666667     490.46856690753356      12
0.6999999999999996     1482.470082117513      20
0.7041666666666662     1621.8678283780382      21
0.6249999999999998     602.2301201726409      13
0.6749999999999997     748.8072152933212      14
0.5583333333333333     411.4850868102796      11
0.6541666666666665     686.8028047701512      14
0.7041666666666662     2500.0409295509244      26
0.6374999999999998     608.23964454924      13
0.5958333333333334     582.9313123068782      13
0.5541666666666669     401.76718598003595      11
0.6916666666666663     1664.7297539851265      21
0.504166666666667     445.19002011424493      11
0.7083333333333329     1998.2042140995295      23
0.504166666666667     321.88634947089844      10
0.7083333333333329     2558.77428248511      26
