0.6083333333333334     521.9807474023435      12
0.625     604.7164547452993      13
0.5958333333333334     516.6250150756514      12
0.6208333333333332     603.9244081524294      13
0.6083333333333334     692.2821403793326      14
0.6916666666666663     1056.3245674123755      17
0.6541666666666665     705.6342699610856      14
0.6083333333333333     600.6648278096804      13
0.5916666666666668     432.6030308133293      11
0.5666666666666669     503.5726062291157      12
0.6291666666666667     814.6945303218451      15
0.7124999999999995     2133.622056104652      24
0.6999999999999996     1191.8722642688972      18
0.7124999999999995     2496.0430676759756      26
0.491666666666667     412.6228846690908      11
0.6624999999999998     902.1892363198526      16
0.7041666666666663     1937.8558544467846      23
0.5583333333333336     515.2453604972228      12
0.5041666666666671     424.160223015271      11
0.7124999999999995     3134.815492522616      29
0.7124999999999995     3160.4052963353606      29
0.7083333333333329     3584.8164531434068      31
0.6708333333333331     941.4345818567693      16
0.625     720.1801875456931      14
0.5041666666666671     493.57170417619716      12
0.7083333333333328     2475.7246614309342      26
0.45000000000000034     408.8152946011835      11
0.6541666666666665     818.9515625535532      15
0.7041666666666662     1209.9254559769963      18
0.48750000000000043     413.885038353649      11
0.5625000000000001     517.9399742068505      12
0.6999999999999996     1332.090754284112      19
0.6708333333333331     1460.410597757793      20
0.6583333333333332     1054.5181196683723      17
0.6916666666666663     1598.2339766029247      21
0.6416666666666666     1229.052817181608      18
0.7124999999999995     3621.6362862686324      31
0.6874999999999997     1531.7039974475626      20
0.6208333333333332     696.6592305679706      14
0.6125     811.0682935520814      15
0.7041666666666662     2301.6323431705346      25
0.6125     1038.0072360727295      17
0.5958333333333334     597.8899299353022      13
0.6666666666666664     1585.6855345873112      21
