0.6999999999999995     1105.118921101176      17
0.6999999999999996     1465.0767558142966      20
0.6749999999999997     1058.1017124168588      17
0.7083333333333328     1619.4455801072045      21
0.6708333333333331     932.8765876911907      16
0.683333333333333     1194.3684916072934      18
0.6791666666666663     1071.2655290701357      17
0.6666666666666664     912.4643526350168      16
0.6083333333333333     595.8419922550486      13
0.7041666666666662     1493.771718752042      20
0.48750000000000027     416.5470640289099      11
0.6583333333333331     695.9279802175791      14
0.5208333333333335     434.8012680088384      11
0.7041666666666662     1634.8382820150314      21
0.41666666666666696     385.1816351221269      10
0.7083333333333328     2367.251017725139      25
0.7083333333333328     2942.4447250939406      28
0.6083333333333333     692.0844484776322      14
0.416666666666667     393.16641451931554      10
0.7041666666666662     1771.3274779511926      22
0.6999999999999995     1217.5103745973354      18
0.6416666666666665     912.6069990003039      16
0.5916666666666667     592.1416159886103      13
0.5458333333333336     708.2090695846421      14
0.5416666666666669     499.3009726803446      12
0.6083333333333333     731.3200904876296      14
0.6708333333333331     1133.235314352265      18
0.6083333333333332     1088.3014322995898      17
0.683333333333333     1490.2806567793075      20
0.6499999999999997     1310.5099593010855      19
0.6291666666666665     1164.1261988388521      18
0.5791666666666667     860.9795544271428      15
0.5541666666666668     787.3117762130188      15
0.6708333333333331     1328.5600318169982      19
0.504166666666667     590.4446829172102      13
0.47083333333333366     428.49588691728997      11
0.5000000000000002     570.325866633276      13
0.6166666666666666     1326.1378565062723      19
0.5416666666666669     797.0702774623406      15
0.6041666666666666     1518.4354700651277      20
