0.1899999999999999     17393.833481197882      54
0.17555555555555552     18299.837418393632      55
0.15555555555555542     17002.183227287085      53
0.1899999999999999     18469.490118398466      55
0.1899999999999999     18762.303483376785      56
0.1599999999999999     17562.00751033023      54
0.14888888888888874     16902.60855808493      53
0.14555555555555544     15968.109907934051      51
0.14555555555555544     17007.048657356758      53
0.1899999999999999     18974.014861630683      56
0.14555555555555544     17576.6211725057      54
0.14555555555555544     17627.164645295583      54
