0.14999999999999988     21572.6095376753      59
0.1433333333333332     21971.84680797627      60
0.15666666666666657     22390.889794562343      60
0.11222222222222214     19211.913865580947      55
0.17777777777777756     22619.028901058588      60
0.15666666666666657     22479.41698696195      61
0.15666666666666657     22830.749560649103      60
0.1433333333333332     21993.15305066081      59
0.15666666666666657     23114.574870158616      61
0.15666666666666657     23883.231338250065      62
