0.8866666666666669     8519.926126975313      31
0.8966666666666668     8103.057560004219      32
0.9122222222222224     9363.942360400488      32
0.8977777777777779     8179.671422627946      32
0.89     7925.381937060878      32
0.9000000000000005     8240.545553707409      32
0.9288888888888891     10447.251111548027      34
0.9222222222222224     10251.029485855626      36
0.9300000000000003     10741.354070362775      35
0.9177777777777781     9470.03026477315      32
0.8955555555555559     7991.8799177959545      32
0.9022222222222225     8402.458267493586      32
0.8866666666666666     7901.02131271052      31
0.9166666666666671     9351.017687883264      33
0.9111111111111115     8544.449037567116      31
0.9255555555555561     10318.10182555483      34
0.9144444444444447     9407.170460659909      32
0.9322222222222225     10880.847735404801      35
0.9366666666666672     11769.707191190138      37
0.9211111111111114     9930.14760755406      33
0.936666666666667     11611.368418269678      37
0.9322222222222226     11370.575056096037      36
0.8811111111111113     7962.173285493133      30
0.8833333333333334     7544.945009550852      31
0.9377777777777779     12400.271132419184      38
0.8188888888888889     6537.4263103776975      29
0.7444444444444442     5460.097514224476      27
0.8855555555555558     8671.738259648286      31
0.8733333333333333     7883.706390920942      32
0.8811111111111113     8527.217792131729      32
0.9311111111111117     12687.92037918876      39
0.8644444444444445     8289.813832263211      31
0.8711111111111115     7762.752558774189      32
0.8966666666666667     9077.435225532596      32
0.8477777777777776     7372.120019190633      31
0.9311111111111114     13738.874343104637      41
0.9111111111111112     9574.475511546103      34
0.8977777777777779     9354.579343849675      33
0.9288888888888892     12106.450965458278      38
0.8711111111111111     8273.896108302828      33
0.7055555555555552     5843.496505639558      28
0.871111111111111     9242.089222634004      33
0.8344444444444444     7903.798704229389      33
0.9366666666666671     13850.83280195003      41
0.9288888888888891     10506.344659543629      34
0.8977777777777779     8886.935171608442      34
0.8833333333333334     10689.88139157733      37
0.9266666666666672     14795.869773144354      43
