0.9144444444444445     9075.057792352267      33
0.9155555555555557     9449.730348116145      34
0.9122222222222224     8986.20430992393      33
0.9155555555555559     9509.135551062189      33
0.8711111111111112     7769.767126894579      29
0.9144444444444445     9073.489829378292      33
0.9155555555555556     9343.833552383376      34
0.8966666666666668     7826.71055239101      31
0.9122222222222225     9142.691073266298      32
0.8822222222222224     8022.2481533819955      31
0.9211111111111111     9608.86726547571      32
0.8877777777777779     7692.188861275708      31
0.9166666666666667     10211.86116078574      36
0.9133333333333337     9407.374715007161      32
0.9077777777777779     8663.385084510648      31
0.8877777777777777     8594.133525465086      31
0.9111111111111112     9317.661086274018      32
0.871111111111111     7206.620002470984      30
0.917777777777778     9516.798383318968      33
0.9     8359.750955879199      30
0.9255555555555556     10613.965923791058      36
0.9222222222222226     9826.472987129815      33
0.9033333333333334     9412.917163366412      35
0.9     8601.842295831078      33
0.8922222222222222     7967.710208092755      30
0.8977777777777775     8150.703823660259      32
0.9233333333333333     9892.812738847279      33
0.8822222222222225     7420.715302015835      30
0.9277777777777779     11011.455368994712      35
0.8922222222222224     8482.357593762124      32
0.906666666666667     8801.971136977667      31
0.8688888888888889     7818.834405118851      32
0.8855555555555554     8390.515859088617      32
0.8655555555555556     6892.561452079318      29
0.8811111111111112     7314.824228132923      30
0.8633333333333335     7179.917247583534      30
0.9255555555555556     12153.892173715349      37
0.9122222222222223     9868.835860810072      35
0.9088888888888892     8809.504865272213      33
0.908888888888889     8690.135245417388      32
0.9144444444444447     9252.134958621258      34
0.9166666666666666     10502.283709417836      35
0.9300000000000004     11532.975669988049      38
0.921111111111111     10570.618634167575      34
0.8633333333333335     8511.249020092919      31
0.9100000000000004     8881.557885439319      31
0.9288888888888891     11494.794959188848      36
0.9255555555555558     11341.798580703284      38
0.852222222222222     7284.104787032767      30
0.8722222222222223     7274.368403131929      30
