0.7188888888888888     14108.61778623605      45
0.712222222222222     12407.417759173992      42
0.7144444444444442     13628.757796234882      44
0.711111111111111     13022.211129602794      43
0.7055555555555553     13009.902421954015      44
0.7044444444444444     12173.560363896395      41
0.7066666666666664     13414.067243219399      44
0.7044444444444444     12918.330174378087      43
0.7333333333333332     16151.148001827956      49
0.7166666666666667     13741.27513756486      44
0.7066666666666663     13225.744929670522      44
0.7022222222222223     12574.565783132135      42
0.7277777777777776     16135.037259824161      49
0.7266666666666666     15248.271967637487      47
0.7066666666666663     13249.000319264202      44
0.7144444444444443     13781.23628586587      44
0.7144444444444444     14057.604582725662      45
0.7022222222222222     12932.998638315952      43
0.7211111111111109     14196.923498796683      45
0.7066666666666664     13509.307861699474      45
0.7144444444444441     13699.588141432454      45
0.7211111111111109     14211.596465183367      45
0.7211111111111109     14631.18252593436      46
0.7211111111111109     15055.588448058412      47
0.7188888888888888     14519.96092027492      46
0.7266666666666665     15129.850115373243      47
0.7011111111111111     12952.263018920963      43
0.7133333333333333     13606.207854396851      44
0.7144444444444441     14106.106889659179      46
0.7133333333333333     14453.996838812403      46
0.7188888888888888     14939.66327331218      47
