0.7144444444444444     12676.620726129473      42
0.7300000000000001     13999.055490314373      44
0.7299999999999999     14257.436091248419      45
0.7199999999999999     13342.68399065233      43
0.7399999999999999     16254.33093243709      48
0.7044444444444444     12201.510552120566      41
0.7155555555555553     13260.541136791728      43
0.7155555555555553     13262.33622760585      43
0.7033333333333333     12764.286097783755      43
0.7144444444444444     13294.437436278471      43
0.7099999999999999     13106.199378146397      43
0.7311111111111109     14816.384521376585      46
0.7022222222222222     12407.274795000141      42
0.7044444444444444     12940.317341764796      43
0.7022222222222219     13226.735590352639      44
0.7066666666666667     13307.762796390101      43
0.7033333333333329     13298.221426562484      45
0.71     13375.780976075435      44
0.7344444444444445     14927.63168193114      46
0.7144444444444444     13440.346732663571      44
0.7088888888888889     13553.135591476017      44
0.7199999999999998     13719.572880852676      44
0.7255555555555555     13773.992692122469      44
0.718888888888889     13700.929875671354      44
0.7300000000000001     14429.950330148331      45
0.7155555555555553     13651.201695231504      44
0.7199999999999999     14299.080781979323      45
