0.4755555555555551     32603.6626681522      69
0.5866666666666664     44624.6117018831      79
0.5788888888888889     42971.68654231645      77
0.48222222222222205     33657.18395429019      70
0.5555555555555552     37528.587717639435      74
0.5299999999999996     45404.34064119471      79
0.441111111111111     31623.485450396067      67
0.504444444444444     38870.23575143504      75
0.4877777777777774     38628.60383796024      75
0.571111111111111     47525.587077801596      84
0.5066666666666663     38589.02571620864      76
0.5177777777777774     41171.30189621885      78
0.433333333333333     40097.8527299187      77
0.3611111111111109     34358.87151518558      69
0.4699999999999999     45514.345386697736      81
0.4077777777777776     37810.22196745476      74
