0.918888888888889     8082.792029587512      29
0.9044444444444444     7266.123066929845      27
0.9244444444444445     8126.971770438645      26
0.9400000000000003     9086.897526309867      27
0.9166666666666667     8894.038846101557      29
0.8855555555555557     6330.319573999828      27
0.871111111111111     6430.635037206837      26
0.8688888888888885     6749.2040851190895      27
0.931111111111111     8643.363754371949      30
0.9433333333333336     9544.87804576695      30
0.862222222222222     6911.69778302806      26
0.9155555555555557     7880.66075447668      28
0.8822222222222221     7119.720616056114      25
0.8777777777777774     6844.4033894630875      27
0.9422222222222225     10196.908254745174      33
0.9100000000000001     7926.0066106513705      30
0.8766666666666667     7075.55887286102      26
0.9322222222222222     8992.057790065144      31
0.9022222222222221     7063.251747577938      27
0.9422222222222224     9989.225217914583      32
0.9077777777777781     8437.655345174568      31
0.8766666666666665     7425.164836094333      27
0.8833333333333334     7244.709810383989      29
0.8477777777777773     6140.63669315572      26
0.8588888888888885     6999.020641004395      26
0.8588888888888884     6893.087525302711      28
0.8177777777777775     5098.862769666493      24
0.7911111111111105     5093.522254151973      25
0.946666666666667     12913.18095499112      38
0.9233333333333335     8647.337661270973      30
0.8744444444444445     7134.597159539782      29
0.8666666666666661     6910.263765428504      27
0.9077777777777779     7417.4915189719295      28
0.8433333333333332     5799.294053866538      26
0.9444444444444448     11888.554453842995      36
0.9055555555555554     8413.236707284968      29
0.918888888888889     9726.793360922371      31
0.8122222222222218     6496.56973093133      27
0.8055555555555555     6361.074887124      26
0.9044444444444446     8799.8783290238      32
0.9411111111111115     10105.106194240574      30
0.8955555555555558     9026.793500645581      32
0.8111111111111108     6829.088154122772      29
0.9266666666666667     9768.200299967359      33
0.9077777777777778     9100.703964350765      33
0.812222222222222     7098.297075116946      28
0.9366666666666671     16305.722223077251      43
0.8922222222222221     8733.510573703106      32
0.8866666666666666     7318.565706846822      28
0.71     5927.382586770868      26
