0.8611111111111109     5914.816423604536      24
0.853333333333333     5206.897950243821      23
0.8344444444444443     5352.692804601405      24
0.8833333333333335     6028.12717344789      25
0.8766666666666666     6021.428432636929      26
0.803333333333333     5109.98187612474      24
0.8577777777777776     5749.1961162307025      25
0.8366666666666666     5510.016071181827      24
0.8722222222222221     5879.319373710218      25
0.8544444444444439     5605.842737176378      25
0.7699999999999996     4666.3705194260765      24
0.7588888888888885     4669.447522801306      24
0.9077777777777778     6898.825823382881      26
0.7988888888888884     4827.886030170958      23
0.8255555555555553     5272.502795176019      24
0.8900000000000001     6508.883491413377      26
0.8877777777777777     6408.4897892050085      25
0.833333333333333     5731.951254338629      24
0.9044444444444445     6511.055774071399      25
0.8444444444444443     6166.883246083883      25
0.8188888888888887     5114.277039516393      24
0.9166666666666669     7290.362965568234      27
0.9188888888888889     7667.966635272548      27
0.7533333333333332     5343.903504963258      27
0.9322222222222225     9315.783695640113      30
0.8388888888888888     5928.679865314376      25
0.8933333333333335     6864.069724508474      27
0.8511111111111108     5901.288016698275      26
0.8877777777777776     6352.983901543748      25
0.7388888888888886     4280.487789675189      22
0.888888888888889     6667.30971798101      27
0.7611111111111105     5637.345679966974      24
0.9177777777777778     7898.4684890580465      27
0.8277777777777774     5428.409377300722      25
0.8155555555555551     5776.687659773191      26
0.7688888888888881     5770.989059398667      27
0.7377777777777774     5536.060520457182      25
0.9188888888888892     10218.478546259426      33
0.7277777777777773     5421.782244223273      27
0.9188888888888889     8297.955119702703      29
0.8911111111111112     8032.41902924583      29
0.9188888888888891     8666.395980973628      31
0.8833333333333333     6713.660990655005      26
0.8122222222222221     6037.885267891075      25
0.8544444444444442     9523.49010890892      32
0.8422222222222218     8024.366006477895      32
0.7588888888888886     5772.074695991709      27
0.817777777777778     6608.555050776374      28
