0.8866666666666668     6834.808928161751      29
0.9166666666666665     8269.830955306421      28
0.9322222222222224     9358.009579853035      30
0.9100000000000003     8127.550844223043      30
0.8777777777777779     6590.0112599929535      27
0.8777777777777775     7381.138605258105      28
0.8866666666666668     8787.805239200045      31
0.8622222222222221     6572.825248330935      26
0.8866666666666665     7177.461887786832      27
0.8766666666666666     6248.260765262998      27
0.9311111111111113     9260.80212481303      31
0.8144444444444443     6824.489792197597      29
0.9211111111111111     7962.733052063427      30
0.9244444444444446     8739.921713025971      29
0.9244444444444445     8412.727872933445      31
0.888888888888889     6888.73975624231      28
0.898888888888889     8373.39086288976      32
0.9344444444444445     9043.595554177917      32
0.9288888888888891     8647.908627800569      31
0.8199999999999998     7043.773510385822      26
0.8688888888888892     6420.476486582042      28
0.9199999999999999     9999.664372396037      35
0.861111111111111     5664.184782253479      26
0.9177777777777781     9448.760816529388      32
0.9055555555555557     7112.883014310697      28
0.8766666666666665     6770.028343629321      26
0.8788888888888887     8926.696963699487      31
0.8600000000000002     8071.080813416971      32
0.8955555555555554     7330.853784962286      27
0.8900000000000003     7818.148048530153      32
0.87     6188.026066984601      27
0.9300000000000003     8763.99366269211      31
0.8655555555555554     6009.63868561146      27
0.9222222222222223     8237.88944169237      28
0.9300000000000002     9287.719217596177      30
0.8855555555555554     7075.170389257462      27
0.9311111111111113     9023.738584440162      32
0.9211111111111114     10660.795067911427      35
0.9000000000000004     9429.951861866068      32
0.9111111111111111     7613.261377809389      29
0.9100000000000003     10083.898850270438      35
0.9088888888888891     8593.367468453624      29
0.9166666666666665     7681.592186551762      26
0.8844444444444444     7549.35084607056      30
0.8144444444444441     7349.612045499823      31
0.7933333333333329     6512.309170640399      28
0.9222222222222222     11076.828889641165      36
0.9322222222222225     11350.167859121882      36
0.8522222222222218     6476.679302649999      28
0.7888888888888888     4621.600652889016      24
