0.231111111111111     6096.2441761892      37
0.22555555555555543     5812.52406821073      36
0.22222222222222207     5765.98003508617      36
0.23555555555555538     8181.876942040363      43
0.22444444444444425     7738.800924265922      42
0.2199999999999998     5463.950991961089      35
0.19222222222222204     3595.5955908669303      28
0.1999999999999999     3637.103904105356      28
0.22555555555555543     5764.312319576848      36
0.22555555555555543     7148.426907737563      40
0.23333333333333325     7139.798344326892      40
0.23444444444444434     7793.33716059139      42
0.231111111111111     7337.57165513009      41
0.23111111111111104     6193.689140406315      37
0.1966666666666665     3595.8302099202433      28
0.2088888888888887     5278.405720389597      34
0.22555555555555534     5525.743677290886      35
0.1877777777777776     2887.9122584771603      26
0.1866666666666665     5400.321072540373      35
0.19444444444444425     5407.327020032049      35
0.2088888888888887     4989.432183200324      33
0.18888888888888872     3505.8855541479124      28
0.2166666666666665     4403.362033550552      31
0.22444444444444425     5186.792134245247      34
0.22222222222222204     4740.3631188482295      32
0.17999999999999983     3771.6386250030937      29
0.1988888888888887     4870.309300969256      33
0.21666666666666645     4112.233737841396      30
0.23111111111111104     7881.7655974001445      42
0.16444444444444434     2302.8499025496367      23
0.20444444444444426     3850.6874763081587      29
0.22222222222222215     7486.367498727328      41
0.17888888888888874     3501.590051563196      29
0.17666666666666642     4496.377799566666      32
0.20777777777777762     4003.316562838814      30
0.20333333333333317     6075.042234664493      37
0.21111111111111092     4307.964107898872      31
0.1733333333333332     2925.4603017915283      26
0.21333333333333312     7103.63280272334      40
0.16666666666666644     2697.882061743862      25
0.1766666666666665     3186.439277799123      27
0.13333333333333325     2381.7311603920084      23
0.16333333333333316     2918.1574171913953      26
0.221111111111111     6768.875789647114      39
0.23111111111111093     6468.514394927255      38
0.13555555555555546     2665.494211813269      25
0.14555555555555535     2916.2746757224145      26
0.23555555555555538     8186.539225799494      43
0.24111111111111094     8434.89588133896      43
0.1299999999999999     2075.2639723699863      22
