0.1477777777777777     26591.53179815742      74
0.13777777777777775     24705.601029261365      73
0.1133333333333333     21593.86877719331      66
0.14222222222222217     25008.975992249147      71
0.14333333333333328     27276.201409557823      75
0.13555555555555548     23595.06365036015      69
0.11777777777777773     23123.100307921955      70
0.13333333333333328     26949.080139187452      75
0.12777777777777768     23827.43954528693      70
0.13777777777777772     28388.39216487848      76
0.131111111111111     26971.501439005002      75
0.12333333333333327     25210.73477539604      72
0.15222222222222215     27999.64510159653      78
0.12222222222222218     26873.63535483394      75
0.14999999999999997     29027.001459224495      77
0.13444444444444437     30071.09817653854      79
0.11999999999999994     24323.918881607075      72
