0.7788888888888887     7999.805733740308      35
0.7344444444444443     8348.118700020854      33
0.8055555555555556     12073.279106257047      41
0.7555555555555556     8768.875302135326      34
0.8033333333333329     10869.241286429067      41
0.7522222222222222     7588.436507625884      35
0.7333333333333333     7958.602920970586      32
0.7999999999999998     9297.373735561461      38
0.7877777777777777     8900.280140554947      37
0.7433333333333333     7334.148648024775      34
0.7933333333333332     10491.292751547082      41
0.8033333333333329     11970.109808619656      43
0.7533333333333333     8166.729574743629      36
0.6722222222222218     6970.869980359828      30
0.7211111111111113     6158.584390330286      31
0.7899999999999999     11355.654236457045      40
0.7899999999999999     12411.542735227576      42
0.6511111111111108     5394.299538107016      29
0.6877777777777778     6737.002817195617      32
0.7877777777777777     10573.004131199783      41
0.7822222222222223     8980.05781900401      37
0.7155555555555553     6861.2528768816555      33
0.811111111111111     12457.755107689643      42
0.8099999999999997     14220.252663346902      45
0.7844444444444445     12457.462458844617      44
0.666666666666666     6408.043045365985      32
0.7133333333333333     7602.8763962918865      35
0.7888888888888886     13074.690398263028      45
0.69     7407.690752417824      35
0.6877777777777776     7043.918938274812      33
0.7699999999999998     8209.72795148701      36
