0.7677777777777777     8404.20507045863      33
0.7977777777777775     11127.154785129105      39
0.7977777777777775     11217.77157148025      39
0.7266666666666665     7782.489283678912      35
0.7522222222222222     8521.1827928073      37
0.7799999999999998     9114.089837829113      38
0.741111111111111     8268.485723345424      33
0.7966666666666666     11006.611634736157      38
0.6866666666666669     6380.481512085973      32
0.7866666666666664     9893.42771191848      36
0.7866666666666665     9838.730691981735      39
0.7566666666666667     8583.053918064168      37
0.8166666666666667     11278.16411137652      39
0.7133333333333332     7831.571592022418      32
0.683333333333333     5706.693756490418      30
0.7811111111111111     9559.110651098892      35
0.7266666666666665     8178.917290999047      36
0.7955555555555557     10252.28118561067      37
0.6955555555555557     7836.493943430648      32
0.6966666666666665     8264.615372713104      33
0.7866666666666665     10708.238905783794      41
0.706666666666667     8358.915850247959      33
0.6811111111111111     6265.914697045076      31
0.7199999999999999     7413.204753086764      34
0.6733333333333328     5999.138084686406      31
0.8166666666666667     13190.065894666644      43
0.7977777777777778     12479.99656358974      41
0.7255555555555553     8035.670788256876      36
0.6433333333333326     4836.163787831495      28
0.6899999999999997     6431.793025425079      32
0.7488888888888887     9599.674747095447      36
0.6511111111111108     8356.12206157417      36
0.7755555555555556     10418.650752159732      40
0.6544444444444442     8787.229577499742      38
0.7966666666666666     14993.562241342637      46
0.7666666666666664     11147.276017518972      39
0.7500000000000003     11422.670531843114      42
0.6977777777777774     9465.62669181538      36
0.7188888888888888     10023.7442976636      40
0.731111111111111     10454.707888226472      41
0.7455555555555556     10962.543273374205      42
0.7111111111111115     9548.52791556164      36
0.7811111111111112     12953.99871919844      43
