0.758888888888889     7727.17966436336      34
0.7722222222222218     7862.557650712508      34
0.7677777777777779     8126.355326522854      35
0.7977777777777777     9374.798575698074      38
0.7566666666666669     7605.99261769424      34
0.8155555555555555     11169.700708452676      38
0.7644444444444445     8561.063525803098      36
0.8033333333333329     9670.151843933483      38
0.8144444444444443     11336.166919226676      42
0.7966666666666665     10461.712237225569      37
0.7811111111111108     8575.08164140173      33
0.8077777777777776     9920.839902613037      39
0.8099999999999998     10820.487890750259      38
0.8122222222222221     9942.70828885464      39
0.7899999999999999     9408.749505710202      38
0.693333333333333     6003.7762614208195      30
0.7966666666666665     11438.620352483249      42
0.7011111111111111     6152.0163588022      30
0.8166666666666667     13997.96029794948      44
0.8155555555555553     13656.989441195445      44
0.8166666666666667     15553.209110695278      47
0.6199999999999996     5024.828795152093      28
0.7833333333333334     10383.136266830583      37
0.6199999999999996     5676.437066026197      30
0.8122222222222221     12036.867774340384      43
0.7811111111111109     9714.482430921975      36
0.7522222222222222     6261.40361763159      31
0.7733333333333335     10234.595971885554      37
0.7666666666666667     8854.316023202178      37
0.7844444444444443     10221.806577020372      40
0.7699999999999999     10619.479243180227      38
0.6799999999999999     5933.935156423995      30
0.7733333333333334     11271.573854129645      39
0.7811111111111108     12721.399822802303      42
0.7522222222222222     6317.617924907544      31
0.7633333333333332     9308.279543020602      35
0.7966666666666666     13972.41219394567      47
0.7655555555555554     12659.370439353928      42
0.7600000000000002     8197.733656029346      35
0.7211111111111114     7241.769276309863      33
0.7566666666666667     10373.17799547603      40
0.6888888888888889     7521.290291893629      35
0.7433333333333332     8028.78082379129      35
