0.7655555555555557     9458.437945087906      35
0.7666666666666668     9542.118634598817      35
0.7566666666666667     8163.708849394127      36
0.7099999999999999     6429.262814528757      32
0.7588888888888888     8526.607469937077      37
0.7144444444444443     7497.55938943351      31
0.7377777777777776     6867.986480303681      33
0.7866666666666667     10166.973925301965      37
0.7477777777777778     7072.5369780730125      33
0.75     7872.523484247625      35
0.7655555555555555     8608.661382270906      37
0.7288888888888889     6791.069709244468      33
0.7111111111111108     6444.905663068309      32
0.7788888888888889     9922.45218228781      39
0.7766666666666668     8685.18909988031      36
0.7866666666666667     10665.926902796718      38
0.801111111111111     10312.145131283876      40
0.6655555555555551     5330.619143816026      29
0.8111111111111111     11719.077134478304      40
0.8055555555555554     10830.114851848699      41
0.6011111111111109     5228.694017150756      29
0.45222222222222214     4697.589821320366      28
0.8144444444444445     15013.657323754203      46
0.6655555555555551     5598.583760413359      30
0.771111111111111     9266.180841675328      38
0.7188888888888888     8665.35081124727      34
0.6988888888888887     6024.413185469202      31
0.7522222222222223     9073.052092273301      34
0.7999999999999998     10444.606125549662      40
0.8055555555555554     11836.697870748234      43
0.718888888888889     7889.238095837967      35
0.7788888888888889     10541.238802158465      40
0.7544444444444444     8163.588323273745      35
0.7533333333333335     8862.44090855839      37
0.7177777777777777     6647.971690370944      32
0.6933333333333331     6454.53010047277      32
0.8044444444444442     11512.543061069357      42
0.6755555555555555     5645.099613660857      30
0.7777777777777776     9272.125647881112      38
0.6     5912.1761186484555      31
0.7311111111111109     9686.62092905931      39
0.713333333333333     7595.072590616438      35
0.6955555555555555     6679.8752468231905      32
0.6244444444444445     6281.137982634932      32
0.6911111111111112     7906.802695747943      36
0.5988888888888887     5423.569849842211      30
0.7433333333333334     11875.406450142435      41
