0.8022222222222222     8369.0254853551      35
0.761111111111111     7612.79074248996      34
0.7444444444444444     7556.359958256745      34
0.7799999999999999     8376.013439331775      35
0.8211111111111111     12414.18161773589      41
0.613333333333333     5554.759595746572      30
0.7866666666666664     9282.135678288234      37
0.7144444444444445     6173.415858292414      31
0.8144444444444445     10640.177264924798      37
0.6499999999999999     6477.19193216115      31
0.7077777777777778     7907.613570090329      32
0.6577777777777776     6287.161402028405      32
0.7633333333333333     7963.37268989241      34
0.6477777777777775     5583.539326833663      30
0.7055555555555556     6981.561239585643      33
0.8266666666666668     12895.218011236135      42
0.7799999999999999     8662.962462561922      36
0.7644444444444444     8074.296038557476      35
0.7766666666666666     8425.049124370753      35
0.6555555555555552     7106.166305791231      30
0.678888888888889     6294.38113808037      32
0.632222222222222     6944.233315233808      30
0.8077777777777779     11887.561095867353      40
0.8144444444444445     11910.160053616282      40
0.604444444444444     5226.4540898674595      29
0.6244444444444441     5849.83840777223      30
0.7288888888888886     7122.015350629177      33
0.5833333333333327     6437.61596353624      29
0.5788888888888885     6180.920006587946      32
0.7077777777777778     8311.835263732639      33
0.731111111111111     8015.656482213619      35
0.6633333333333332     7031.767119158734      34
0.7733333333333333     8222.4364358626      35
0.7222222222222221     7600.794607537527      34
0.7022222222222221     7110.9234292746705      34
0.646666666666666     6540.99051775088      32
0.7799999999999999     9017.718268502013      37
0.8211111111111111     13478.835988999903      43
0.6888888888888889     7585.432619124558      35
0.632222222222222     6958.440165230833      30
0.7477777777777778     8305.70953803536      35
0.7733333333333333     9178.457101510314      37
0.6588888888888889     6986.953951737028      33
0.8088888888888889     13612.345827127643      43
0.731111111111111     9003.269354297858      37
0.602222222222222     7534.618125158335      32
0.5611111111111107     5968.576139065619      31
0.6877777777777776     7067.815080341307      34
0.7011111111111109     8276.286308800065      36
0.8011111111111109     9347.622989998492      37
