0.5544444444444444     31881.21744253314      82
0.5244444444444444     31401.990084712706      82
0.4899999999999999     31427.665823844214      82
0.5400000000000003     32183.129275255164      83
0.5322222222222223     31504.2411363712      82
0.5111111111111111     31432.6631350731      82
0.5077777777777779     31443.54421242955      82
0.5244444444444444     31642.062376619848      82
0.5466666666666666     32198.211125580605      82
0.5377777777777779     32094.190095787562      82
0.5055555555555555     31577.046601461545      82
0.5344444444444445     31958.376054857017      82
0.5366666666666668     32683.516572780245      82
0.5188888888888891     31818.624278928193      82
0.4844444444444445     31246.287911835956      82
0.5366666666666666     32405.413883353613      82
