0.6544444444444442     4185.417820983907      30
0.6122222222222222     4029.3130161389963      30
0.7100000000000001     6655.779672197386      38
0.6277777777777777     4405.964444651932      31
0.5977777777777776     3525.62133623309      28
0.7133333333333336     6826.1568457024105      38
0.5788888888888888     3728.803932484146      29
0.6244444444444444     4426.058125723079      31
0.6677777777777778     4506.553878845672      31
0.6788888888888889     4878.856149109567      32
0.7100000000000002     6690.720562799334      38
0.6088888888888888     3914.4312856667552      29
0.6644444444444445     4624.774663004938      31
0.6233333333333332     4101.455689325884      30
0.7066666666666668     6084.862883816573      36
0.6755555555555555     5320.690182420928      34
0.6677777777777777     4943.510366053773      33
0.6044444444444442     4029.308436608606      30
0.6211111111111111     4365.010267776787      31
0.7155555555555558     8433.297417177917      43
0.7022222222222225     5402.171233767499      34
0.6588888888888887     5245.230532597497      34
0.5955555555555555     3813.797900301069      29
0.6844444444444445     5892.718871365602      36
0.5822222222222222     3935.4133165396674      30
0.6155555555555553     4560.794900068667      32
0.5777777777777777     2949.840213012642      25
0.662222222222222     5524.397983898847      35
0.6266666666666664     4615.558353688836      32
0.6844444444444445     6173.217142062464      37
0.5388888888888888     3474.1825068563426      28
0.6544444444444442     4906.7307796318155      33
0.61     4139.085205964415      30
0.5388888888888889     4016.562349379561      30
0.5788888888888886     4263.503645402031      31
0.6044444444444441     4752.483492420634      32
0.6677777777777778     6157.0922519706555      37
0.4777777777777777     3608.087201066323      29
0.7133333333333336     7113.175921508467      39
0.6222222222222221     5350.556135695868      35
