0.20444444444444432     21465.102896657147      60
0.19333333333333322     19841.19873724779      58
0.2022222222222221     20642.367618047905      58
0.19888888888888875     20952.748863353805      58
0.19333333333333322     20150.847038133492      57
0.19555555555555543     20807.124760369712      58
0.1922222222222221     18303.265981559853      55
0.19888888888888873     21529.05311542779      59
0.1922222222222221     20290.051545999515      57
0.19333333333333322     21527.164057666094      59
0.191111111111111     20226.699213524804      58
