0.8222222222222223     19077.693001518197      51
0.8144444444444444     18310.60688267413      50
0.836666666666667     20210.76745907233      52
0.8177777777777778     18979.221230370877      51
0.8288888888888891     19135.50123169294      51
0.8344444444444448     19472.516168070633      51
0.8266666666666669     19127.38376646816      51
0.826666666666667     19292.351346917992      51
0.8344444444444449     19910.376794441097      52
0.8255555555555558     19165.279951187626      51
0.8377777777777782     20751.65477375605      53
0.8388888888888894     22291.398398387984      55
0.8411111111111116     24565.98688084696      58
0.8388888888888894     23013.14436988811      56
0.8388888888888894     23742.37071028313      57
