0.8266666666666669     19885.591146257688      52
0.8333333333333336     20735.54217342653      53
0.8388888888888891     21902.47478811925      54
0.8344444444444447     20882.528737177232      53
0.8322222222222224     20723.823269978366      53
0.8377777777777781     20996.928415474173      53
0.8377777777777781     21497.982262824324      54
0.8377777777777781     21748.130542935476      54
0.8411111111111115     22635.29466889827      55
0.8244444444444446     23892.650298133125      51
0.8388888888888891     22435.191268722767      55
0.8133333333333335     24003.55556482178      51
0.8333333333333336     21347.586760107555      53
0.845555555555556     22776.7500967733      55
0.7966666666666669     23373.74173712945      50
0.7988888888888893     23433.098606459567      51
0.8266666666666669     25108.990400793442      53
0.8411111111111114     26220.489568464836      54
