0.9400000000000004     18261.38010963927      50
0.9455555555555559     19039.880386169774      51
0.9466666666666671     19109.105575619786      51
0.9466666666666669     19088.057636530757      51
0.9233333333333336     16876.505810190818      48
0.9433333333333337     18442.992879443224      50
0.9400000000000003     18285.445243746795      50
0.9333333333333337     17519.020731514272      49
0.9400000000000003     18327.39639209705      50
0.9488888888888893     19200.341465901423      51
0.9422222222222225     18371.087953649225      50
0.936666666666667     17632.041233499735      49
