0.742222222222222     7362.61230342875      30
0.7722222222222224     8177.0239033861235      32
0.7788888888888889     8623.918840874563      33
0.768888888888889     8144.80031518806      32
0.7588888888888887     7798.218446480816      31
0.7677777777777777     7872.440165283018      31
0.8355555555555557     13342.922405418265      44
0.7688888888888888     7873.847089909523      31
0.828888888888889     12901.329238196315      43
0.8266666666666667     13234.787331913556      43
0.8133333333333335     10101.39242087063      36
0.8133333333333335     10398.399114749824      37
0.768888888888889     8346.299052871258      32
0.7344444444444443     6893.830560693095      29
0.8100000000000002     11746.789703788992      41
0.7766666666666665     8576.637879275931      33
0.732222222222222     6947.201173754467      29
0.7688888888888891     8355.22623983979      32
0.7277777777777779     6874.391800217487      29
0.7911111111111111     8640.626134270788      33
0.7844444444444445     9138.804381725138      34
0.7622222222222222     7914.980495217119      31
0.7822222222222224     8812.801782353432      33
0.7655555555555557     7989.535372674378      31
0.7022222222222222     6126.053143800113      28
0.7733333333333332     8406.863787968388      32
0.7655555555555555     8115.315692695838      32
0.7744444444444446     8569.725109323354      33
0.7733333333333331     8494.590291223281      33
0.7599999999999999     8083.499257903656      32
0.7588888888888887     8038.668585784584      32
0.7877777777777777     9161.958479596553      34
0.7566666666666667     7644.444395242965      31
0.7822222222222223     8680.654012656807      33
0.7722222222222225     8397.273445322233      32
0.7955555555555557     9583.340595802481      34
0.74     6950.666133759316      29
0.7788888888888886     8943.549645956136      34
0.7744444444444445     9398.900865476844      35
0.7722222222222224     8458.3472500882      33
0.7555555555555554     7462.521807540708      30
0.7600000000000002     8119.230375055309      32
0.7733333333333335     9066.235511222383      34
0.7366666666666667     7002.634636985782      29
0.7333333333333332     7080.524433280221      30
0.7800000000000004     9619.758571744092      35
0.7577777777777778     8048.753399788647      32
0.7555555555555554     7766.083243671519      31
0.7688888888888891     8677.821582840957      33
0.7633333333333333     8137.629542708773      32
