0.8266666666666669     12165.608053202553      40
0.7944444444444446     10441.035994906746      38
0.8066666666666669     10656.88408129709      38
0.8344444444444447     13394.218932241309      43
0.7922222222222223     10062.281924948928      37
0.7933333333333334     10513.81141640853      38
0.7199999999999999     6922.546518756046      30
0.8333333333333335     12963.418414792262      42
0.778888888888889     9370.02908336206      35
0.8088888888888889     10657.401506199238      37
0.7511111111111111     7821.498688484964      32
0.7844444444444443     9555.533494084797      36
0.762222222222222     8119.3742113676      33
0.7022222222222221     6417.409588403668      29
0.7977777777777779     10808.168769708142      39
0.7900000000000001     9591.000043580572      36
0.7788888888888887     9242.704492927489      35
0.8155555555555558     10895.832971198064      38
0.7477777777777777     7515.3257310669505      31
0.778888888888889     9363.638772958913      36
0.818888888888889     12290.415798822034      41
0.7755555555555556     8446.662789587821      33
0.7311111111111109     7132.368756343379      30
0.738888888888889     7495.878667477396      32
0.7677777777777778     8612.429881166643      34
0.7077777777777776     6783.085706870626      30
0.7877777777777777     9668.294003804542      36
0.7611111111111111     7881.564291191305      31
0.7344444444444443     7430.175035620109      31
0.7333333333333332     7800.554978140906      32
0.7711111111111112     9104.823062682508      35
0.7722222222222224     9393.604274470428      36
0.7322222222222221     7353.062911180272      31
0.8300000000000003     12503.501317471375      41
0.7111111111111111     6817.186902396806      30
0.75     7822.260205748003      32
0.7033333333333333     6774.168011294291      30
0.771111111111111     9159.504427345728      35
0.7377777777777779     7949.37753822004      32
0.7022222222222221     6869.488813169538      30
0.731111111111111     7292.715722327779      31
0.8400000000000003     14019.96515083717      44
0.7199999999999999     7190.784304301995      31
0.8377777777777778     13491.440285162236      42
0.7533333333333332     8598.063201042081      34
0.7866666666666666     9975.730309107224      37
0.8233333333333335     12725.125595177187      42
0.8177777777777778     11962.28459041109      40
0.8144444444444444     11459.207808531488      39
0.7455555555555557     8975.361715151746      34
