0.7677777777777777     8100.8157816725525      32
0.7533333333333331     7665.277948030937      31
0.7944444444444445     9326.074894374595      34
0.823333333333333     10487.051631569504      36
0.7777777777777773     8427.430006069975      33
0.7488888888888888     7235.591229173489      30
0.7744444444444442     8425.936488219018      33
0.7500000000000001     7431.930202231549      31
0.7511111111111111     7752.780952635145      32
0.7988888888888891     9393.31998489976      35
0.7344444444444443     7023.40941876649      30
0.7911111111111111     9281.783366169064      35
0.8033333333333331     9943.447703826474      36
0.7555555555555555     7917.985979617395      32
0.8011111111111111     9776.178240049692      36
0.7522222222222222     7827.464118400352      32
0.7399999999999998     7287.628595643601      31
0.8177777777777776     10473.7400853857      37
0.7644444444444445     7929.40914939293      32
0.7577777777777776     7985.530402537759      32
0.7877777777777778     8616.222795709566      33
0.783333333333333     9224.169598979617      34
0.7577777777777777     8175.288666610802      33
0.7811111111111111     9087.778780363704      34
0.7577777777777777     8238.757149992462      33
0.7277777777777779     6884.487399522335      29
0.7366666666666664     7275.642365835076      31
0.7533333333333332     7918.991867194765      32
0.8155555555555554     10023.261853422842      35
0.7188888888888887     6366.236266896979      28
0.7899999999999999     9590.929440728223      36
0.7533333333333331     7979.269215042033      32
0.7711111111111109     8365.463459702845      32
0.8199999999999997     10512.73551843786      37
0.7611111111111108     8325.94961136534      32
0.7655555555555553     8397.95561685811      33
0.791111111111111     9758.680530488256      36
0.75     7934.960869348866      32
0.7788888888888886     9095.246034122836      34
0.7399999999999997     7346.765654823682      31
0.8011111111111112     9994.987134851359      36
0.7422222222222221     7640.674181834563      32
0.7366666666666662     7632.735941731528      32
0.7766666666666665     9056.52815666489      35
0.7633333333333332     8258.374278699275      33
0.7888888888888886     9723.748009758983      36
0.7344444444444441     7026.2864231541735      30
0.7866666666666666     9510.769724523068      36
0.7644444444444443     8769.365436359118      33
0.7755555555555556     9085.183673818918      35
