0.713333333333333     6614.456016262843      29
0.7722222222222221     8781.963648826746      34
0.7255555555555554     6995.824690790282      30
0.7255555555555555     7369.113532199245      31
0.7711111111111111     8649.915015113638      33
0.7688888888888888     8442.074582817771      33
0.7355555555555555     7623.798517964539      32
0.7999999999999999     11432.651409642838      39
0.7666666666666664     8456.281874001124      33
0.7944444444444443     10844.816924966986      39
0.7233333333333332     6992.58537267279      30
0.811111111111111     11582.627229643165      40
0.7477777777777775     7629.956289783733      31
0.761111111111111     7700.296299539534      31
0.721111111111111     6723.498916648753      29
0.7899999999999998     9416.332888264606      35
0.792222222222222     10152.946531184394      37
0.7855555555555555     9659.222185958648      36
0.7844444444444442     9237.271959541902      35
0.7877777777777777     9929.590380592528      36
0.7988888888888884     12158.16537773519      41
0.7822222222222222     9318.119437455078      35
0.7933333333333332     10177.946453871751      37
0.7711111111111107     8603.464210072465      34
0.7099999999999997     6552.455268183584      29
0.723333333333333     7704.477689647007      31
0.7822222222222222     9650.877252589247      36
0.8111111111111108     12285.85057277726      40
0.7199999999999998     7756.003151569553      33
0.7922222222222222     10186.89656116218      37
0.7177777777777776     7370.120157433517      31
0.7688888888888888     8744.450091863691      34
0.782222222222222     8950.695186045607      34
0.7644444444444443     7795.935230954358      31
0.7644444444444444     8450.413988127691      33
0.7755555555555554     8946.257472997007      34
0.7588888888888884     8595.989111192961      34
0.713333333333333     6885.397857196006      30
0.7377777777777773     7784.726814037969      32
