0.8122222222222223     12102.00951105722      41
0.8400000000000005     12850.9200772235      42
0.8400000000000003     14788.189590350097      46
0.8200000000000002     12170.033083903807      41
0.7677777777777776     9903.881382424948      37
0.8055555555555554     11615.214012112385      40
0.7833333333333333     10524.937282704415      38
0.7888888888888888     10655.255922469769      38
0.8277777777777782     12368.073084232425      41
0.8066666666666666     11972.586955038958      41
0.7566666666666666     9881.411243943947      37
0.8355555555555558     13849.157791741267      44
0.8244444444444444     12677.1576610603      42
0.7366666666666665     9519.465075167516      37
0.783333333333333     10853.082767784683      39
0.7566666666666662     9800.335710764994      37
0.778888888888889     9927.550851949532      37
0.7666666666666668     10120.062307168484      37
0.8311111111111114     13743.688880240596      44
0.8044444444444445     10943.383225664356      39
0.8266666666666668     13233.40321650236      43
0.8088888888888887     12026.158645193384      41
0.8211111111111111     12602.127989969345      42
0.7666666666666665     10456.667559736552      38
0.8344444444444448     13844.412422504221      44
0.7933333333333331     10998.579627346231      39
0.7522222222222221     9786.11950173627      37
0.8166666666666665     12182.126205290378      41
0.7922222222222223     11029.647795815337      39
0.7333333333333333     9806.84199555994      38
0.783333333333333     10939.466071903731      39
0.8099999999999999     12091.77162734623      41
0.7799999999999997     10548.936769271215      38
0.7822222222222224     10557.673300116538      38
0.8177777777777777     12385.542684652508      41
0.7255555555555554     9779.246614114323      37
0.8044444444444443     11393.587339019043      40
0.7866666666666665     11063.281463697018      39
0.8233333333333337     12908.087849615375      43
0.8355555555555558     13998.222650625748      44
0.7733333333333332     10533.316203617136      38
0.7644444444444444     10106.466183317147      37
0.8133333333333331     12143.35038479489      41
0.8311111111111114     14167.538313540865      45
0.7966666666666666     11281.744433712307      39
0.8222222222222223     13184.092692041799      43
0.8166666666666665     12565.487427403923      42
0.8044444444444442     11930.668153525994      41
