0.8255555555555556     12094.856812420701      40
0.8277777777777777     11965.240855057335      41
0.8633333333333333     14162.31684735517      43
0.8099999999999996     12166.389303280057      39
0.8511111111111114     14122.976827755841      41
0.8488888888888888     14874.068842814622      44
0.8333333333333335     12687.219756893075      42
0.865555555555556     15254.220153339176      42
0.8266666666666667     11846.617113774693      40
0.8544444444444443     13875.480664058468      44
0.8455555555555555     13842.543794323194      44
0.8622222222222224     14267.856808561606      40
0.8400000000000001     12829.87328680578      41
0.8600000000000002     17186.460701816315      44
0.827777777777778     14015.737110270558      41
0.8433333333333334     12421.837217611663      42
0.837777777777778     14734.302377120533      41
0.8099999999999997     12106.767790743404      39
0.8555555555555557     14454.256754898772      42
0.8166666666666663     12472.017746926263      40
0.833333333333333     12479.991716913379      39
0.82     11673.966871210527      41
0.847777777777778     13655.982989863882      42
0.8733333333333337     15728.934839040905      45
0.8755555555555559     15470.587014068758      44
0.8411111111111111     12924.065502296553      40
0.85     16283.19938454983      46
0.8566666666666668     14010.425413148112      42
0.8511111111111112     13978.26105306281      43
0.7777777777777779     11067.122032296593      37
0.8577777777777779     14217.901583315897      44
0.8355555555555555     11987.69464196071      41
0.7411111111111109     9710.282011147925      37
0.8655555555555559     15118.563152584786      45
0.7688888888888886     9860.618414497916      37
0.8644444444444446     14675.95626394878      45
0.8177777777777777     14962.500625060364      44
0.8255555555555555     12197.137415705054      39
0.8800000000000003     16443.687330568384      46
0.8066666666666668     11291.050850051603      40
0.8444444444444446     13420.885935085056      42
0.8844444444444448     15768.383705495417      43
0.7911111111111112     11108.185817672813      40
0.8666666666666668     16721.850776056148      48
0.7366666666666667     10867.807500536614      39
0.7811111111111111     11499.759028648825      37
0.8044444444444443     10729.05742191063      39
0.7477777777777772     10913.56603081434      39
0.8700000000000003     17911.208992835884      46
0.8222222222222223     11514.715326832089      38
