0.8766666666666669     15186.07807148637      43
0.8800000000000001     15189.559429203655      43
0.8633333333333333     13615.83696760509      40
0.8933333333333335     18579.869110506075      46
0.8888888888888891     17175.933794838078      46
0.8844444444444448     16234.047156687255      45
0.8844444444444448     16274.608063387368      43
0.8711111111111114     14857.155262078053      41
0.8900000000000002     17680.527762040492      47
0.8655555555555557     13470.186837132067      41
0.8833333333333336     16116.138308100712      44
0.8955555555555558     18675.132021972353      48
0.8099999999999994     11639.300646262504      40
0.9000000000000004     19829.536600749492      49
0.8511111111111112     14631.075665743294      40
0.8011111111111111     11601.873935714959      38
0.8944444444444447     21416.103125623427      51
0.8366666666666668     14067.277901722322      41
0.886666666666667     16856.644387038617      45
0.8366666666666664     12140.750048753182      39
0.7966666666666664     10683.149429895606      37
0.8866666666666668     19280.80073327925      48
0.8311111111111109     12421.06979518019      39
0.877777777777778     15597.469085753957      42
0.8222222222222222     12228.749233772389      41
0.878888888888889     19933.73894941666      44
0.7777777777777775     11485.716791592356      40
0.8711111111111113     15501.780083272657      44
0.8911111111111114     23401.84093824276      54
0.867777777777778     14351.767957006356      42
0.8866666666666669     20381.707493411097      51
0.8044444444444439     12219.575949793638      39
0.8900000000000002     20402.427714531008      51
0.8666666666666669     14266.684600793044      42
0.8822222222222225     15548.082834819797      45
0.8588888888888887     15082.455746065421      43
0.8322222222222221     12634.249124148037      40
0.8844444444444448     20522.742537079674      47
0.8555555555555557     15844.217264128252      44
