0.9055555555555559     15877.852621050373      49
0.9288888888888893     17050.545211529243      51
0.888888888888889     15526.090552579573      49
0.9022222222222224     15691.663789835415      49
0.9422222222222227     19423.860942160733      54
0.888888888888889     15621.415225198081      49
0.8655555555555557     13760.30179605139      46
0.926666666666667     17081.17334106363      51
0.9244444444444448     16461.03825766853      50
0.9133333333333338     16003.16864907695      49
0.9344444444444449     17190.962232564256      51
0.9266666666666672     17347.18856492466      51
0.8566666666666668     15403.623335187252      49
0.9288888888888893     17655.713956652195      52
0.9300000000000006     18724.906473771003      53
0.934444444444445     19154.073300918513      54
0.9222222222222228     16027.131897149597      49
0.9200000000000002     17768.66614227686      52
0.905555555555556     17614.51646182571      52
0.9033333333333335     16308.352915012601      50
