0.7766666666666665     24011.96568949998      56
0.7777777777777776     24928.162164646852      55
0.7833333333333331     27270.880032411234      58
0.772222222222222     22064.8169253919      53
0.7766666666666665     24192.07615548528      56
0.7799999999999998     24198.29466465672      56
0.782222222222222     25677.364287835426      58
0.771111111111111     22735.668923582536      54
0.7811111111111109     24877.44157943431      57
0.781111111111111     24948.09856769435      57
0.7855555555555553     27819.44940408011      59
0.7644444444444443     22519.386967301754      54
0.782222222222222     26528.707996916382      57
0.7799999999999998     24274.284656800373      56
0.7766666666666665     24784.580006532255      57
0.7833333333333331     28001.665320595777      58
0.7888888888888886     31199.31710969652      60
0.782222222222222     25731.406443997876      58
0.7744444444444442     23893.936029672033      56
0.7677777777777776     22715.730731484287      54
0.782222222222222     27961.07484945205      59
0.7855555555555553     27480.676723977296      60
0.7855555555555553     31027.807313410412      63
0.781111111111111     25739.195594005843      58
